-0.06245347 0.08433383 2.163861 Tracked 66084797
-0.06490351 0.0846319 2.165078 Tracked 66084830
-0.06857348 0.08478537 2.166805 Tracked 66084865
-0.07200015 0.08524036 2.16895 Tracked 66084898
-0.0753001 0.08502814 2.171144 Tracked 66084930
-0.07927074 0.08543103 2.173627 Tracked 66084964
-0.08215367 0.08511797 2.176129 Tracked 66084997
-0.08668086 0.08541097 2.178273 Tracked 66085031
-0.09447 0.08873575 2.182582 Tracked 66085064
-0.09740168 0.08789193 2.183247 Tracked 66085097
-0.101169 0.08589108 2.183173 Tracked 66085131
-0.1056936 0.08229421 2.183878 Tracked 66085164
-0.1076383 0.08146888 2.182577 Tracked 66085197
-0.1107328 0.07496747 2.175693 Tracked 66085231
-0.1074665 0.07690008 2.162581 Tracked 66085265
-0.09327408 0.08928885 2.143088 Tracked 66085297
-0.0913871 0.09277944 2.138197 Tracked 66085330
-0.08996257 0.1002808 2.132665 Tracked 66085364
-0.09030724 0.1098179 2.126056 Tracked 66085397
-0.08977782 0.1136643 2.123335 Tracked 66085430
-0.0892386 0.1170122 2.120054 Tracked 66085464
-0.09010475 0.1185983 2.118003 Tracked 66085497
-0.09049925 0.1191011 2.117526 Tracked 66085530
-0.09686065 0.1140939 2.118311 Tracked 66085563
-0.1521726 0.09833497 2.13326 Tracked 66085597
-0.1260071 0.08918542 2.132242 Tracked 66085630
-0.1292379 0.08061218 2.139329 Tracked 66085664
-0.1340432 0.0758905 2.149075 Tracked 66085697
-0.1342229 0.07457107 2.15645 Tracked 66085730
-0.1336116 0.07962785 2.161836 Tracked 66085764
-0.133403 0.08183371 2.165322 Tracked 66085797
-0.1299218 0.08724623 2.168072 Tracked 66085830
-0.1231135 0.0879668 2.169327 Tracked 66085864
-0.1190492 0.0887575 2.170519 Tracked 66085900
-0.1144281 0.08870963 2.171215 Tracked 66085931
-0.1095381 0.08898224 2.171586 Tracked 66085964
-0.1040415 0.08840965 2.171289 Tracked 66085997
-0.1008713 0.08760772 2.170449 Tracked 66086030
-0.09595229 0.08566719 2.168578 Tracked 66086065
-0.09176243 0.08293971 2.167085 Tracked 66086098
-0.08633485 0.08111514 2.165812 Tracked 66086130
-0.08188502 0.07791533 2.163813 Tracked 66086164
-0.07543449 0.07391808 2.160628 Tracked 66086197
-0.06794867 0.07385562 2.157052 Tracked 66086231
-0.06563222 0.07944043 2.151926 Tracked 66086265
-0.06280418 0.07989192 2.143823 Tracked 66086298
-0.06214873 0.07580172 2.134219 Tracked 66086330
-0.06256852 0.07465501 2.125785 Tracked 66086364
-0.06186559 0.07337951 2.123066 Tracked 66086397
-0.06161807 0.07358763 2.11921 Tracked 66086430
-0.06096189 0.07376152 2.116303 Tracked 66086464
-0.0603817 0.07326815 2.115833 Tracked 66086497
-0.05933878 0.07404256 2.115644 Tracked 66086530
-0.05633683 0.07855409 2.117162 Tracked 66086564
-0.05621625 0.09082035 2.12299 Tracked 66086597
-0.05189114 0.07516263 2.131941 Tracked 66086631
-0.05215064 0.07447834 2.132859 Tracked 66086664
-0.0534388 0.0748048 2.134588 Tracked 66086697
-0.05600533 0.07629684 2.136227 Tracked 66086730
-0.06111857 0.07490433 2.13796 Tracked 66086764
-0.06835831 0.07512631 2.139067 Tracked 66086797
-0.07365567 0.07604191 2.140092 Tracked 66086830
-0.08299119 0.07970829 2.141507 Tracked 66086864
-0.09263157 0.08219685 2.143656 Tracked 66086897
-0.1008573 0.083969 2.144733 Tracked 66086931
-0.108466 0.08602107 2.145439 Tracked 66086964
-0.1177309 0.08615644 2.147454 Tracked 66086997
-0.1255849 0.08605425 2.150159 Tracked 66087030
-0.1331675 0.08564883 2.152291 Tracked 66087063
-0.1361054 0.08287146 2.152804 Tracked 66087096
-0.1349536 0.08093443 2.150161 Tracked 66087129
-0.1322591 0.08027016 2.144626 Tracked 66087163
-0.113146 0.09061926 2.122559 Tracked 66087196
-0.1092227 0.1037266 2.117417 Tracked 66087230
-0.1079883 0.1161239 2.115222 Tracked 66087264
-0.1074652 0.1254464 2.113181 Tracked 66087296
-0.1090314 0.1294635 2.113235 Tracked 66087330
-0.1098713 0.1309075 2.112404 Tracked 66087364
-0.1121268 0.1327263 2.111094 Tracked 66087396
-0.07798221 0.1430209 2.119515 Tracked 66087430
-0.07598899 0.1432195 2.11896 Tracked 66087464
-0.09465461 0.1396411 2.11885 Tracked 66087497
-0.09729121 0.1378459 2.119636 Tracked 66087531
-0.0966313 0.1364875 2.119575 Tracked 66087564
-0.1149607 0.09000634 2.143989 Tracked 66087597
-0.1174562 0.08126527 2.151526 Tracked 66087631
-0.1234521 0.07568371 2.161514 Tracked 66087664
-0.1259583 0.07165592 2.168328 Tracked 66087697
-0.1188337 0.09043549 2.171957 Tracked 66087730
-0.1169678 0.09258774 2.172235 Tracked 66087764
-0.1116233 0.09166253 2.170901 Tracked 66087798
-0.09867287 0.0841932 2.165849 Tracked 66087831
-0.09605508 0.08389802 2.164345 Tracked 66087865
-0.09213214 0.08349215 2.162401 Tracked 66087898
-0.09050449 0.08304974 2.160775 Tracked 66087931
-0.08903429 0.08265727 2.15947 Tracked 66087964
-0.08767421 0.08096079 2.157625 Tracked 66087997
-0.08649717 0.07719114 2.155217 Tracked 66088030
-0.08559626 0.07713662 2.153983 Tracked 66088069
-0.08480128 0.07648842 2.152781 Tracked 66088097
-0.08190197 0.07297508 2.150728 Tracked 66088130
-0.07912757 0.0716124 2.148527 Tracked 66088164
-0.07884502 0.07590779 2.144694 Tracked 66088198
-0.07674043 0.07961123 2.138336 Tracked 66088230
-0.07553881 0.08274686 2.12787 Tracked 66088264
-0.07499096 0.08534325 2.121432 Tracked 66088296
-0.07373096 0.08724212 2.115008 Tracked 66088330
-0.0722364 0.08789507 2.108028 Tracked 66088363
-0.07118896 0.09322966 2.102017 Tracked 66088396
-0.07065985 0.09501242 2.09946 Tracked 66088429
-0.07016847 0.09198191 2.097488 Tracked 66088463
-0.06964581 0.09096897 2.097532 Tracked 66088496
-0.06824579 0.08685961 2.099477 Tracked 66088529
-0.06542611 0.08303244 2.104276 Tracked 66088563
-0.06128792 0.07921009 2.110203 Tracked 66088596
-0.0522613 0.05814787 2.124077 Tracked 66088630
-0.05199572 0.05832393 2.124865 Tracked 66088664
-0.05233118 0.05861431 2.125383 Tracked 66088697
-0.0544362 0.0604433 2.126944 Tracked 66088730
-0.05781437 0.06215534 2.128474 Tracked 66088764
-0.06132179 0.06558847 2.129883 Tracked 66088796
-0.0649872 0.06883457 2.131115 Tracked 66088830
-0.0695549 0.07420788 2.132736 Tracked 66088864
-0.07463504 0.07787982 2.13323 Tracked 66088897
-0.07884373 0.07949842 2.132959 Tracked 66088930
-0.08455583 0.08172116 2.132563 Tracked 66088964
-0.09173964 0.08408234 2.131983 Tracked 66089000
-0.09740584 0.08444261 2.129473 Tracked 66089033
-0.1069241 0.08768722 2.12637 Tracked 66089065
-0.113202 0.08443736 2.121768 Tracked 66089098
-0.1194404 0.07834408 2.115925 Tracked 66089131
-0.1211652 0.06456399 2.10484 Tracked 66089165
-0.1210611 0.06727885 2.099101 Tracked 66089197
-0.115117 0.07770567 2.086769 Tracked 66089231
-0.1097573 0.08487473 2.076825 Tracked 66089264
-0.1056961 0.09234636 2.06989 Tracked 66089298
-0.09771197 0.1102831 2.048634 Tracked 66089330
-0.09739149 0.1107882 2.047337 Tracked 66089364
-0.09179981 0.09574521 2.03746 Tracked 66089398
-0.08960176 0.09516536 2.03326 Tracked 66089431
-0.08863754 0.09259686 2.032115 Tracked 66089464
-0.08308468 0.09239309 2.029718 Tracked 66089498
-0.08261593 0.09079786 2.03016 Tracked 66089530
-0.08044592 0.08537877 2.031005 Tracked 66089565
-0.06361283 0.06766525 2.044342 Tracked 66089597
-0.09519853 0.05499179 2.064378 Tracked 66089630
-0.1011736 0.05269513 2.071383 Tracked 66089664
-0.1059788 0.05433339 2.081205 Tracked 66089696
-0.109467 0.05749584 2.086644 Tracked 66089729
-0.1101529 0.05982864 2.090901 Tracked 66089764
-0.1089328 0.0620604 2.093984 Tracked 66089796
-0.1058782 0.06239697 2.096932 Tracked 66089830
-0.1036188 0.07007302 2.099578 Tracked 66089863
-0.1013626 0.07437499 2.10079 Tracked 66089896
-0.09779266 0.07637082 2.101922 Tracked 66089930
-0.09487557 0.07723466 2.102247 Tracked 66089964
-0.09052484 0.07665372 2.102441 Tracked 66090002
-0.08541473 0.07628266 2.101801 Tracked 66090032
-0.07759318 0.07509311 2.101299 Tracked 66090076
-0.07074048 0.06968464 2.099751 Tracked 66090098
-0.06098797 0.06717689 2.09944 Tracked 66090132
-0.05044583 0.06182806 2.100752 Tracked 66090165
-0.04208092 0.05840145 2.102781 Tracked 66090198
-0.03627867 0.05799452 2.10307 Tracked 66090230
-0.02947927 0.08233026 2.102496 Tracked 66090265
-0.02430992 0.0704152 2.098476 Tracked 66090298
-0.02440103 0.06457566 2.095265 Tracked 66090329
-0.0248125 0.06279925 2.091658 Tracked 66090364
-0.02540778 0.06257482 2.086742 Tracked 66090397
-0.02575961 0.05885737 2.080287 Tracked 66090430
-0.02722693 0.05867999 2.072737 Tracked 66090465
-0.0267922 0.06054143 2.068498 Tracked 66090497
-0.03284955 0.05920134 2.051198 Tracked 66090531
-0.03530369 0.05581846 2.048191 Tracked 66090564
-0.03897052 0.05416935 2.04871 Tracked 66090597
-0.02661298 0.04721756 2.061771 Tracked 66090630
-0.004334735 0.04219139 2.082458 Tracked 66090664
-0.001285952 0.04498234 2.083508 Tracked 66090698
-0.001559827 0.06018339 2.083835 Tracked 66090731
0.00120138 0.05511153 2.0878 Tracked 66090765
0.0006319495 0.05530328 2.087978 Tracked 66090797
-0.003826317 0.05614154 2.089375 Tracked 66090830
-0.01168081 0.05502886 2.091565 Tracked 66090864
-0.01813296 0.05342758 2.092709 Tracked 66090896
-0.02747464 0.05523884 2.093851 Tracked 66090931
-0.03297655 0.05803154 2.094309 Tracked 66090964
-0.03994004 0.06159519 2.094999 Tracked 66090996
-0.05209219 0.06770803 2.094822 Tracked 66091029
-0.06670847 0.07273825 2.095093 Tracked 66091063
-0.07783159 0.07600831 2.094417 Tracked 66091103
-0.09016179 0.07725386 2.093271 Tracked 66091130
-0.1032588 0.07938261 2.094135 Tracked 66091163
-0.1135997 0.07907913 2.094277 Tracked 66091197
-0.1260943 0.07452795 2.096273 Tracked 66091230
-0.1356096 0.07164089 2.09646 Tracked 66091264
-0.1426436 0.06595665 2.0981 Tracked 66091297
-0.1471122 0.06428462 2.098207 Tracked 66091331
-0.1512572 0.05596233 2.09731 Tracked 66091365
-0.1519323 0.05621936 2.096239 Tracked 66091397
-0.1519312 0.05944859 2.094609 Tracked 66091430
-0.1511009 0.06347375 2.092463 Tracked 66091465
-0.150652 0.06684755 2.089712 Tracked 66091498
-0.1503481 0.07032569 2.087682 Tracked 66091530
-0.1510182 0.07141247 2.086629 Tracked 66091565
-0.1517444 0.07261494 2.084803 Tracked 66091598
-0.1524491 0.07272623 2.083894 Tracked 66091630
-0.1550125 0.07192203 2.083399 Tracked 66091664
-0.1581685 0.06968641 2.083404 Tracked 66091698
-0.158 0.07132157 2.083903 Tracked 66091730
-0.1568949 0.08724861 2.089616 Tracked 66091765
-0.1558402 0.08249874 2.090393 Tracked 66091797
-0.1562506 0.08097025 2.090863 Tracked 66091830
-0.15491 0.07986932 2.090909 Tracked 66091864
-0.1470241 0.07282347 2.091311 Tracked 66091897
-0.1423833 0.07191151 2.091519 Tracked 66091930
-0.1358342 0.07257059 2.091849 Tracked 66091964
-0.1299569 0.07347839 2.093704 Tracked 66091997
-0.1203815 0.07272673 2.095943 Tracked 66092030
-0.1114783 0.07320289 2.097458 Tracked 66092064
-0.1015654 0.07330589 2.099084 Tracked 66092104
-0.09085628 0.07272278 2.100325 Tracked 66092131
-0.07909255 0.07255016 2.101965 Tracked 66092165
-0.06618303 0.068949 2.102221 Tracked 66092197
-0.05061167 0.06569552 2.104289 Tracked 66092229
-0.03968499 0.06640418 2.104729 Tracked 66092263
-0.02790687 0.06692079 2.104727 Tracked 66092296
-0.01154653 0.06932186 2.105946 Tracked 66092329
-0.005547584 0.08308379 2.103724 Tracked 66092363
-0.003043501 0.08879203 2.098855 Tracked 66092396
-0.0006783755 0.09747117 2.096937 Tracked 66092429
0.001676613 0.1041999 2.092531 Tracked 66092464
0.006422932 0.08669119 2.092485 Tracked 66092497
0.008400204 0.08415001 2.090507 Tracked 66092531
0.006772763 0.08214669 2.083726 Tracked 66092565
0.007642494 0.08131994 2.08362 Tracked 66092597
0.009497942 0.08032899 2.084904 Tracked 66092630
0.009981133 0.07921343 2.084836 Tracked 66092664
0.01132083 0.07720123 2.086575 Tracked 66092697
0.01262154 0.07504147 2.088148 Tracked 66092730
0.01488257 0.07108719 2.090328 Tracked 66092764
0.01557083 0.07893682 2.091687 Tracked 66092797
0.01620142 0.077863 2.092586 Tracked 66092830
0.01505423 0.07798371 2.093035 Tracked 66092864
0.009760355 0.07658308 2.092553 Tracked 66092898
-0.005465369 0.06993201 2.091671 Tracked 66092930
-0.01746652 0.0674101 2.089145 Tracked 66092964
-0.03935239 0.05985881 2.084098 Tracked 66092998
-0.04510523 0.06146954 2.083219 Tracked 66093031
-0.05801687 0.06639389 2.080691 Tracked 66093064
-0.07130028 0.07059223 2.080383 Tracked 66093098
-0.08552679 0.07164017 2.079708 Tracked 66093130
-0.1005417 0.0731069 2.080249 Tracked 66093164
-0.1146301 0.07469309 2.080894 Tracked 66093197
-0.1251195 0.07362524 2.082 Tracked 66093231
-0.1403562 0.07430993 2.08503 Tracked 66093264
-0.1531188 0.07417812 2.087124 Tracked 66093298
-0.1625582 0.07214868 2.087438 Tracked 66093330
-0.1735677 0.06925245 2.087166 Tracked 66093365
-0.1778934 0.06941239 2.086156 Tracked 66093398
-0.1836102 0.08878753 2.083312 Tracked 66093430
-0.1838638 0.08869459 2.081929 Tracked 66093464
-0.1857969 0.08457281 2.080387 Tracked 66093496
-0.1833315 0.09315477 2.073853 Tracked 66093529
-0.1825853 0.09577698 2.071125 Tracked 66093563
-0.1823443 0.09758972 2.068768 Tracked 66093596
-0.1821285 0.0984045 2.067126 Tracked 66093629
-0.1821232 0.09889332 2.066119 Tracked 66093664
-0.1830807 0.09860079 2.066102 Tracked 66093697
-0.1830024 0.09839128 2.065614 Tracked 66093730
-0.1834906 0.09744716 2.066944 Tracked 66093764
-0.1826949 0.09645654 2.070327 Tracked 66093798
-0.180834 0.09543958 2.07186 Tracked 66093830
-0.178542 0.09740879 2.077609 Tracked 66093864
-0.175867 0.1032289 2.081073 Tracked 66093898
-0.1751244 0.09577284 2.084597 Tracked 66093931
-0.1718761 0.09051979 2.087532 Tracked 66093965
-0.166718 0.08523019 2.090564 Tracked 66093998
-0.1629814 0.08256499 2.092859 Tracked 66094031
-0.1519503 0.07584576 2.094671 Tracked 66094064
-0.1454504 0.07295708 2.096749 Tracked 66094098
-0.1390379 0.07127377 2.097717 Tracked 66094131
-0.1287962 0.06993647 2.097006 Tracked 66094164
-0.1186082 0.06850297 2.096767 Tracked 66094197
-0.1059225 0.06675532 2.094818 Tracked 66094231
-0.09351332 0.06418795 2.092596 Tracked 66094264
-0.08177175 0.05944161 2.090505 Tracked 66094297
-0.0606758 0.0510444 2.090662 Tracked 66094330
-0.0497819 0.05057967 2.090122 Tracked 66094364
-0.03638487 0.05529752 2.08899 Tracked 66094397
-0.02693558 0.05903902 2.088295 Tracked 66094430
-0.02256062 0.070802 2.085941 Tracked 66094464
-0.01812246 0.07859674 2.084392 Tracked 66094498
-0.01523482 0.08404929 2.082748 Tracked 66094530
-0.01009587 0.09474444 2.08285 Tracked 66094564
-0.007837542 0.09708103 2.08304 Tracked 66094598
-0.006358988 0.09752525 2.083187 Tracked 66094631
-0.005596354 0.09768809 2.083414 Tracked 66094665
-0.004482653 0.09795282 2.084028 Tracked 66094698
-0.002933248 0.09878901 2.085538 Tracked 66094731
-0.001607119 0.09731901 2.08717 Tracked 66094763
-0.001773595 0.09673136 2.087919 Tracked 66094796
-0.001769926 0.09844743 2.090648 Tracked 66094829
-0.002003512 0.07225717 2.10024 Tracked 66094863
-0.002813104 0.07220891 2.100836 Tracked 66094896
-0.007696125 0.07148214 2.103304 Tracked 66094929
-0.01676311 0.07166358 2.1051 Tracked 66094963
-0.03002437 0.06664123 2.107246 Tracked 66094996
-0.04256447 0.0667737 2.110133 Tracked 66095030
-0.05527155 0.06641764 2.112693 Tracked 66095064
-0.07152469 0.0678741 2.114605 Tracked 66095098
-0.08652631 0.0716516 2.115421 Tracked 66095131
-0.10043 0.07232884 2.117918 Tracked 66095164
-0.1126128 0.07305063 2.119066 Tracked 66095198
-0.1253088 0.07558824 2.119673 Tracked 66095231
-0.1375387 0.07536343 2.120304 Tracked 66095264
-0.1505402 0.07408055 2.119914 Tracked 66095298
-0.1622455 0.07296783 2.118998 Tracked 66095330
-0.1751767 0.07308859 2.119027 Tracked 66095364
-0.1828782 0.07412182 2.117817 Tracked 66095398
-0.191092 0.07663077 2.114893 Tracked 66095430
-0.1929252 0.08453413 2.110802 Tracked 66095465
-0.1942244 0.09645508 2.106612 Tracked 66095498
-0.1945195 0.09587807 2.105785 Tracked 66095531
-0.1949654 0.0956545 2.104127 Tracked 66095565
-0.1952593 0.09444996 2.101775 Tracked 66095598
-0.1958178 0.09393264 2.099891 Tracked 66095630
-0.1962837 0.09402715 2.098377 Tracked 66095664
-0.196626 0.09421137 2.096068 Tracked 66095697
-0.1967758 0.09586383 2.093883 Tracked 66095730
-0.1969745 0.09708795 2.093606 Tracked 66095764
-0.1970946 0.09725008 2.093624 Tracked 66095797
-0.1971487 0.09753447 2.093508 Tracked 66095831
-0.1959996 0.1027446 2.09378 Tracked 66095865
-0.1966871 0.09749576 2.094421 Tracked 66095898
-0.1963683 0.09424613 2.095096 Tracked 66095931
-0.1900891 0.08985556 2.093369 Tracked 66095964
-0.1734991 0.07596423 2.090054 Tracked 66095998
-0.1654854 0.07209972 2.087973 Tracked 66096031
-0.1592381 0.07353084 2.087053 Tracked 66096063
-0.1483595 0.07349551 2.085466 Tracked 66096096
-0.1354633 0.07191979 2.083788 Tracked 66096130
-0.1181264 0.07023235 2.08148 Tracked 66096163
-0.1072149 0.06968306 2.079578 Tracked 66096196
-0.09240093 0.06993548 2.077352 Tracked 66096229
-0.07831619 0.07084904 2.075722 Tracked 66096263
-0.06306241 0.06907425 2.075383 Tracked 66096296
-0.05037386 0.06361964 2.07567 Tracked 66096330
-0.03874848 0.0590961 2.0755 Tracked 66096365
-0.02992181 0.06174483 2.075336 Tracked 66096399
-0.0212552 0.06413334 2.074503 Tracked 66096433
-0.01213966 0.06706254 2.074794 Tracked 66096464
-0.008943887 0.06716195 2.073728 Tracked 66096497
-0.004553936 0.07833392 2.073043 Tracked 66096530
-0.003212651 0.08296087 2.071189 Tracked 66096564
-0.001736689 0.08580267 2.069427 Tracked 66096597
-0.0009401577 0.08840149 2.068105 Tracked 66096631
-0.0005755242 0.08952917 2.067039 Tracked 66096664
0.0001397729 0.09077392 2.065996 Tracked 66096698
0.0003607181 0.09131764 2.065144 Tracked 66096730
0.0004137436 0.09143242 2.064895 Tracked 66096764
0.000474471 0.09180225 2.064887 Tracked 66096797
0.0004290473 0.09181008 2.064886 Tracked 66096830
-9.912596E-05 0.09139349 2.065292 Tracked 66096864
-0.0009262817 0.07219356 2.070291 Tracked 66096898
-0.001651865 0.07220626 2.070745 Tracked 66096930
-0.008481549 0.06986719 2.072966 Tracked 66096964
-0.0162515 0.0701711 2.074558 Tracked 66096998
-0.02866248 0.06838077 2.076944 Tracked 66097030
-0.04535485 0.06327164 2.079228 Tracked 66097064
-0.06362944 0.0559301 2.081615 Tracked 66097097
-0.07228116 0.05762105 2.083575 Tracked 66097130
-0.08395365 0.06093384 2.085839 Tracked 66097164
-0.09818087 0.06362512 2.088972 Tracked 66097205
-0.1139295 0.06778508 2.089729 Tracked 66097230
-0.1304865 0.07186962 2.090403 Tracked 66097264
-0.1430862 0.07448211 2.091269 Tracked 66097298
-0.1563079 0.07806636 2.091818 Tracked 66097330
-0.1660202 0.07863281 2.092097 Tracked 66097363
-0.1829614 0.07901321 2.094452 Tracked 66097396
-0.192934 0.07873617 2.096074 Tracked 66097429
-0.2037291 0.07761979 2.097992 Tracked 66097463
-0.2092364 0.0754747 2.100462 Tracked 66097496
-0.2131288 0.0745176 2.101191 Tracked 66097529
-0.2151523 0.07445906 2.101743 Tracked 66097563
-0.2149974 0.07985246 2.101194 Tracked 66097596
-0.2146745 0.08396152 2.100962 Tracked 66097631
-0.2157262 0.08838763 2.100964 Tracked 66097665
-0.2131277 0.09268121 2.0981 Tracked 66097698
-0.207444 0.09731452 2.092964 Tracked 66097731
-0.2067891 0.09728247 2.092496 Tracked 66097764
-0.2064133 0.09730516 2.091882 Tracked 66097798
-0.206523 0.09724769 2.091784 Tracked 66097831
-0.2082653 0.09735195 2.090805 Tracked 66097864
-0.2101826 0.0960525 2.092703 Tracked 66097897
-0.2114165 0.09529688 2.094076 Tracked 66097930
-0.2113197 0.09479674 2.095743 Tracked 66097965
-0.2102806 0.09737194 2.097412 Tracked 66097997
-0.209535 0.09609871 2.097722 Tracked 66098031
-0.2097432 0.09069756 2.097446 Tracked 66098065
-0.2046195 0.08552816 2.096562 Tracked 66098097
-0.1924979 0.07677087 2.093551 Tracked 66098131
-0.1814712 0.07281591 2.091158 Tracked 66098164
-0.1681633 0.06746583 2.088179 Tracked 66098197
-0.1573681 0.06701603 2.086468 Tracked 66098231
-0.147473 0.06778231 2.086063 Tracked 66098264
-0.1338111 0.0676377 2.0846 Tracked 66098297
-0.1219158 0.06881025 2.08354 Tracked 66098330
-0.108193 0.06848251 2.081769 Tracked 66098364
-0.08981102 0.06851299 2.080548 Tracked 66098397
-0.07555298 0.06585094 2.078958 Tracked 66098430
-0.05886354 0.05993648 2.076061 Tracked 66098464
-0.04034296 0.0563391 2.074604 Tracked 66098497
-0.02449303 0.06071866 2.074143 Tracked 66098530
-0.01080772 0.060064 2.074829 Tracked 66098564
-0.00213216 0.06215039 2.074988 Tracked 66098597
0.008899239 0.06429727 2.075514 Tracked 66098629
0.01398351 0.07517951 2.074645 Tracked 66098663
0.01664239 0.0842589 2.073223 Tracked 66098697
0.01960225 0.08738407 2.072086 Tracked 66098729
0.02146084 0.08910698 2.071115 Tracked 66098763
0.02354261 0.09107033 2.070485 Tracked 66098796
0.02479982 0.09221504 2.069519 Tracked 66098829
0.02663804 0.09278819 2.068199 Tracked 66098863
0.02718613 0.09317757 2.067531 Tracked 66098897
0.02785655 0.09326784 2.06741 Tracked 66098934
0.02840971 0.09262007 2.066995 Tracked 66098970
0.02985539 0.08242027 2.065975 Tracked 66099001
0.02985915 0.0709174 2.066407 Tracked 66099032
0.02895672 0.06984724 2.06674 Tracked 66099065
0.02411688 0.06871709 2.067038 Tracked 66099098
0.01056783 0.06442694 2.067777 Tracked 66099130
-0.0008028756 0.06300332 2.06975 Tracked 66099164
-0.01654841 0.05833796 2.071575 Tracked 66099197
-0.02897101 0.05648094 2.072507 Tracked 66099241
-0.04166733 0.05638763 2.073286 Tracked 66099267
-0.05435485 0.05893937 2.073946 Tracked 66099298
-0.07019747 0.06254208 2.075509 Tracked 66099329
-0.08620067 0.06605285 2.077085 Tracked 66099361
-0.1036792 0.06717372 2.077745 Tracked 66099393
-0.1180768 0.06775062 2.078592 Tracked 66099424
-0.1331423 0.06867666 2.080154 Tracked 66099458
-0.14593 0.06774211 2.080919 Tracked 66099495
-0.1552444 0.06673402 2.081111 Tracked 66099524
-0.1654713 0.06606532 2.081229 Tracked 66099561
-0.1777645 0.06754111 2.081746 Tracked 66099594
-0.1866591 0.06761429 2.083022 Tracked 66099627
-0.1956579 0.06867815 2.084686 Tracked 66099660
-0.2019246 0.06989331 2.084253 Tracked 66099692
-0.2040663 0.07681488 2.082817 Tracked 66099725
-0.2044197 0.08074046 2.081042 Tracked 66099760
-0.2036445 0.08517659 2.079669 Tracked 66099793
-0.2031076 0.08719004 2.078792 Tracked 66099825
-0.2022102 0.08942877 2.077639 Tracked 66099859
-0.2016772 0.0912365 2.07655 Tracked 66099894
-0.2013924 0.09215329 2.075956 Tracked 66099926
-0.2009328 0.0925456 2.075572 Tracked 66099960
-0.1998351 0.09272398 2.074977 Tracked 66099993
-0.1987293 0.09238771 2.074498 Tracked 66100026
-0.1960726 0.09614021 2.074962 Tracked 66100061
-0.1950299 0.09730867 2.075857 Tracked 66100094
-0.1966742 0.09071907 2.077813 Tracked 66100126
-0.1952438 0.08440309 2.078396 Tracked 66100161
-0.1921875 0.08182525 2.077855 Tracked 66100194
-0.1835161 0.07596098 2.076972 Tracked 66100225
-0.1701277 0.06801546 2.074169 Tracked 66100259
-0.1613867 0.06535877 2.073909 Tracked 66100293
-0.1528881 0.06696965 2.073216 Tracked 66100328
-0.1413757 0.06916758 2.073265 Tracked 66100360
-0.1269516 0.06854599 2.072013 Tracked 66100393
-0.1095965 0.06691179 2.070559 Tracked 66100426
-0.09448811 0.06762631 2.068488 Tracked 66100461
-0.07866248 0.06824209 2.065779 Tracked 66100493
-0.06102628 0.06975178 2.064019 Tracked 66100526
-0.04600445 0.06799497 2.063244 Tracked 66100560
