-0.05563778 0.6447932 2.135425 Tracked 66084797
-0.05572768 0.6450661 2.13495 Tracked 66084830
-0.05579963 0.6455638 2.133811 Tracked 66084865
-0.05617903 0.6458218 2.133062 Tracked 66084898
-0.0568747 0.6461697 2.131597 Tracked 66084930
-0.05844409 0.6465335 2.128642 Tracked 66084964
-0.06076864 0.6471382 2.125396 Tracked 66084997
-0.06511645 0.6476567 2.119728 Tracked 66085031
-0.0707451 0.6489463 2.115868 Tracked 66085064
-0.07897805 0.6512842 2.110448 Tracked 66085097
-0.08832742 0.6541688 2.106446 Tracked 66085131
-0.09743521 0.6607171 2.103423 Tracked 66085164
-0.1043583 0.6678204 2.101488 Tracked 66085197
-0.1104175 0.6733236 2.09993 Tracked 66085231
-0.1154749 0.6774453 2.098339 Tracked 66085265
-0.1198933 0.6825395 2.097232 Tracked 66085297
-0.1238515 0.686228 2.096322 Tracked 66085330
-0.1263913 0.6893508 2.096126 Tracked 66085364
-0.1280947 0.6917884 2.096216 Tracked 66085397
-0.1303224 0.6940799 2.097574 Tracked 66085430
-0.1321676 0.6956543 2.097913 Tracked 66085464
-0.1339219 0.6967881 2.09848 Tracked 66085497
-0.1356183 0.6976134 2.09898 Tracked 66085530
-0.137992 0.69802 2.099204 Tracked 66085563
-0.1429567 0.6984497 2.099997 Tracked 66085597
-0.1440193 0.6983681 2.099976 Tracked 66085630
-0.1451117 0.6973872 2.099709 Tracked 66085664
-0.147118 0.6949685 2.098919 Tracked 66085697
-0.149489 0.6911778 2.098043 Tracked 66085730
-0.1508195 0.6850359 2.096222 Tracked 66085764
-0.1492233 0.6766336 2.094382 Tracked 66085797
-0.1462274 0.6711746 2.092171 Tracked 66085830
-0.1412987 0.6635631 2.091924 Tracked 66085864
-0.1381925 0.6580829 2.091308 Tracked 66085900
-0.1357147 0.6536841 2.090392 Tracked 66085931
-0.1328022 0.6482284 2.089101 Tracked 66085964
-0.1301676 0.6445521 2.087797 Tracked 66085997
-0.1286078 0.6399032 2.084983 Tracked 66086030
-0.1266787 0.6364791 2.079219 Tracked 66086065
-0.1247638 0.6368077 2.071574 Tracked 66086098
-0.1200264 0.6402494 2.063233 Tracked 66086130
-0.111087 0.6460655 2.055626 Tracked 66086164
-0.1015221 0.6532136 2.048307 Tracked 66086197
-0.08760981 0.6619759 2.043616 Tracked 66086231
-0.0793152 0.6680644 2.041593 Tracked 66086265
-0.0748618 0.6710207 2.040873 Tracked 66086298
-0.07022046 0.6731578 2.040558 Tracked 66086330
-0.06746411 0.6742249 2.040536 Tracked 66086364
-0.06505097 0.6749903 2.041326 Tracked 66086397
-0.06329487 0.675598 2.041216 Tracked 66086430
-0.06162181 0.6760997 2.040594 Tracked 66086464
-0.0608815 0.6763088 2.04023 Tracked 66086497
-0.06001879 0.676627 2.039331 Tracked 66086530
-0.05962273 0.6771868 2.038071 Tracked 66086564
-0.05950817 0.6773513 2.036862 Tracked 66086597
-0.0596069 0.6762248 2.035777 Tracked 66086631
-0.06187858 0.6739886 2.035376 Tracked 66086664
-0.06814388 0.6695606 2.036742 Tracked 66086697
-0.07475576 0.6625881 2.040001 Tracked 66086730
-0.079631 0.6552514 2.044068 Tracked 66086764
-0.0826694 0.650762 2.048963 Tracked 66086797
-0.08375394 0.646475 2.053757 Tracked 66086830
-0.08298772 0.6409931 2.060636 Tracked 66086864
-0.08125141 0.638253 2.065501 Tracked 66086897
-0.07981577 0.6374257 2.067164 Tracked 66086931
-0.07840061 0.6373341 2.068123 Tracked 66086964
-0.07763094 0.637525 2.06852 Tracked 66086997
-0.07759565 0.6380656 2.068396 Tracked 66087030
-0.0807969 0.640916 2.067877 Tracked 66087063
-0.08859916 0.6488159 2.065936 Tracked 66087096
-0.1003852 0.6607047 2.065725 Tracked 66087129
-0.1092732 0.6703769 2.067228 Tracked 66087163
-0.1173817 0.6799791 2.070648 Tracked 66087196
-0.1252846 0.6886849 2.077441 Tracked 66087230
-0.1292251 0.693935 2.083782 Tracked 66087264
-0.1320184 0.6977672 2.090626 Tracked 66087296
-0.1340407 0.6992619 2.095922 Tracked 66087330
-0.1351441 0.6997668 2.100433 Tracked 66087364
-0.13651 0.6998845 2.106287 Tracked 66087396
-0.1357295 0.7003999 2.112789 Tracked 66087430
-0.1358277 0.7009966 2.116923 Tracked 66087464
-0.1382035 0.7014647 2.121285 Tracked 66087497
-0.140326 0.702118 2.125309 Tracked 66087531
-0.1407531 0.7027761 2.127695 Tracked 66087564
-0.141619 0.7026591 2.132144 Tracked 66087597
-0.1415563 0.7024289 2.1332 Tracked 66087631
-0.1418769 0.7020351 2.134439 Tracked 66087664
-0.1418042 0.7000443 2.136603 Tracked 66087697
-0.1390373 0.6961728 2.138063 Tracked 66087730
-0.1325724 0.6851394 2.139691 Tracked 66087764
-0.1249463 0.6738716 2.139381 Tracked 66087798
-0.119034 0.6661274 2.139677 Tracked 66087831
-0.1151602 0.6596048 2.140411 Tracked 66087865
-0.1140899 0.6551625 2.140187 Tracked 66087898
-0.1139924 0.6494202 2.13747 Tracked 66087931
-0.1154646 0.6459373 2.13274 Tracked 66087964
-0.1168177 0.6444244 2.126114 Tracked 66087997
-0.116444 0.6470276 2.113215 Tracked 66088030
-0.1090269 0.6563519 2.09651 Tracked 66088069
-0.1023814 0.6608703 2.090712 Tracked 66088097
-0.08828264 0.6697851 2.083113 Tracked 66088130
-0.07157269 0.6753437 2.075509 Tracked 66088164
-0.06386055 0.6790909 2.073552 Tracked 66088198
-0.05807358 0.6813541 2.071558 Tracked 66088230
-0.05118892 0.6831154 2.069608 Tracked 66088264
-0.04528542 0.6842326 2.069743 Tracked 66088296
-0.04129623 0.6848602 2.070065 Tracked 66088330
-0.03712537 0.6847723 2.069553 Tracked 66088363
-0.03289935 0.6847656 2.068551 Tracked 66088396
-0.0299643 0.6848465 2.067489 Tracked 66088429
-0.02603249 0.6840604 2.06525 Tracked 66088463
-0.02205184 0.6839661 2.063428 Tracked 66088496
-0.01990554 0.6835079 2.06203 Tracked 66088529
-0.01674607 0.6825114 2.059193 Tracked 66088563
-0.01491124 0.6816492 2.057139 Tracked 66088596
-0.01336291 0.6791656 2.054793 Tracked 66088630
-0.01323222 0.6770394 2.052921 Tracked 66088664
-0.01572682 0.6731639 2.051028 Tracked 66088697
-0.02387822 0.6662883 2.048882 Tracked 66088730
-0.03119102 0.6613222 2.0486 Tracked 66088764
-0.03840187 0.6576184 2.049157 Tracked 66088796
-0.04480227 0.6529258 2.050232 Tracked 66088830
-0.05042589 0.6486569 2.052577 Tracked 66088864
-0.05354445 0.6453067 2.054527 Tracked 66088897
-0.05571584 0.6419392 2.056227 Tracked 66088930
-0.0574387 0.6405159 2.057107 Tracked 66088964
-0.0582246 0.6403428 2.056954 Tracked 66089000
-0.0588574 0.6418137 2.055265 Tracked 66089033
-0.06083829 0.6442533 2.053001 Tracked 66089065
-0.08335984 0.6494478 2.047085 Tracked 66089098
-0.09653207 0.659211 2.04497 Tracked 66089131
-0.1065439 0.6654522 2.044269 Tracked 66089165
-0.1168781 0.6761705 2.045521 Tracked 66089197
-0.1233085 0.6828297 2.049141 Tracked 66089231
-0.125839 0.6854948 2.051333 Tracked 66089264
-0.1277522 0.6877828 2.05412 Tracked 66089298
-0.1284726 0.6894407 2.056159 Tracked 66089330
-0.1286902 0.6901912 2.057048 Tracked 66089364
-0.1285529 0.6902058 2.057477 Tracked 66089398
-0.1284911 0.6903201 2.057711 Tracked 66089431
-0.1285967 0.6903135 2.05781 Tracked 66089464
-0.1288331 0.690567 2.057918 Tracked 66089498
-0.1296794 0.6906946 2.057366 Tracked 66089530
-0.1298854 0.690673 2.057348 Tracked 66089565
-0.1322288 0.6906481 2.055374 Tracked 66089597
-0.1351565 0.6904959 2.053213 Tracked 66089630
-0.1372733 0.6897577 2.051115 Tracked 66089664
-0.139762 0.688038 2.048832 Tracked 66089696
-0.1415302 0.6851388 2.04679 Tracked 66089729
-0.1412044 0.6775312 2.04535 Tracked 66089764
-0.1366282 0.6689317 2.043352 Tracked 66089796
-0.1301899 0.660807 2.04315 Tracked 66089830
-0.1266123 0.6564908 2.043618 Tracked 66089863
-0.1231078 0.6527838 2.045028 Tracked 66089896
-0.1201998 0.6490682 2.046005 Tracked 66089930
-0.1183712 0.6444261 2.046929 Tracked 66089964
-0.1166728 0.640974 2.047718 Tracked 66090002
-0.1156091 0.6386353 2.047148 Tracked 66090032
-0.114951 0.6379634 2.045889 Tracked 66090076
-0.1128355 0.6387516 2.041952 Tracked 66090098
-0.1046005 0.6425998 2.035777 Tracked 66090132
-0.09334761 0.6469544 2.031986 Tracked 66090165
-0.07571299 0.6571223 2.028664 Tracked 66090198
-0.06120928 0.6649539 2.027874 Tracked 66090230
-0.05263482 0.6728234 2.027862 Tracked 66090265
-0.0456597 0.6763031 2.028815 Tracked 66090298
-0.03955334 0.6783627 2.030669 Tracked 66090329
-0.03345624 0.6801727 2.032772 Tracked 66090364
-0.02808902 0.6812731 2.035562 Tracked 66090397
-0.02642561 0.681537 2.035996 Tracked 66090430
-0.02507031 0.6820027 2.036502 Tracked 66090465
-0.01876314 0.6834232 2.039191 Tracked 66090497
-0.01815132 0.6836284 2.038844 Tracked 66090531
-0.01743026 0.683771 2.038718 Tracked 66090564
-0.008587116 0.6857637 2.041136 Tracked 66090597
-0.002462155 0.6867151 2.042869 Tracked 66090630
0.004053512 0.6877325 2.044545 Tracked 66090664
0.003532912 0.6875632 2.044038 Tracked 66090698
0.00865788 0.6892238 2.043016 Tracked 66090731
0.007231526 0.6881984 2.041923 Tracked 66090765
0.01192801 0.6861103 2.039562 Tracked 66090797
0.01141056 0.6832308 2.037784 Tracked 66090830
0.006153939 0.6737596 2.034803 Tracked 66090864
-0.002316791 0.6655027 2.031051 Tracked 66090896
-0.008745011 0.6608199 2.028494 Tracked 66090931
-0.01716368 0.6561543 2.026086 Tracked 66090964
-0.02689295 0.6522792 2.025534 Tracked 66090996
-0.03683757 0.6478285 2.025162 Tracked 66091029
-0.04810124 0.6433362 2.025838 Tracked 66091063
-0.05612043 0.6396567 2.026774 Tracked 66091103
-0.06236532 0.6358201 2.026895 Tracked 66091130
-0.06566716 0.6340708 2.027514 Tracked 66091163
-0.06763219 0.633487 2.026591 Tracked 66091197
-0.072896 0.6343662 2.023444 Tracked 66091230
-0.09050865 0.6379377 2.016532 Tracked 66091264
-0.1074509 0.6440619 2.014125 Tracked 66091297
-0.1252821 0.6528912 2.012329 Tracked 66091331
-0.1376683 0.6592479 2.012885 Tracked 66091365
-0.1473483 0.6655445 2.015217 Tracked 66091397
-0.1581585 0.6724319 2.019521 Tracked 66091430
-0.1653371 0.6767032 2.02326 Tracked 66091465
-0.1711107 0.6789103 2.026168 Tracked 66091498
-0.1747417 0.6808682 2.028162 Tracked 66091530
-0.1790418 0.6821339 2.029277 Tracked 66091565
-0.1837092 0.6832011 2.03019 Tracked 66091598
-0.1878567 0.6836316 2.030804 Tracked 66091630
-0.192286 0.6835436 2.03086 Tracked 66091664
-0.1957676 0.6830843 2.029815 Tracked 66091698
-0.1981648 0.6830187 2.028427 Tracked 66091730
-0.2004138 0.683136 2.027241 Tracked 66091765
-0.2032802 0.6802465 2.0249 Tracked 66091797
-0.2036137 0.6752988 2.02201 Tracked 66091830
-0.2001398 0.6657888 2.018143 Tracked 66091864
-0.1906647 0.6548536 2.014905 Tracked 66091897
-0.1814535 0.6469191 2.01276 Tracked 66091930
-0.1682868 0.6390504 2.013963 Tracked 66091964
-0.1591156 0.6350322 2.015839 Tracked 66091997
-0.1477056 0.6293529 2.019338 Tracked 66092030
-0.1412158 0.6254264 2.022836 Tracked 66092064
-0.1333105 0.6222174 2.025823 Tracked 66092104
-0.1270761 0.6203926 2.027349 Tracked 66092131
-0.1209388 0.6205129 2.02718 Tracked 66092165
-0.1113736 0.6238325 2.024629 Tracked 66092197
-0.09459282 0.6317194 2.021417 Tracked 66092229
-0.07495428 0.6421025 2.021036 Tracked 66092263
-0.05293963 0.6556545 2.021971 Tracked 66092296
-0.0350346 0.6649628 2.023942 Tracked 66092329
-0.02034379 0.6772267 2.028424 Tracked 66092363
-0.0123658 0.6839579 2.032259 Tracked 66092396
-0.004328963 0.6910297 2.039892 Tracked 66092429
0.00190298 0.6954165 2.044702 Tracked 66092464
0.007162416 0.696586 2.051271 Tracked 66092497
0.01091984 0.6978185 2.054874 Tracked 66092531
0.01315401 0.6986685 2.057613 Tracked 66092565
0.01589684 0.6993703 2.060602 Tracked 66092597
0.01825856 0.6998118 2.06268 Tracked 66092630
0.01971554 0.7000489 2.063373 Tracked 66092664
0.01977429 0.7000023 2.063113 Tracked 66092697
0.019893 0.6999046 2.062765 Tracked 66092730
0.02134311 0.6999806 2.062477 Tracked 66092764
0.02226458 0.6999711 2.062142 Tracked 66092797
0.02374058 0.6983796 2.060817 Tracked 66092830
0.02337295 0.6956175 2.059196 Tracked 66092864
0.01576027 0.6853178 2.055686 Tracked 66092898
0.003797897 0.6743506 2.052814 Tracked 66092930
-0.007926226 0.6659298 2.047585 Tracked 66092964
-0.02165532 0.6564969 2.043804 Tracked 66092998
-0.03254322 0.6495335 2.042 Tracked 66093031
-0.04241072 0.6429045 2.03887 Tracked 66093064
-0.05050208 0.6381806 2.036449 Tracked 66093098
-0.05783918 0.6333556 2.032846 Tracked 66093130
-0.06622522 0.6290416 2.026686 Tracked 66093164
-0.07185974 0.6282399 2.019858 Tracked 66093197
-0.08105885 0.628594 2.010903 Tracked 66093231
-0.09304945 0.6302282 2.001065 Tracked 66093264
-0.111067 0.6338007 1.99237 Tracked 66093298
-0.1338887 0.6372554 1.986963 Tracked 66093330
-0.1529021 0.6438125 1.984647 Tracked 66093365
-0.1717716 0.6527631 1.984501 Tracked 66093398
-0.184773 0.6621418 1.986138 Tracked 66093430
-0.1955266 0.6676151 1.989289 Tracked 66093464
-0.2049322 0.6712207 1.992387 Tracked 66093496
-0.2135694 0.6757863 1.99416 Tracked 66093529
-0.218345 0.6780869 1.99535 Tracked 66093563
-0.2238161 0.6797121 1.996648 Tracked 66093596
-0.2290039 0.6809714 1.99686 Tracked 66093629
-0.2338202 0.6816434 1.997001 Tracked 66093664
-0.2391142 0.6813783 1.996507 Tracked 66093697
-0.2431394 0.6807039 1.994774 Tracked 66093730
-0.2469145 0.6794626 1.992707 Tracked 66093764
-0.2492079 0.6778423 1.991028 Tracked 66093798
-0.2532234 0.6750013 1.988129 Tracked 66093830
-0.2545013 0.6722203 1.986018 Tracked 66093864
-0.2542388 0.6687547 1.983303 Tracked 66093898
-0.2506042 0.661281 1.980094 Tracked 66093931
-0.2410904 0.6507165 1.978904 Tracked 66093965
-0.2277692 0.6425315 1.97808 Tracked 66093998
-0.2126072 0.6367566 1.980346 Tracked 66094031
-0.1955791 0.6286963 1.986721 Tracked 66094064
-0.1826825 0.6227962 1.995046 Tracked 66094098
-0.1693688 0.6176713 2.003545 Tracked 66094131
-0.1587668 0.6152731 2.009951 Tracked 66094164
-0.1524422 0.613718 2.014183 Tracked 66094197
-0.147328 0.6138595 2.016505 Tracked 66094231
-0.1420085 0.6143981 2.017093 Tracked 66094264
-0.1317138 0.6185685 2.013466 Tracked 66094297
-0.1145278 0.6264705 2.009598 Tracked 66094330
-0.09577728 0.638515 2.006666 Tracked 66094364
-0.07741874 0.6517664 2.002006 Tracked 66094397
-0.05813042 0.664098 2.002059 Tracked 66094430
-0.04460234 0.6730857 2.003191 Tracked 66094464
-0.03487759 0.679098 2.00555 Tracked 66094498
-0.02815246 0.6820107 2.007404 Tracked 66094530
-0.01808845 0.6862794 2.012811 Tracked 66094564
-0.009642342 0.6884326 2.016374 Tracked 66094598
-0.004918598 0.68932 2.018757 Tracked 66094631
0.0002973292 0.6900426 2.020734 Tracked 66094665
0.004935731 0.6905161 2.022906 Tracked 66094698
0.008483863 0.6908805 2.024575 Tracked 66094731
0.01064171 0.6904388 2.025782 Tracked 66094763
0.01310147 0.6896965 2.026761 Tracked 66094796
0.01508548 0.6891715 2.027597 Tracked 66094829
0.01658597 0.6858389 2.028665 Tracked 66094863
0.01530807 0.6817461 2.029797 Tracked 66094896
0.008872819 0.6725757 2.032583 Tracked 66094929
-0.006010561 0.6616765 2.037048 Tracked 66094963
-0.01721746 0.651426 2.038334 Tracked 66094996
-0.03203134 0.6456803 2.041131 Tracked 66095030
-0.04616098 0.6375087 2.04454 Tracked 66095064
-0.05777975 0.6324219 2.04946 Tracked 66095098
-0.06559303 0.6289065 2.051396 Tracked 66095131
-0.07238955 0.6253412 2.054807 Tracked 66095164
-0.07943095 0.6226671 2.056428 Tracked 66095198
-0.08599582 0.6230838 2.0558 Tracked 66095231
-0.09459586 0.6248145 2.051608 Tracked 66095264
-0.09606574 0.6255614 2.050395 Tracked 66095298
-0.1369534 0.6382465 2.035471 Tracked 66095330
-0.1482391 0.6430411 2.035397 Tracked 66095364
-0.1662078 0.655757 2.034408 Tracked 66095398
-0.1792222 0.6655375 2.034635 Tracked 66095430
-0.1894169 0.6754161 2.036538 Tracked 66095465
-0.1973743 0.682979 2.039138 Tracked 66095498
-0.2028625 0.6871786 2.042164 Tracked 66095531
-0.2076186 0.690313 2.043924 Tracked 66095565
-0.2113083 0.6924946 2.045596 Tracked 66095598
-0.2148001 0.6938313 2.046863 Tracked 66095630
-0.2174345 0.6945063 2.047 Tracked 66095664
-0.220115 0.6950415 2.0468 Tracked 66095697
-0.2226263 0.6953301 2.046038 Tracked 66095730
-0.2252757 0.6951176 2.044981 Tracked 66095764
-0.2270847 0.6947798 2.043571 Tracked 66095797
-0.2291872 0.6939667 2.041368 Tracked 66095831
-0.2299825 0.6931958 2.039793 Tracked 66095865
-0.2304152 0.6890553 2.036362 Tracked 66095898
-0.2278766 0.6816173 2.033626 Tracked 66095931
-0.2194367 0.6693362 2.031071 Tracked 66095964
-0.204116 0.6558611 2.029076 Tracked 66095998
-0.190625 0.6462889 2.027775 Tracked 66096031
-0.1788295 0.6423987 2.028588 Tracked 66096063
-0.1656004 0.6367226 2.032181 Tracked 66096096
-0.1656048 0.6367466 2.032154 Tracked 66096130
-0.1398235 0.6285859 2.036036 Tracked 66096163
-0.1349829 0.6269095 2.036956 Tracked 66096196
-0.1261123 0.6250929 2.037334 Tracked 66096229
-0.1183084 0.6248842 2.036138 Tracked 66096263
-0.108836 0.6270912 2.033056 Tracked 66096296
-0.09659055 0.6355645 2.028097 Tracked 66096330
-0.0753153 0.6432722 2.020626 Tracked 66096365
-0.05782811 0.6529977 2.01834 Tracked 66096399
-0.04076078 0.6631666 2.01514 Tracked 66096433
-0.02285099 0.6731532 2.013468 Tracked 66096464
-0.007127354 0.6792642 2.013527 Tracked 66096497
0.002006684 0.6850762 2.014394 Tracked 66096530
0.01080523 0.688719 2.014547 Tracked 66096564
0.0187564 0.6917874 2.014832 Tracked 66096597
0.0258634 0.693443 2.016263 Tracked 66096631
0.03173161 0.6938454 2.016109 Tracked 66096664
0.03589901 0.6942455 2.015997 Tracked 66096698
0.03968931 0.694111 2.015172 Tracked 66096730
0.04222997 0.6940865 2.014334 Tracked 66096764
0.0441043 0.6939682 2.013306 Tracked 66096797
0.04547109 0.6933582 2.012016 Tracked 66096830
0.04573426 0.6923969 2.010889 Tracked 66096864
0.04525621 0.6901055 2.009392 Tracked 66096898
0.04186824 0.6863079 2.006616 Tracked 66096930
0.03298324 0.6797773 2.004263 Tracked 66096964
0.01754767 0.6705064 2.003278 Tracked 66096998
-0.001597826 0.6596484 2.003654 Tracked 66097030
-0.0183578 0.6516985 2.004443 Tracked 66097064
-0.03752227 0.6446508 2.006061 Tracked 66097097
-0.05557158 0.6378216 2.009571 Tracked 66097130
-0.07293205 0.6331964 2.013589 Tracked 66097164
-0.08612402 0.6292722 2.017994 Tracked 66097205
-0.09909578 0.6269143 2.019894 Tracked 66097230
-0.1082414 0.6247548 2.022599 Tracked 66097264
-0.119827 0.6233177 2.024762 Tracked 66097298
-0.1225461 0.6232892 2.024717 Tracked 66097330
-0.1373382 0.6267344 2.021778 Tracked 66097363
-0.1495686 0.6292558 2.019076 Tracked 66097396
-0.1645324 0.633916 2.013736 Tracked 66097429
-0.1865243 0.6384603 2.009999 Tracked 66097463
-0.2027838 0.6451018 2.010154 Tracked 66097496
-0.2183759 0.6530309 2.009993 Tracked 66097529
-0.2349312 0.6602241 2.012979 Tracked 66097563
-0.243334 0.6666602 2.015605 Tracked 66097596
-0.2501655 0.6720027 2.019924 Tracked 66097631
-0.2546073 0.6762895 2.023656 Tracked 66097665
-0.256841 0.6787555 2.026078 Tracked 66097698
-0.2581707 0.680586 2.027705 Tracked 66097731
-0.2594788 0.6817584 2.029094 Tracked 66097764
-0.260686 0.6825119 2.030193 Tracked 66097798
-0.2613811 0.6828476 2.030399 Tracked 66097831
-0.2629051 0.6830587 2.030429 Tracked 66097864
-0.2639766 0.6830416 2.030296 Tracked 66097897
-0.2649126 0.6826912 2.02952 Tracked 66097930
-0.2654588 0.6823331 2.028913 Tracked 66097965
-0.2662776 0.6808355 2.027315 Tracked 66097997
-0.2656217 0.6762995 2.024474 Tracked 66098031
-0.2619582 0.670464 2.021115 Tracked 66098065
-0.2506312 0.6597823 2.017642 Tracked 66098097
-0.2352612 0.6496583 2.015244 Tracked 66098131
-0.220225 0.6430482 2.012758 Tracked 66098164
-0.2064498 0.6371036 2.012047 Tracked 66098197
-0.1903744 0.631104 2.014148 Tracked 66098231
-0.1761929 0.6286613 2.017352 Tracked 66098264
-0.1633814 0.6242811 2.020018 Tracked 66098297
-0.1526121 0.6210306 2.02238 Tracked 66098330
-0.1434065 0.6195187 2.025273 Tracked 66098364
-0.1332888 0.618664 2.026936 Tracked 66098397
-0.1249528 0.6199706 2.025915 Tracked 66098430
-0.1123184 0.6241132 2.023141 Tracked 66098464
-0.0970296 0.6316806 2.019551 Tracked 66098497
-0.07900438 0.6399426 2.01845 Tracked 66098530
-0.06208593 0.6500773 2.018102 Tracked 66098564
-0.04351859 0.6618131 2.017868 Tracked 66098597
-0.02876261 0.669771 2.01782 Tracked 66098629
-0.01563909 0.6795054 2.019011 Tracked 66098663
-0.007396731 0.684852 2.020392 Tracked 66098697
-0.0004743288 0.6888849 2.02166 Tracked 66098729
0.007279367 0.6918997 2.023405 Tracked 66098763
0.01202552 0.6935225 2.024504 Tracked 66098796
0.01707401 0.6944895 2.024058 Tracked 66098829
0.02080527 0.6949886 2.023722 Tracked 66098863
0.02571372 0.6953082 2.022636 Tracked 66098897
0.02984134 0.6946864 2.021048 Tracked 66098934
0.0344599 0.6927761 2.017932 Tracked 66098970
0.03767327 0.6894935 2.014832 Tracked 66099001
0.03930388 0.6851214 2.011363 Tracked 66099032
0.0376961 0.6796321 2.006548 Tracked 66099065
0.03225749 0.6728443 2.001166 Tracked 66099098
0.02378705 0.6632488 1.997003 Tracked 66099130
0.01114935 0.6541661 1.996527 Tracked 66099164
-0.002649985 0.6463864 1.994512 Tracked 66099197
-0.01711446 0.6397104 1.991757 Tracked 66099241
-0.0337926 0.6327955 1.99258 Tracked 66099267
-0.04919671 0.6271776 1.994902 Tracked 66099298
-0.06320949 0.6239129 1.998296 Tracked 66099329
-0.07379676 0.6207783 2.003149 Tracked 66099361
-0.08144802 0.617885 2.006354 Tracked 66099393
-0.09159338 0.6149755 2.009318 Tracked 66099424
-0.09795319 0.614773 2.009117 Tracked 66099458
-0.1054305 0.6156957 2.007982 Tracked 66099495
-0.1103846 0.616839 2.006269 Tracked 66099524
-0.1271301 0.6231408 1.996388 Tracked 66099561
-0.143223 0.6281065 1.992551 Tracked 66099594
-0.1603026 0.6360443 1.991483 Tracked 66099627
-0.1749156 0.6476239 1.989051 Tracked 66099660
-0.1864962 0.6576824 1.98832 Tracked 66099692
-0.194526 0.6659037 1.989011 Tracked 66099725
-0.1988866 0.6710935 1.989718 Tracked 66099760
-0.2038836 0.6759623 1.992462 Tracked 66099793
-0.2072327 0.6787083 1.994277 Tracked 66099825
-0.2103026 0.680609 1.995341 Tracked 66099859
-0.2123889 0.6821177 1.996152 Tracked 66099894
-0.2143132 0.6829497 1.996537 Tracked 66099926
-0.2160393 0.6833542 1.997159 Tracked 66099960
-0.217564 0.6833863 1.997297 Tracked 66099993
-0.2188177 0.683067 1.997545 Tracked 66100026
-0.2195439 0.6827316 1.997898 Tracked 66100061
-0.2198527 0.6819526 1.998047 Tracked 66100094
-0.2199981 0.678462 1.998379 Tracked 66100126
-0.2170468 0.6726071 1.998365 Tracked 66100161
-0.209431 0.664306 1.998625 Tracked 66100194
-0.19637 0.6542885 1.999305 Tracked 66100225
-0.1818474 0.6452922 1.998395 Tracked 66100259
-0.1677606 0.6395533 1.998652 Tracked 66100293
-0.151106 0.6349857 2.000207 Tracked 66100328
-0.1364629 0.630841 2.004258 Tracked 66100360
-0.1220804 0.6273031 2.008245 Tracked 66100393
-0.1099093 0.6251739 2.013355 Tracked 66100426
-0.1005917 0.6225821 2.017368 Tracked 66100461
-0.09246566 0.621682 2.019537 Tracked 66100493
-0.08355142 0.6214008 2.022308 Tracked 66100526
-0.07942278 0.621774 2.022876 Tracked 66100560
