75.10787 104.4578 68240214
75.10787 104.4578 68240215
75.10787 104.4578 68240215
75.10787 104.4578 68240215
75.10787 104.4578 68240215
75.10787 104.4578 68240215
75.10787 104.4578 68240215
75.10787 104.4578 68240215
75.10787 104.4578 68240215
75.10787 104.4578 68240215
75.10787 104.4578 68240215
75.10787 104.4578 68240215
75.10787 104.4578 68240215
75.10787 104.4578 68240215
75.10787 104.4578 68240215
75.10787 104.4578 68240215
75.10787 104.4578 68240215
75.10787 104.4578 68240215
75.10787 104.4578 68240215
75.10787 104.4578 68240215
75.10787 104.4578 68240215
75.10787 104.4578 68240215
75.10787 104.4578 68240215
75.10787 104.4578 68240215
75.10787 104.4578 68240215
78.02923 85.30192 68240215
77.87799 83.92128 68240223
78.17294 90.99577 68240256
77.01914 94.6966 68240289
76.63107 91.31902 68240324
76.45341 90.91142 68240357
75.78833 91.2428 68240390
77.15359 96.40952 68240424
76.41169 99.8688 68240456
76.5196 100.008 68240490
76.65666 100.4069 68240524
75.84676 94.76768 68240558
76.69659 96.79939 68240590
77.17328 97.51175 68240624
77.17339 97.8593 68240657
77.25651 98.29183 68240690
77.30221 98.26955 68240724
77.2975 98.19588 68240757
77.50539 98.97591 68240791
77.5093 99.18446 68240823
77.38664 99.1809 68240857
77.35033 99.14795 68240890
77.2531 99.06544 68240924
77.14533 98.93365 68240957
76.96642 98.7555 68240990
76.89297 99.03844 68241026
76.83295 99.15906 68241057
76.70946 98.99004 68241090
76.63725 98.85845 68241124
76.54659 98.71478 68241157
76.47015 98.63165 68241190
76.39402 98.51633 68241224
76.34827 98.46781 68241257
76.30706 98.43226 68241291
76.30603 98.43111 68241324
76.3035 98.42863 68241358
76.31152 98.45647 68241390
76.36576 98.55565 68241424
76.58183 98.9273 68241457
76.56754 98.97352 68241490
77.11996 99.84714 68241525
77.46307 100.4714 68241557
77.27951 99.30648 68241591
76.75868 97.35007 68241624
77.37392 100.3961 68241657
77.66705 104.9781 68241689
77.74387 104.9893 68241723
79.04779 106.0575 68241756
78.92226 107.2555 68241789
78.52358 108.2995 68241823
78.46104 107.4301 68241858
79.38043 108.5482 68241891
79.89579 103.0864 68241924
77.03407 131.7117 68241957
76.91325 134.0857 68241989
76.13134 135.6573 68242024
72.79259 132.1734 68242057
72.90928 130.1096 68242089
73.34103 126.4385 68242123
74.25061 107.7497 68242156
74.1321 90.59866 68242190
75.42009 90.77699 68242223
75.89375 96.49055 68242257
75.77422 94.66512 68242290
76.34899 98.94881 68242324
76.80424 103.8479 68242356
76.86081 103.371 68242389
77.18957 103.1925 68242423
75.99907 97.44389 68242457
77.5974 101.784 68242490
77.94829 104.3621 68242524
78.36142 105.4603 68242556
78.83321 105.5836 68242589
78.57103 103.7769 68242625
78.51898 102.7324 68242657
78.26233 101.9546 68242691
78.18092 101.7558 68242724
78.13949 101.6164 68242759
78.05215 101.4823 68242791
78.03217 101.5007 68242824
78.00531 101.5047 68242857
78.0025 101.5073 68242891
78.16792 101.9341 68242924
78.15534 101.896 68242957
78.14622 101.8549 68242990
78.25092 101.9957 68243025
78.2506 101.9614 68243057
78.24919 101.944 68243090
78.25286 101.9389 68243125
78.26093 101.9354 68243157
78.27784 101.8311 68243190
78.3683 101.8833 68243224
78.1721 101.2286 68243257
78.13829 101.0467 68243290
77.71962 99.91928 68243324
77.23308 98.47257 68243358
75.78898 95.26575 68243391
76.83713 99.07117 68243423
77.29817 100.4967 68243456
77.55804 102.0496 68243489
78.16051 103.2299 68243523
77.86255 103.2811 68243556
79.59863 102.3816 68243589
78.50445 100.4728 68243623
79.86539 96.96351 68243656
79.74651 102.8659 68243689
73.6912 101.0299 68243723
73.71405 103.0287 68243756
72.94197 78.03364 68243789
73.24603 51.32654 68243823
73.27257 50.58849 68243856
73.08932 122.5481 68243889
72.01403 83.46061 68243923
72.04816 84.13522 68243957
72.51819 82.28047 68243990
74.97376 93.96099 68244025
75.30231 93.04105 68244058
76.94809 94.2722 68244090
77.55856 97.6494 68244124
78.3044 101.518 68244156
78.58113 103.4557 68244190
79.13532 103.3293 68244224
77.14246 96.9596 68244257
77.06525 96.50491 68244290
78.45215 100.2887 68244324
79.12665 104.7018 68244357
78.7705 103.9679 68244391
78.47572 102.0903 68244425
77.98931 101.0629 68244459
77.71056 100.618 68244490
77.41602 100.1969 68244524
77.24934 100.0914 68244557
77.01957 99.9158 68244590
76.83508 100.244 68244624
76.71942 100.0793 68244657
76.72358 100.3094 68244690
76.70673 100.3335 68244724
76.60072 100.1383 68244757
76.51939 99.96575 68244790
76.48553 99.88132 68244823
76.4586 99.82146 68244856
76.46077 99.81454 68244890
76.48235 99.80896 68244924
76.56661 99.89516 68244957
76.7922 100.1173 68244991
77.06907 99.47864 68245024
77.29625 99.02348 68245057
76.94553 97.63364 68245090
77.39891 99.24634 68245124
77.55154 99.8914 68245157
77.56236 100.5623 68245190
77.86728 101.3299 68245224
76.647 102.2669 68245258
76.36214 103.7186 68245289
77.52367 103.5966 68245323
79.03112 102.9445 68245356
80.09771 94.23271 68245389
79.71454 104.7241 68245424
79.0251 90.57043 68245456
80.49129 128.0314 68245490
80.97405 115.9833 68245523
80.49017 116.3876 68245557
77.48048 81.4837 68245590
76.98681 143.6237 68245624
76.90932 127.6285 68245656
77.2597 124.1844 68245689
77.44714 117.1028 68245724
77.95211 114.773 68245756
78.41705 110.5126 68245790
78.81335 109.8701 68245824
79.53094 110.2016 68245857
80.39116 111.3209 68245890
81.10315 111.7157 68245924
79.53027 109.077 68245957
79.09955 105.8498 68245990
80.11813 106.2213 68246023
81.48396 110.9318 68246059
80.78054 109.5275 68246090
79.95155 106.3651 68246124
79.64381 105.7351 68246156
79.31223 105.0937 68246190
79.01286 104.4877 68246223
78.77981 103.9844 68246257
78.59661 103.565 68246290
78.38842 103.162 68246325
78.25669 102.9494 68246357
78.20285 102.8318 68246389
78.17914 102.7687 68246423
78.23729 102.7924 68246456
78.23531 102.8007 68246490
78.23431 102.8092 68246524
78.23543 102.817 68246557
78.24776 102.8123 68246591
78.31036 102.9534 68246625
78.41828 103.2287 68246659
78.24509 102.4514 68246691
78.53472 102.6525 68246724
78.22858 101.5328 68246757
77.837 100.2571 68246790
77.38018 99.18867 68246824
77.11845 98.53627 68246856
77.71703 101.3555 68246890
78.67153 104.7888 68246924
78.59943 104.6574 68246957
78.37885 104.8661 68246990
78.39272 105.5576 68247023
78.49114 106.3006 68247056
78.56213 106.7636 68247089
78.66249 107.1143 68247125
78.66572 107.3477 68247157
78.69164 107.5919 68247190
78.7093 107.4054 68247223
78.69118 107.2979 68247256
78.68725 107.0463 68247291
78.60156 106.4951 68247324
78.5039 105.5065 68247357
78.36797 104.0804 68247390
78.37534 103.3721 68247425
78.43153 102.7184 68247457
78.52875 102.2793 68247490
78.01105 100.0653 68247524
78.54698 101.0021 68247557
78.5487 100.262 68247590
78.87173 101.0428 68247624
78.50466 99.82207 68247657
77.85403 97.59169 68247690
77.55109 96.63446 68247725
77.51814 96.64989 68247758
77.29185 96.42259 68247791
77.00731 96.09031 68247824
76.78886 95.78596 68247856
76.45738 95.31929 68247890
76.22554 94.95145 68247924
76.03932 94.85439 68247957
75.72355 94.33455 68247989
75.5135 94.21426 68248024
75.35603 93.95948 68248076
75.2307 93.79837 68248091
75.16518 93.74093 68248124
75.14884 93.73572 68248156
75.12759 93.76953 68248191
75.13239 93.89169 68248224
75.21391 94.1937 68248257
75.47982 94.77033 68248289
74.9227 93.98206 68248324
74.37519 91.80077 68248356
73.97765 89.36609 68248391
74.91325 91.95963 68248424
75.59792 95.90485 68248458
75.61516 96.00843 68248491
76.92023 95.1465 68248524
77.03164 93.53913 68248556
78.79927 90.92495 68248590
77.593 76.02508 68248623
79.69516 77.08039 68248656
77.65578 48.50838 68248689
73.27612 33.6625 68248723
72.60632 102.0204 68248757
72.82214 39.96988 68248790
73.9833 25.0537 68248824
73.86742 22.92762 68248857
73.10538 73.38076 68248889
73.18619 71.2514 68248923
75.61543 39.5232 68248956
74.13101 89.94684 68248989
74.96423 90.58762 68249025
75.49696 92.37903 68249057
76.30966 94.77499 68249089
76.72013 95.69105 68249124
76.52727 95.91015 68249157
76.48072 96.40279 68249190
74.36686 88.81934 68249224
74.38831 89.08018 68249257
74.55364 90.11928 68249290
75.00775 92.84639 68249324
74.97845 92.87698 68249357
74.89149 93.25279 68249389
74.70483 93.64617 68249423
74.42657 93.65881 68249457
74.26042 93.89775 68249489
74.24048 94.90135 68249524
74.2281 95.17519 68249557
74.19724 95.3173 68249589
74.17505 95.62493 68249624
74.18479 95.71499 68249658
74.15549 95.78749 68249690
74.15443 95.89616 68249724
74.17622 95.96784 68249757
74.22268 96.26214 68249789
74.2897 96.58761 68249823
74.52658 97.04399 68249857
74.77682 97.60085 68249890
74.87021 97.72099 68249924
75.00542 97.92706 68249957
75.29314 97.68508 68249990
74.97018 95.65015 68250025
75.95974 98.41631 68250058
76.19498 99.39941 68250108
76.77673 100.5205 68250124
77.48724 102.4806 68250157
78.21442 103.5613 68250189
77.70045 103.1368 68250224
75.31903 104.4115 68250257
79.21896 110.5874 68250290
77.488 47.52198 68250324
77.75219 54.54794 68250356
72.339 78.89702 68250389
74.6568 110.6387 68250423
74.99207 155.6183 68250456
75.23333 152.6974 68250489
75.53146 122.4916 68250523
75.00739 33.23355 68250556
76.74281 71.1045 68250590
77.05035 76.30871 68250624
77.18671 85.30573 68250657
77.84889 86.06197 68250689
78.28267 85.66943 68250724
78.80522 88.0112 68250757
79.3849 91.15781 68250790
80.1019 93.86427 68250825
80.53793 92.71684 68250858
79.9164 92.80402 68250890
80.73869 96.81864 68250924
80.66693 98.08291 68250957
81.2829 99.28561 68250990
80.68053 97.53382 68251024
81.21123 96.774 68251057
81.19138 96.62985 68251091
81.08493 96.42994 68251126
80.89932 96.18097 68251158
80.68645 96.00249 68251190
80.54663 96.00403 68251224
80.40667 95.99921 68251257
80.24744 95.99009 68251290
80.14185 96.01264 68251324
80.00974 96.34281 68251357
79.90459 96.59827 68251390
79.82623 96.93124 68251424
79.82321 97.39281 68251458
79.86865 97.73849 68251490
79.92178 98.51218 68251524
80.03255 98.80558 68251557
80.2815 99.26913 68251590
80.35381 99.55846 68251624
80.82771 100.2772 68251657
81.17036 101.0138 68251690
81.18773 101.5716 68251724
80.04136 101.206 68251757
79.56944 100.0159 68251790
78.23086 97.31708 68251824
78.76882 100.5878 68251857
79.02109 105.5134 68251889
79.14678 105.6 68251923
79.47198 105.9251 68251957
79.41017 106.084 68251990
78.47748 108.9318 68252024
79.882 108.178 68252057
80.5024 97.18166 68252090
77.18135 145.2163 68252125
76.99216 149.3846 68252158
76.94911 153.3452 68252190
76.11246 161.8166 68252224
75.23486 90.1879 68252257
75.9443 138.9506 68252289
75.75443 129.7078 68252323
76.45496 71.04613 68252356
76.28139 85.64014 68252390
74.98892 91.67296 68252424
76.4835 97.97498 68252457
77.45609 100.1492 68252490
77.59984 98.3816 68252524
77.50343 96.83106 68252557
78.29962 103.472 68252592
76.05897 94.69492 68252623
76.17528 94.60038 68252657
77.33311 98.42048 68252690
78.40384 103.2416 68252724
77.71344 102.1256 68252757
77.26521 100.3357 68252792
76.95215 99.6465 68252825
76.69283 99.08549 68252857
76.5934 99.21655 68252890
76.48841 99.22736 68252924
76.41957 99.16277 68252957
76.3735 99.0947 68252990
76.30383 98.98904 68253024
76.23832 98.93649 68253057
76.17128 98.86774 68253089
76.12931 98.8417 68253124
76.09092 98.8217 68253157
76.087 98.84015 68253190
76.08907 98.84783 68253224
76.11221 98.92117 68253257
76.16579 99.10913 68253290
76.33491 99.47246 68253325
75.96123 98.51238 68253357
75.07433 96.21738 68253391
74.82047 94.68729 68253424
75.75799 97.66446 68253458
75.89423 98.35693 68253490
76.26432 99.3846 68253523
76.68026 100.1181 68253557
77.58808 101.4887 68253590
77.41981 100.9686 68253624
77.96095 94.71218 68253657
77.96529 96.85098 68253690
77.65851 100.4027 68253723
77.6897 100.31 68253757
72.34294 142.3569 68253789
84.38761 116.3069 68253825
81.23215 174.7196 68253857
73.57653 149.7824 68253889
80.47421 100.7849 68253923
79.78936 131.2951 68253957
81.75966 107.8085 68253990
81.60049 109.3832 68254023
78.33301 100.3514 68254056
77.91402 101.9468 68254090
77.78506 104.4083 68254124
77.57417 103.8239 68254157
77.55379 103.4327 68254191
77.55923 102.6191 68254223
77.08949 101.6317 68254258
74.80554 92.25543 68254291
74.75202 92.36911 68254324
74.6905 92.92757 68254357
74.6133 93.16052 68254390
75.08221 95.37022 68254424
75.08231 95.36973 68254457
75.01273 95.36943 68254490
74.94962 95.22917 68254524
75.11336 95.89841 68254557
75.08127 95.81224 68254590
75.05958 95.68121 68254623
75.03719 95.56333 68254657
75.0436 95.54684 68254690
75.09286 95.57359 68254724
75.14318 95.6214 68254759
75.19825 95.69543 68254791
75.2989 95.82085 68254824
75.42007 96.00037 68254858
75.50958 96.04732 68254891
75.64669 96.06625 68254924
75.58346 95.59395 68254957
75.42529 93.731 68254991
75.23608 92.67858 68255024
76.1952 96.30737 68255059
76.16926 96.70732 68255091
76.21438 96.98641 68255124
76.36942 97.64931 68255174
76.91051 98.4364 68255191
77.21112 98.9659 68255226
76.3624 98.65089 68255257
76.45282 99.81727 68255289
77.06558 97.61607 68255323
