0 84587600
88.77128 84587634
88.77526 84587665
88.77999 84587698
88.7868 84587733
88.79799 84587765
88.79733 84587799
88.82033 84587833
88.83161 84587865
88.80273 84587899
88.81207 84587933
88.78096 84587965
88.78821 84587999
88.79129 84588033
88.78029 84588065
88.7681 84588100
88.72849 84588132
88.71249 84588165
88.70611 84588199
88.69891 84588232
88.64297 84588265
88.6139 84588298
88.53224 84588332
88.44711 84588365
88.26241 84588398
87.89845 84588433
87.66756 84588466
87.47366 84588500
87.47289 84588532
87.45078 84588565
86.58072 84588598
86.58651 84588632
86.58586 84588666
85.19691 84588699
85.31871 84588732
84.20845 84588765
81.18163 84588798
81.2384 84588832
80.82089 84588865
80.18537 84588899
79.60906 84588932
79.03737 84588965
77.66453 84588998
75.20502 84589032
75.13646 84589066
72.61376 84589098
71.2524 84589132
70.24575 84589165
68.06239 84589198
67.67976 84589234
66.64108 84589265
61.14901 84589299
60.11218 84589333
58.04031 84589365
55.66073 84589399
53.57244 84589432
51.1304 84589465
49.01605 84589499
46.91796 84589532
44.74084 84589565
42.76742 84589599
41.27131 84589632
39.56945 84589666
37.15458 84589700
35.14545 84589732
33.65443 84589765
32.02777 84589799
38.20738 84589833
37.42066 84589865
35.75147 84589899
36.03017 84589933
33.06983 84589965
32.21207 84589999
32.1312 84590033
31.85237 84590065
29.83412 84590099
29.10453 84590132
22.09739 84590165
33.62178 84590199
33.96711 84590233
34.20789 84590265
35.00617 84590300
34.66096 84590333
31.76476 84590365
31.2218 84590399
29.77828 84590433
28.06382 84590465
27.47032 84590500
26.39563 84590533
24.11385 84590565
22.1078 84590599
22.11761 84590633
22.09156 84590665
21.51392 84590698
21.38357 84590732
21.00878 84590766
20.50278 84590799
20.1801 84590832
19.7976 84590865
18.35349 84590899
17.63367 84590933
17.13243 84590965
16.73597 84590999
16.16278 84591033
15.75595 84591065
15.65308 84591100
15.48863 84591132
15.23033 84591166
15.12533 84591199
14.61193 84591233
14.47565 84591265
14.36954 84591300
14.25288 84591333
14.11682 84591366
13.97642 84591398
13.81987 84591433
13.65652 84591465
13.61674 84591499
13.47416 84591533
13.38796 84591566
13.24942 84591599
13.10065 84591632
12.97966 84591665
12.86351 84591699
13.03504 84591734
13.10103 84591766
13.08355 84591798
13.0782 84591833
13.08189 84591865
12.63969 84591899
12.51716 84591933
12.51145 84591965
12.8111 84591999
12.86497 84592033
12.86279 84592065
12.84288 84592099
12.86259 84592132
12.87068 84592165
13.00226 84592199
13.09269 84592232
13.18129 84592265
