0.1681881 0.3986356 1.806536 Tracked 76160818
0.1681881 0.3986356 1.806536 Tracked 76160818
0.1681881 0.3986356 1.806536 Tracked 76160820
0.1681881 0.3986356 1.806536 Tracked 76160820
0.1681881 0.3986356 1.806536 Tracked 76160820
0.1681881 0.3986356 1.806536 Tracked 76160820
0.1681881 0.3986356 1.806536 Tracked 76160820
0.1681881 0.3986356 1.806536 Tracked 76160820
0.1681881 0.3986356 1.806536 Tracked 76160820
0.1681881 0.3986356 1.806536 Tracked 76160820
0.1681881 0.3986356 1.806536 Tracked 76160820
0.1681881 0.3986356 1.806536 Tracked 76160820
0.1681881 0.3986356 1.806536 Tracked 76160820
0.1681881 0.3986356 1.806536 Tracked 76160820
0.1681881 0.3986356 1.806536 Tracked 76160820
0.1681881 0.3986356 1.806536 Tracked 76160820
0.1681881 0.3986356 1.806536 Tracked 76160820
0.1681881 0.3986356 1.806536 Tracked 76160820
0.1681881 0.3986356 1.806536 Tracked 76160820
0.1681881 0.3986356 1.806536 Tracked 76160820
0.1681881 0.3986356 1.806536 Tracked 76160821
0.1681881 0.3986356 1.806536 Tracked 76160821
0.1681881 0.3986356 1.806536 Tracked 76160821
0.1681881 0.3986356 1.806536 Tracked 76160821
0.1681881 0.3986356 1.806536 Tracked 76160821
0.1681881 0.3986356 1.806536 Tracked 76160821
0.1681881 0.3986356 1.806536 Tracked 76160821
0.1655173 0.3980493 1.807517 Tracked 76160821
0.165837 0.3979509 1.808571 Tracked 76160851
0.1659793 0.3977263 1.808969 Tracked 76160884
0.1661871 0.3974999 1.809664 Tracked 76160919
0.1664431 0.3971847 1.810686 Tracked 76160951
0.1665448 0.3971391 1.811012 Tracked 76160984
0.1667658 0.3970485 1.811668 Tracked 76161019
0.1669301 0.396868 1.812196 Tracked 76161052
0.1670398 0.3967283 1.812793 Tracked 76161084
0.1671863 0.3967613 1.813108 Tracked 76161118
0.1673119 0.3966918 1.813379 Tracked 76161151
0.1673553 0.3966809 1.813422 Tracked 76161184
0.1674224 0.3966655 1.813533 Tracked 76161219
0.167534 0.3966797 1.813741 Tracked 76161251
0.1676139 0.3967236 1.81392 Tracked 76161284
0.1676461 0.3967212 1.813939 Tracked 76161318
0.1677144 0.3967282 1.814013 Tracked 76161352
0.1677249 0.396722 1.814024 Tracked 76161384
0.1677692 0.3967437 1.814162 Tracked 76161419
0.167806 0.3967306 1.814213 Tracked 76161451
0.1678313 0.3967156 1.814198 Tracked 76161484
0.1678605 0.3967002 1.814184 Tracked 76161518
0.1679531 0.3966639 1.814159 Tracked 76161551
0.1680414 0.3966626 1.814178 Tracked 76161584
0.1680699 0.3966215 1.814161 Tracked 76161618
0.1680967 0.396583 1.814145 Tracked 76161652
0.1681404 0.3965845 1.814159 Tracked 76161686
0.1681752 0.3965791 1.814172 Tracked 76161719
0.1682721 0.3965814 1.81424 Tracked 76161752
0.1683351 0.3965056 1.814214 Tracked 76161784
0.1683642 0.3964718 1.814226 Tracked 76161819
0.1683942 0.3964135 1.814205 Tracked 76161851
0.1684067 0.396397 1.814248 Tracked 76161885
0.168429 0.3963912 1.814256 Tracked 76161919
0.168429 0.3963832 1.814204 Tracked 76161952
0.1684456 0.3963832 1.814212 Tracked 76161985
0.1684615 0.3963917 1.814162 Tracked 76162020
0.1684528 0.3963996 1.814116 Tracked 76162054
0.1684407 0.3964086 1.814107 Tracked 76162086
0.1684082 0.3964356 1.814054 Tracked 76162119
0.1684017 0.3964416 1.814014 Tracked 76162152
0.1682997 0.3964836 1.813877 Tracked 76162184
0.1682672 0.396527 1.813831 Tracked 76162219
0.1681531 0.3966354 1.813763 Tracked 76162251
0.1678775 0.3967904 1.813356 Tracked 76162284
0.1673178 0.3973069 1.812872 Tracked 76162319
0.1663228 0.398162 1.811751 Tracked 76162353
0.165044 0.3992112 1.810313 Tracked 76162386
0.1630459 0.400261 1.808247 Tracked 76162418
0.1601029 0.401437 1.805235 Tracked 76162452
0.1573626 0.4016106 1.802008 Tracked 76162485
0.1557086 0.4006176 1.795063 Tracked 76162520
0.1503214 0.396601 1.791292 Tracked 76162552
0.1444575 0.3878309 1.785608 Tracked 76162585
0.1382874 0.3711587 1.776371 Tracked 76162619
0.1324937 0.3493439 1.765785 Tracked 76162651
0.1270385 0.3236398 1.756005 Tracked 76162685
0.1223329 0.288195 1.743081 Tracked 76162719
0.1191574 0.2395707 1.735507 Tracked 76162752
0.1175789 0.2064653 1.725042 Tracked 76162793
0.1156964 0.1561082 1.713162 Tracked 76162817
0.1136725 0.1279704 1.705116 Tracked 76162851
0.1117152 0.07437187 1.695754 Tracked 76162884
0.1095029 0.05065438 1.689009 Tracked 76162918
0.1082401 0.01673745 1.679275 Tracked 76162953
0.1115423 -0.000834876 1.673937 Tracked 76162985
0.1121003 -0.03007262 1.66978 Tracked 76163018
0.1122752 -0.04594533 1.666837 Tracked 76163050
0.1133339 -0.06077084 1.66505 Tracked 76163084
0.1132231 -0.07344031 1.662814 Tracked 76163119
0.1132062 -0.08207439 1.660237 Tracked 76163153
0.113173 -0.08938822 1.65887 Tracked 76163185
0.1137789 -0.09734475 1.657199 Tracked 76163217
0.1143023 -0.1047372 1.655469 Tracked 76163250
0.1150983 -0.111434 1.653725 Tracked 76163284
0.1155426 -0.1172111 1.652369 Tracked 76163318
0.116025 -0.1226052 1.652143 Tracked 76163352
0.116377 -0.1276048 1.652297 Tracked 76163384
0.1169536 -0.1301632 1.65193 Tracked 76163419
0.1176632 -0.1323986 1.651448 Tracked 76163451
0.1178806 -0.1339176 1.651652 Tracked 76163483
0.1181119 -0.1342984 1.651652 Tracked 76163517
0.1183742 -0.1343419 1.651804 Tracked 76163551
0.1191511 -0.132961 1.652128 Tracked 76163585
0.1201131 -0.1291146 1.653105 Tracked 76163618
0.1211125 -0.1213253 1.655271 Tracked 76163651
0.1223567 -0.1100487 1.659226 Tracked 76163685
0.1236887 -0.09674971 1.661915 Tracked 76163718
0.1249154 -0.07901499 1.665166 Tracked 76163751
0.1265465 -0.05999229 1.667738 Tracked 76163794
0.1274045 -0.04409428 1.669747 Tracked 76163819
0.1271267 -0.02027287 1.674881 Tracked 76163852
0.1278488 0.0005602385 1.679524 Tracked 76163884
0.1283779 0.02108079 1.683013 Tracked 76163917
0.1274444 0.0480638 1.687303 Tracked 76163951
0.1295254 0.07173853 1.691718 Tracked 76163984
0.1300327 0.09892193 1.694587 Tracked 76164018
0.1314134 0.1244656 1.700904 Tracked 76164051
0.1311729 0.1487334 1.705302 Tracked 76164084
0.1317697 0.1717754 1.709206 Tracked 76164118
0.1325668 0.2024524 1.714397 Tracked 76164151
0.1323843 0.2100157 1.71571 Tracked 76164184
0.1330565 0.2502234 1.726261 Tracked 76164217
0.1328962 0.2629456 1.728769 Tracked 76164251
0.1325145 0.2873462 1.732447 Tracked 76164283
0.1328951 0.30236 1.735975 Tracked 76164317
0.1338562 0.3182267 1.74152 Tracked 76164352
0.1341394 0.3298025 1.746447 Tracked 76164386
0.1342783 0.3421668 1.752575 Tracked 76164418
0.1341257 0.3586782 1.757498 Tracked 76164452
0.1338128 0.3667607 1.760993 Tracked 76164484
0.1335772 0.3746976 1.764187 Tracked 76164519
0.1336409 0.3831263 1.769197 Tracked 76164552
0.1337111 0.3886497 1.772112 Tracked 76164586
0.133719 0.3887803 1.772198 Tracked 76164619
0.1337585 0.3891916 1.77255 Tracked 76164653
0.1352449 0.4000933 1.781323 Tracked 76164684
0.1355923 0.4032041 1.78416 Tracked 76164718
0.1359659 0.4055948 1.787176 Tracked 76164751
0.1358725 0.4072356 1.789182 Tracked 76164785
0.1358842 0.4083478 1.791326 Tracked 76164819
0.1359615 0.4089862 1.79292 Tracked 76164851
0.1359553 0.4091136 1.794205 Tracked 76164884
0.1360583 0.4092273 1.795714 Tracked 76164918
0.1360204 0.4092326 1.796739 Tracked 76164952
0.1359498 0.4094943 1.797782 Tracked 76164986
0.1355955 0.4098442 1.798868 Tracked 76165020
0.1355572 0.4100505 1.799604 Tracked 76165052
0.1354122 0.4100757 1.800385 Tracked 76165084
0.1352309 0.4101307 1.801223 Tracked 76165117
0.1350905 0.4101908 1.801666 Tracked 76165151
0.1350079 0.4103523 1.801911 Tracked 76165184
0.1348796 0.4104486 1.801966 Tracked 76165218
0.1345092 0.4105439 1.801874 Tracked 76165251
0.1340306 0.4106512 1.801564 Tracked 76165284
0.1329337 0.4104955 1.800154 Tracked 76165317
0.1316521 0.4095521 1.798119 Tracked 76165352
0.1299475 0.4071419 1.794943 Tracked 76165384
0.1298432 0.406872 1.794955 Tracked 76165419
0.1264849 0.3969505 1.788871 Tracked 76165451
0.1245171 0.3870273 1.784079 Tracked 76165484
0.1230347 0.3761313 1.780111 Tracked 76165518
0.1209021 0.363679 1.775948 Tracked 76165551
0.1188549 0.3479179 1.771508 Tracked 76165584
0.1165365 0.3313538 1.767331 Tracked 76165619
0.1137954 0.3143508 1.7639 Tracked 76165652
0.1102069 0.2863229 1.76073 Tracked 76165684
0.1101177 0.2855431 1.760464 Tracked 76165719
0.1073296 0.2441916 1.751869 Tracked 76165752
0.1063838 0.2299992 1.748854 Tracked 76165786
0.1043999 0.2083573 1.744597 Tracked 76165818
0.1041415 0.1778817 1.739913 Tracked 76165853
0.1033425 0.1609855 1.738038 Tracked 76165885
0.1028925 0.1404326 1.733429 Tracked 76165917
0.1019405 0.1163056 1.728284 Tracked 76165950
0.1012802 0.09361404 1.721452 Tracked 76165983
0.1010941 0.07470716 1.717088 Tracked 76166018
0.1023202 0.05560661 1.71175 Tracked 76166051
0.1035779 0.03746825 1.706836 Tracked 76166084
0.1040609 0.01749536 1.702355 Tracked 76166118
0.1057201 0.001710451 1.698109 Tracked 76166151
0.1092273 -0.0170053 1.693678 Tracked 76166184
0.1116028 -0.03123722 1.689542 Tracked 76166218
0.1136368 -0.05104463 1.684847 Tracked 76166252
0.1146989 -0.05880333 1.68278 Tracked 76166283
0.1173664 -0.0853323 1.67727 Tracked 76166317
0.1194965 -0.09845255 1.674688 Tracked 76166351
0.1204239 -0.1143607 1.671647 Tracked 76166384
0.1229823 -0.1266321 1.667969 Tracked 76166418
0.1245072 -0.1404691 1.665017 Tracked 76166451
0.1260431 -0.1541105 1.662591 Tracked 76166484
0.1268737 -0.1688003 1.660312 Tracked 76166518
0.1271657 -0.1751605 1.658553 Tracked 76166551
0.1274581 -0.1792345 1.657651 Tracked 76166584
0.1275855 -0.1827902 1.657049 Tracked 76166618
0.1293144 -0.1918962 1.654183 Tracked 76166651
0.1301423 -0.1929348 1.654054 Tracked 76166684
0.1316742 -0.1910865 1.653918 Tracked 76166717
0.1365783 -0.1761596 1.65639 Tracked 76166751
0.1415975 -0.1386085 1.663235 Tracked 76166784
0.1420088 -0.1075683 1.671071 Tracked 76166819
0.1442525 -0.05577974 1.678117 Tracked 76166852
0.1466131 -0.005746755 1.690837 Tracked 76166886
0.1492312 0.05015302 1.699599 Tracked 76166917
0.1544798 0.1168986 1.710232 Tracked 76166951
0.1545598 0.1757048 1.721806 Tracked 76166985
0.1546408 0.2344148 1.731373 Tracked 76167017
0.1563502 0.2930779 1.741864 Tracked 76167051
0.157842 0.3253068 1.752032 Tracked 76167085
0.1573838 0.3763635 1.763905 Tracked 76167119
0.1588763 0.3956769 1.771266 Tracked 76167152
0.1600277 0.414897 1.77752 Tracked 76167185
0.1622419 0.4288928 1.783229 Tracked 76167218
0.1641133 0.4334287 1.786112 Tracked 76167251
0.165325 0.4348243 1.78847 Tracked 76167285
0.1664994 0.4344251 1.790164 Tracked 76167318
0.1671604 0.4338916 1.79214 Tracked 76167351
0.167133 0.4335449 1.792842 Tracked 76167384
0.1669184 0.4333103 1.794112 Tracked 76167418
0.1663733 0.433165 1.795104 Tracked 76167450
0.1655795 0.433002 1.795959 Tracked 76167484
0.1647761 0.4324327 1.796702 Tracked 76167518
0.1635927 0.4315138 1.798374 Tracked 76167551
0.1627976 0.4312184 1.800224 Tracked 76167584
0.1616961 0.4310496 1.802951 Tracked 76167618
0.1605219 0.4304306 1.804202 Tracked 76167652
0.1595621 0.4301922 1.805276 Tracked 76167684
0.1583151 0.4299164 1.806669 Tracked 76167718
0.1570916 0.4295891 1.807507 Tracked 76167751
0.1559 0.4294326 1.808804 Tracked 76167784
0.1546468 0.4292743 1.809606 Tracked 76167818
0.1532717 0.4292259 1.810473 Tracked 76167851
0.1516202 0.4291907 1.81049 Tracked 76167884
0.1495967 0.4286446 1.809904 Tracked 76167919
0.1473742 0.4286255 1.809214 Tracked 76167951
0.1445818 0.4284882 1.807588 Tracked 76167986
0.141368 0.4281602 1.804764 Tracked 76168019
0.1386666 0.4279558 1.802736 Tracked 76168052
0.1360258 0.4273899 1.800072 Tracked 76168084
0.1336747 0.4268134 1.797752 Tracked 76168119
0.1314576 0.4256119 1.795527 Tracked 76168152
0.1288039 0.4237756 1.792475 Tracked 76168184
0.1265891 0.4217819 1.790255 Tracked 76168218
0.1236622 0.4176759 1.786426 Tracked 76168251
0.1212651 0.412859 1.783308 Tracked 76168284
0.1184298 0.4064295 1.779476 Tracked 76168319
0.1161197 0.398602 1.776707 Tracked 76168353
0.1134209 0.3869376 1.772832 Tracked 76168385
0.1107552 0.3739454 1.7677 Tracked 76168418
0.1083626 0.3615601 1.764945 Tracked 76168452
0.1045012 0.3439613 1.7598 Tracked 76168485
0.1034313 0.3358003 1.758063 Tracked 76168518
0.09931001 0.3033466 1.753788 Tracked 76168552
0.09856254 0.2898941 1.751776 Tracked 76168585
0.09812331 0.2696695 1.746888 Tracked 76168618
0.09765497 0.2527063 1.743614 Tracked 76168652
0.09636091 0.233432 1.739774 Tracked 76168684
0.0958237 0.2243238 1.737952 Tracked 76168718
0.09453876 0.1870977 1.730896 Tracked 76168750
0.09444585 0.1766387 1.729509 Tracked 76168785
0.0932458 0.1593474 1.726849 Tracked 76168826
0.09305143 0.1431903 1.723016 Tracked 76168851
0.09202535 0.1251135 1.719544 Tracked 76168883
0.09277394 0.1075071 1.716462 Tracked 76168918
0.09200618 0.08970241 1.714058 Tracked 76168950
0.09324973 0.0736711 1.709788 Tracked 76168985
0.093188 0.06099952 1.707194 Tracked 76169017
0.09341955 0.05734231 1.706228 Tracked 76169051
0.09440451 0.02536394 1.698707 Tracked 76169084
0.09484649 0.0167278 1.697119 Tracked 76169119
0.09580842 0.005472874 1.694183 Tracked 76169153
0.09658284 -0.007929752 1.691508 Tracked 76169186
0.09886139 -0.02283134 1.687426 Tracked 76169218
0.1003176 -0.03560992 1.684244 Tracked 76169250
0.1013227 -0.04374935 1.6824 Tracked 76169282
0.1032603 -0.06655966 1.677586 Tracked 76169317
0.1050464 -0.08115912 1.675797 Tracked 76169350
0.1062215 -0.09368665 1.674046 Tracked 76169383
0.1082434 -0.107017 1.671087 Tracked 76169417
0.1097539 -0.1202565 1.669161 Tracked 76169450
0.111024 -0.1314683 1.667823 Tracked 76169484
0.110997 -0.1314696 1.667849 Tracked 76169517
0.1116689 -0.1568153 1.666036 Tracked 76169552
0.1113733 -0.1654215 1.664905 Tracked 76169584
0.1113048 -0.1734823 1.663862 Tracked 76169618
0.1111861 -0.1791744 1.663 Tracked 76169650
0.1112084 -0.1792616 1.663033 Tracked 76169683
0.1111873 -0.1835759 1.662805 Tracked 76169718
0.111249 -0.1831392 1.662991 Tracked 76169751
0.1114623 -0.1820847 1.663399 Tracked 76169784
0.1117256 -0.1786746 1.664674 Tracked 76169819
0.112862 -0.1601758 1.670466 Tracked 76169850
0.1138097 -0.1323854 1.676114 Tracked 76169883
0.113409 -0.1004379 1.683976 Tracked 76169917
0.1140266 -0.05373912 1.692483 Tracked 76169951
0.1151978 -0.01062856 1.700952 Tracked 76169984
0.1150252 0.04460611 1.70945 Tracked 76170018
0.1166911 0.1002007 1.72305 Tracked 76170051
0.1182953 0.1612087 1.733655 Tracked 76170084
0.1183865 0.2181533 1.74422 Tracked 76170118
0.1226834 0.2759276 1.75668 Tracked 76170151
0.1238957 0.3208268 1.763822 Tracked 76170184
0.1251178 0.3703173 1.772721 Tracked 76170218
0.1260713 0.3967171 1.781281 Tracked 76170251
0.1268613 0.4196965 1.791579 Tracked 76170284
0.1291434 0.4338728 1.799553 Tracked 76170318
0.1298927 0.4411822 1.803579 Tracked 76170351
0.130967 0.4426351 1.806764 Tracked 76170384
0.132151 0.4419557 1.810624 Tracked 76170419
0.132764 0.4414486 1.812624 Tracked 76170451
0.1330682 0.4412809 1.814151 Tracked 76170484
0.1330942 0.441112 1.81547 Tracked 76170518
0.133111 0.4408524 1.816182 Tracked 76170551
0.1329927 0.4405175 1.816781 Tracked 76170584
0.1328582 0.4400728 1.817312 Tracked 76170619
0.1325495 0.4396537 1.817779 Tracked 76170651
0.1319457 0.439098 1.817731 Tracked 76170684
0.1310414 0.4387796 1.817686 Tracked 76170718
0.1301321 0.4384683 1.817511 Tracked 76170751
0.1291583 0.4380658 1.817055 Tracked 76170784
0.1284773 0.4378124 1.816733 Tracked 76170817
0.1279425 0.4377252 1.816364 Tracked 76170851
0.1276793 0.437729 1.816368 Tracked 76170884
0.1270771 0.4377955 1.816031 Tracked 76170918
0.1265244 0.4377417 1.815865 Tracked 76170951
0.1260996 0.4376993 1.815916 Tracked 76170985
0.1256785 0.4377079 1.815781 Tracked 76171018
0.1254939 0.4377121 1.81582 Tracked 76171054
0.125262 0.4376476 1.815861 Tracked 76171085
0.1248237 0.4373565 1.815821 Tracked 76171118
0.1238237 0.4362912 1.815247 Tracked 76171152
0.122227 0.4340202 1.813586 Tracked 76171185
0.1195172 0.4295615 1.809298 Tracked 76171219
0.116769 0.4254955 1.804838 Tracked 76171251
0.1143636 0.4200657 1.800345 Tracked 76171285
0.1113733 0.4145529 1.795095 Tracked 76171319
0.1080975 0.4077151 1.789673 Tracked 76171352
0.1040019 0.4003539 1.782701 Tracked 76171385
0.1001004 0.3929951 1.776421 Tracked 76171419
0.09617256 0.382725 1.770262 Tracked 76171452
0.09210721 0.3686008 1.762262 Tracked 76171484
0.08865873 0.3537244 1.757343 Tracked 76171518
0.08630084 0.3318919 1.750226 Tracked 76171552
0.08482195 0.3117949 1.74624 Tracked 76171585
0.08479485 0.3117586 1.746211 Tracked 76171619
0.08260574 0.251655 1.733399 Tracked 76171662
0.08083693 0.2424996 1.730897 Tracked 76171692
0.07696559 0.2174675 1.725166 Tracked 76171719
0.0748372 0.1926555 1.718738 Tracked 76171752
0.07214297 0.1733804 1.7147 Tracked 76171785
0.06804365 0.1505557 1.709759 Tracked 76171819
0.06673324 0.1288557 1.705045 Tracked 76171852
0.06232447 0.1058709 1.701427 Tracked 76171894
0.0611276 0.08514249 1.697214 Tracked 76171926
0.05980977 0.0659454 1.691485 Tracked 76171952
0.0567438 0.04503872 1.688023 Tracked 76171985
0.05627759 0.02102181 1.684032 Tracked 76172017
0.05575436 0.002992758 1.678807 Tracked 76172050
0.05557111 -0.01476116 1.676207 Tracked 76172084
0.05698919 -0.03212853 1.671665 Tracked 76172118
0.05851202 -0.05245629 1.667801 Tracked 76172151
0.05900916 -0.06543576 1.664669 Tracked 76172184
0.06109061 -0.08394089 1.661641 Tracked 76172219
0.06379896 -0.09822221 1.657921 Tracked 76172251
0.06624272 -0.1124076 1.653548 Tracked 76172284
0.06829342 -0.1285693 1.653079 Tracked 76172318
0.0695956 -0.1382408 1.652056 Tracked 76172352
0.07141437 -0.1495706 1.648575 Tracked 76172385
0.07466848 -0.1621195 1.647657 Tracked 76172425
0.07586133 -0.1717523 1.645964 Tracked 76172460
0.0777803 -0.1786128 1.644773 Tracked 76172494
0.08097999 -0.183731 1.641543 Tracked 76172527
0.08261222 -0.1869381 1.640553 Tracked 76172556
0.08455209 -0.1910712 1.640909 Tracked 76172584
0.08585625 -0.1939211 1.641357 Tracked 76172618
0.08681581 -0.1954796 1.641428 Tracked 76172651
0.08751944 -0.1962824 1.641472 Tracked 76172684
0.08831847 -0.1974173 1.642016 Tracked 76172718
0.08883301 -0.1980517 1.642512 Tracked 76172752
0.08932829 -0.1976822 1.643031 Tracked 76172785
0.09008135 -0.1957387 1.643785 Tracked 76172818
0.09123956 -0.1895619 1.647041 Tracked 76172852
0.09286353 -0.1689318 1.651883 Tracked 76172893
0.0937122 -0.1509544 1.657694 Tracked 76172918
0.09567565 -0.1224901 1.65837 Tracked 76172951
0.09474555 -0.09292413 1.663055 Tracked 76172985
0.09588487 -0.06466427 1.667078 Tracked 76173018
0.09285352 -0.0286494 1.674048 Tracked 76173051
0.09515871 0.001905846 1.680369 Tracked 76173085
0.0959623 0.01589041 1.682847 Tracked 76173123
0.1000649 0.09219319 1.69575 Tracked 76173153
0.103792 0.1372716 1.703959 Tracked 76173185
0.1068694 0.1890669 1.717967 Tracked 76173218
0.1091616 0.2470135 1.729472 Tracked 76173252
0.1128873 0.2975948 1.746829 Tracked 76173286
0.1156752 0.3533123 1.758263 Tracked 76173318
0.1204421 0.3896565 1.777446 Tracked 76173352
0.1224121 0.4239786 1.792474 Tracked 76173385
0.1240633 0.4428498 1.804428 Tracked 76173418
0.1248647 0.4527478 1.814977 Tracked 76173452
0.1266539 0.4552864 1.821997 Tracked 76173485
0.128508 0.4549669 1.828553 Tracked 76173518
0.1288163 0.4546193 1.832052 Tracked 76173551
0.1290127 0.45435 1.835758 Tracked 76173584
0.1290174 0.4539011 1.837759 Tracked 76173618
0.1290208 0.4529856 1.839866 Tracked 76173652
0.1287899 0.452425 1.840918 Tracked 76173684
0.1285944 0.4521697 1.841864 Tracked 76173719
0.1282276 0.4519559 1.843116 Tracked 76173751
0.1274092 0.4511801 1.844524 Tracked 76173784
0.1269606 0.4507723 1.845913 Tracked 76173818
0.1265912 0.4501559 1.846746 Tracked 76173851
0.1264763 0.449033 1.847542 Tracked 76173884
0.126346 0.4462348 1.849047 Tracked 76173918
0.1270912 0.4431388 1.849955 Tracked 76173951
0.1261341 0.4379049 1.848931 Tracked 76173984
0.1242338 0.434267 1.846822 Tracked 76174018
0.1232135 0.431262 1.844673 Tracked 76174051
0.1230755 0.4323736 1.843337 Tracked 76174084
0.1225361 0.433306 1.841212 Tracked 76174118
0.121608 0.4341251 1.837388 Tracked 76174151
0.1190448 0.4354767 1.828614 Tracked 76174184
0.1066939 0.4321513 1.805449 Tracked 76174217
0.1010842 0.4324633 1.796952 Tracked 76174251
0.09486222 0.4320019 1.790243 Tracked 76174284
0.09487637 0.432529 1.789944 Tracked 76174317
0.09498563 0.4330273 1.789741 Tracked 76174351
0.09357826 0.4327332 1.788573 Tracked 76174384
0.09245681 0.4318423 1.787675 Tracked 76174417
0.09259619 0.4314228 1.787664 Tracked 76174450
0.09290411 0.4307237 1.787652 Tracked 76174484
0.09324359 0.4301814 1.787808 Tracked 76174517
0.09356686 0.4296369 1.788124 Tracked 76174550
0.09153628 0.4247156 1.785114 Tracked 76174584
0.09207129 0.4245051 1.785518 Tracked 76174617
0.09241083 0.4242416 1.785829 Tracked 76174651
0.09286891 0.4239005 1.786202 Tracked 76174684
0.09350459 0.4236359 1.786775 Tracked 76174718
0.09512628 0.4231847 1.787583 Tracked 76174751
0.0963901 0.4229599 1.788432 Tracked 76174784
0.09651777 0.4228405 1.78857 Tracked 76174818
0.09897123 0.4232085 1.790079 Tracked 76174851
0.09888142 0.4230566 1.789985 Tracked 76174883
0.09883535 0.4229507 1.789939 Tracked 76174918
0.1001303 0.4231927 1.790525 Tracked 76174951
0.1001297 0.4231931 1.790525 Tracked 76174990
0.1011058 0.4235574 1.790954 Tracked 76175024
0.1018457 0.423857 1.791207 Tracked 76175054
0.1026266 0.4241725 1.791431 Tracked 76175085
0.1031281 0.424434 1.791484 Tracked 76175119
0.1036806 0.4245176 1.791151 Tracked 76175151
0.1043048 0.4246303 1.790708 Tracked 76175184
0.1049175 0.424603 1.789704 Tracked 76175218
0.1054995 0.4245411 1.788593 Tracked 76175252
0.1062462 0.4240667 1.786679 Tracked 76175284
0.1070004 0.4233933 1.784712 Tracked 76175318
0.1077331 0.4224029 1.782126 Tracked 76175351
0.1122126 0.4150001 1.768952 Tracked 76175385
0.1139121 0.4105647 1.763054 Tracked 76175418
0.1256736 0.3738759 1.721943 Tracked 76175452
0.1236997 0.3763573 1.725278 Tracked 76175484
0.1227925 0.3714244 1.722613 Tracked 76175518
0.1239384 0.323033 1.690951 Tracked 76175550
0.1242284 0.311947 1.686264 Tracked 76175584
0.1259386 0.2840348 1.67504 Tracked 76175618
0.1302896 0.2489756 1.668232 Tracked 76175651
0.1291189 0.2307733 1.6608 Tracked 76175683
0.1288726 0.200601 1.652765 Tracked 76175718
0.1264523 0.1680071 1.646312 Tracked 76175751
0.1260946 0.135031 1.641986 Tracked 76175785
0.1249443 0.0890175 1.641988 Tracked 76175818
0.126134 0.06178297 1.64202 Tracked 76175852
0.1261369 0.02148123 1.643777 Tracked 76175885
0.1247945 -0.007710138 1.647647 Tracked 76175919
0.1248886 -0.03913552 1.652446 Tracked 76175960
0.1269231 -0.07740796 1.660358 Tracked 76175984
0.1275789 -0.09033602 1.662907 Tracked 76176018
0.1335663 -0.08935992 1.64437 Tracked 76176051
0.1338118 -0.0949461 1.64184 Tracked 76176085
0.1120306 -0.1760571 1.703344 Tracked 76176119
0.1235486 -0.1918705 1.719077 Tracked 76176152
0.132665 -0.09962488 1.62729 Tracked 76176185
0.1323426 -0.102156 1.62925 Tracked 76176219
0.1326216 -0.1028667 1.629773 Tracked 76176252
0.1333007 -0.1035719 1.631676 Tracked 76176284
0.09081396 -0.2560388 1.795917 Tracked 76176320
0.09896502 -0.2428562 1.805251 Inferred 76176352
0.1143184 -0.1885075 1.753616 Tracked 76176384
0.1361909 -0.08535555 1.677126 Tracked 76176419
0.1365381 -0.0623185 1.674537 Tracked 76176452
0.136234 -0.02021908 1.675172 Tracked 76176484
0.1352667 0.01471151 1.677643 Tracked 76176519
0.1358072 0.07073817 1.680079 Tracked 76176552
0.1355843 0.1012547 1.68846 Tracked 76176584
0.1353897 0.1451818 1.695971 Tracked 76176619
0.1359162 0.1723676 1.705085 Tracked 76176651
0.1350744 0.2195373 1.717474 Tracked 76176685
0.1342089 0.2361484 1.72522 Tracked 76176718
0.1319046 0.2733563 1.738235 Tracked 76176752
0.1314656 0.2972202 1.749258 Tracked 76176785
0.1279398 0.3267201 1.76026 Tracked 76176818
0.127831 0.3336053 1.763888 Tracked 76176851
0.1276609 0.3425644 1.769316 Tracked 76176884
0.1276003 0.3490162 1.773797 Tracked 76176918
0.1272923 0.3658244 1.787153 Tracked 76176959
0.1272733 0.3712899 1.791643 Tracked 76176984
0.1264241 0.3853247 1.80506 Tracked 76177018
0.1252924 0.4058958 1.828872 Tracked 76177051
0.1253453 0.4067384 1.830741 Tracked 76177083
0.1254259 0.4023195 1.826755 Tracked 76177118
0.1255931 0.4011216 1.826148 Tracked 76177152
0.1250958 0.4009311 1.827472 Tracked 76177184
0.1247204 0.4006879 1.828412 Tracked 76177218
0.1243802 0.400458 1.829235 Tracked 76177250
0.1240503 0.4003111 1.829868 Tracked 76177284
0.1238222 0.4001993 1.83035 Tracked 76177318
0.1236243 0.4001215 1.830608 Tracked 76177351
0.123498 0.4001116 1.830865 Tracked 76177388
0.123392 0.4000703 1.830899 Tracked 76177418
0.1233279 0.4000627 1.830945 Tracked 76177451
0.1232044 0.4000725 1.830927 Tracked 76177484
0.1230643 0.4000614 1.830783 Tracked 76177518
0.1228877 0.4000589 1.830543 Tracked 76177551
0.1225746 0.4000238 1.829697 Tracked 76177585
0.1225079 0.4002422 1.829393 Tracked 76177618
0.1228083 0.4007707 1.828782 Tracked 76177652
0.1230193 0.4012942 1.827921 Tracked 76177686
0.1233063 0.4016782 1.826216 Tracked 76177725
0.1233609 0.4020965 1.824921 Tracked 76177761
0.1232956 0.402311 1.822717 Tracked 76177787
0.1235193 0.4015914 1.819181 Tracked 76177818
0.1219713 0.3975278 1.794626 Tracked 76177851
0.1227083 0.3902211 1.78404 Tracked 76177883
0.1230301 0.3820922 1.775859 Tracked 76177918
0.1213613 0.3398116 1.746596 Tracked 76177951
0.1208535 0.3255149 1.739565 Tracked 76177984
0.1198965 0.2874011 1.721312 Tracked 76178017
0.1275965 0.2488678 1.712063 Tracked 76178051
0.124812 0.2319217 1.704285 Tracked 76178084
0.1236097 0.2186499 1.699624 Tracked 76178118
0.120097 0.1578202 1.686774 Tracked 76178151
0.121405 0.1355251 1.682942 Tracked 76178184
0.1234781 0.08913131 1.680233 Tracked 76178217
0.1231962 0.0614012 1.678011 Tracked 76178250
0.1245622 0.02044733 1.679051 Tracked 76178282
0.1249053 -0.006792611 1.682709 Tracked 76178318
0.1244886 -0.04128448 1.685402 Tracked 76178351
0.1229078 -0.07655395 1.694079 Tracked 76178384
0.1220531 -0.09985953 1.698483 Tracked 76178418
0.1221012 -0.1124551 1.699498 Tracked 76178451
0.1233643 -0.1211501 1.697469 Tracked 76178484
0.1248757 -0.1267062 1.691082 Tracked 76178518
0.1273962 -0.1293654 1.68178 Tracked 76178552
0.1292818 -0.1258922 1.673514 Tracked 76178586
0.1297611 -0.1251129 1.670001 Tracked 76178627
0.1298775 -0.1247977 1.667766 Tracked 76178657
0.129885 -0.1241413 1.666807 Tracked 76178685
0.1298017 -0.1216286 1.664706 Tracked 76178718
0.1297978 -0.120882 1.665741 Tracked 76178751
0.1288922 -0.1182245 1.670447 Tracked 76178784
0.1283512 -0.1132477 1.677719 Tracked 76178818
0.1257077 -0.09265647 1.68111 Tracked 76178850
0.1266826 -0.03965525 1.678182 Tracked 76178884
0.1235708 -0.004732835 1.676593 Tracked 76178918
0.1230312 0.05030229 1.677205 Tracked 76178950
0.1243347 0.08918337 1.680552 Tracked 76178984
0.1272839 0.1359726 1.689401 Tracked 76179019
0.1284304 0.1665745 1.694133 Tracked 76179054
0.1286064 0.2175544 1.703169 Tracked 76179088
0.129229 0.2350305 1.708957 Tracked 76179119
0.1281366 0.2700163 1.716987 Tracked 76179154
0.1273209 0.2984915 1.726304 Tracked 76179188
0.124498 0.326729 1.733529 Tracked 76179221
0.1246779 0.3353299 1.736773 Tracked 76179254
0.1263004 0.3705471 1.751892 Tracked 76179288
0.1260886 0.3688831 1.75114 Tracked 76179318
0.1260595 0.3717799 1.752725 Tracked 76179351
0.1257177 0.3750087 1.75465 Tracked 76179384
0.1253191 0.3780904 1.756859 Tracked 76179418
0.1272734 0.4084738 1.777777 Tracked 76179451
0.1268555 0.4086455 1.778044 Tracked 76179482
0.1266451 0.4088239 1.778482 Tracked 76179517
0.1266851 0.4068401 1.777768 Tracked 76179551
0.1265238 0.4052738 1.777075 Tracked 76179584
0.1263241 0.4041507 1.776596 Tracked 76179618
0.1262642 0.4034456 1.776276 Tracked 76179657
0.1263485 0.4030322 1.776106 Tracked 76179691
0.1264822 0.4026475 1.775853 Tracked 76179721
0.1265103 0.4023377 1.775542 Tracked 76179751
0.1265676 0.4018929 1.774932 Tracked 76179786
0.1266049 0.4016708 1.774577 Tracked 76179820
0.126639 0.4014153 1.774029 Tracked 76179857
0.1267289 0.4009546 1.772991 Tracked 76179891
0.1265316 0.4007927 1.771893 Tracked 76179926
0.126405 0.4006433 1.770544 Tracked 76179962
0.1263245 0.4005137 1.769464 Tracked 76179987
0.1268395 0.4035333 1.76508 Tracked 76180018
0.1269298 0.4018545 1.763412 Tracked 76180051
0.1272537 0.3990277 1.760626 Tracked 76180084
0.1281044 0.3935455 1.756353 Tracked 76180119
0.1320544 0.3706261 1.73013 Tracked 76180154
0.13151 0.3696861 1.731933 Tracked 76180186
0.1365563 0.3214422 1.704626 Tracked 76180219
0.1359369 0.306263 1.698627 Tracked 76180252
0.1357725 0.2693606 1.686211 Tracked 76180286
0.1388322 0.2387381 1.679538 Tracked 76180319
0.1385998 0.238203 1.678998 Tracked 76180353
0.137816 0.2142221 1.671844 Tracked 76180386
0.1359806 0.1413997 1.657476 Tracked 76180418
0.1348531 0.1288276 1.654571 Tracked 76180451
0.1306899 0.09378721 1.65061 Tracked 76180484
0.1310117 0.06238191 1.649246 Tracked 76180517
0.1305447 0.02345781 1.648935 Tracked 76180551
0.1283047 -0.003531575 1.647492 Tracked 76180583
0.1281777 -0.03462319 1.648569 Tracked 76180618
0.1241873 -0.06457696 1.650286 Tracked 76180650
0.1245567 -0.08040099 1.650557 Tracked 76180684
0.1238094 -0.09991196 1.650071 Tracked 76180718
0.1233021 -0.112295 1.649428 Tracked 76180751
0.1218813 -0.1212497 1.646176 Tracked 76180784
0.1218891 -0.1259517 1.644859 Tracked 76180818
0.1232247 -0.1255728 1.642255 Tracked 76180858
0.1236538 -0.1256432 1.641398 Tracked 76180891
0.1238689 -0.1254345 1.640297 Tracked 76180922
0.1237456 -0.1254756 1.639918 Tracked 76180954
0.1237659 -0.1251461 1.639843 Tracked 76180989
0.1239786 -0.1231664 1.640672 Tracked 76181020
0.1254576 -0.1128643 1.643964 Tracked 76181051
0.1265661 -0.09475267 1.645697 Tracked 76181084
0.126702 -0.06901117 1.646557 Tracked 76181118
0.1274616 -0.03493092 1.649252 Tracked 76181152
0.1276736 0.00547907 1.648937 Tracked 76181184
0.1297867 0.04944921 1.654303 Tracked 76181218
0.1320093 0.09266005 1.660931 Tracked 76181251
0.1345544 0.1308843 1.665565 Tracked 76181284
0.1373062 0.1696563 1.672948 Tracked 76181317
0.1387389 0.209212 1.682443 Tracked 76181351
0.1388521 0.2402762 1.690206 Tracked 76181384
0.1386476 0.2720782 1.698797 Tracked 76181417
0.1407181 0.3079286 1.708798 Tracked 76181450
0.1375875 0.3227931 1.714097 Tracked 76181484
0.1380102 0.3262957 1.715208 Tracked 76181518
0.1386183 0.3339117 1.718371 Tracked 76181552
0.1377869 0.3566471 1.727286 Tracked 76181584
0.1355171 0.3986502 1.747253 Tracked 76181618
0.1353946 0.3996681 1.747835 Tracked 76181651
0.1353315 0.4009507 1.748551 Tracked 76181684
0.1359031 0.4084868 1.754796 Tracked 76181718
0.1358313 0.4086174 1.754929 Tracked 76181751
0.1357837 0.408929 1.755398 Tracked 76181785
0.1356389 0.4090763 1.755758 Tracked 76181818
0.1355397 0.4090192 1.755924 Tracked 76181850
0.135286 0.4090204 1.756655 Tracked 76181883
0.1351702 0.4090212 1.757197 Tracked 76181918
0.1350609 0.4090609 1.757729 Tracked 76181951
0.1349179 0.4090911 1.758087 Tracked 76181984
0.1348092 0.4091702 1.758546 Tracked 76182017
0.1346786 0.4092422 1.759014 Tracked 76182051
0.134415 0.4091778 1.759156 Tracked 76182084
0.1343547 0.4092325 1.75943 Tracked 76182118
0.134334 0.4092342 1.759474 Tracked 76182151
0.1343301 0.4092304 1.759478 Tracked 76182184
0.134284 0.4091859 1.759336 Tracked 76182218
0.134268 0.4091957 1.75926 Tracked 76182250
0.1342854 0.4092096 1.759099 Tracked 76182284
0.1343915 0.4091488 1.758657 Tracked 76182318
0.1344713 0.4088453 1.757465 Tracked 76182350
0.1346951 0.4083089 1.755971 Tracked 76182384
0.1352841 0.4067977 1.753473 Tracked 76182418
0.1358444 0.404167 1.750045 Tracked 76182459
0.1367129 0.3985664 1.744979 Tracked 76182495
0.1372818 0.3558505 1.710297 Tracked 76182522
0.1375612 0.3472081 1.707017 Tracked 76182553
0.1376997 0.3146052 1.693727 Tracked 76182586
0.1367205 0.2927714 1.685365 Tracked 76182620
0.1433064 0.2446572 1.670861 Tracked 76182653
0.140893 0.2297318 1.665985 Tracked 76182687
0.1374188 0.1952372 1.657133 Tracked 76182720
0.1357827 0.1630562 1.651144 Tracked 76182753
0.1329566 0.1284411 1.64512 Tracked 76182786
0.1318197 0.09110884 1.641611 Tracked 76182818
0.1326606 0.06044063 1.636622 Tracked 76182852
0.1299874 0.00689888 1.642052 Tracked 76182886
0.1306474 -0.01551467 1.644632 Tracked 76182920
0.1290652 -0.04584669 1.646384 Tracked 76182952
0.1296479 -0.07540616 1.65047 Tracked 76182986
0.128123 -0.09915643 1.654667 Tracked 76183020
0.127835 -0.1122649 1.654146 Tracked 76183053
0.1281305 -0.121527 1.650928 Tracked 76183086
0.1286355 -0.129804 1.644083 Tracked 76183121
0.1293712 -0.1362608 1.637793 Tracked 76183153
0.1312515 -0.1323284 1.631916 Tracked 76183187
0.1320488 -0.1313763 1.629037 Tracked 76183219
0.1323794 -0.1300463 1.627489 Tracked 76183253
0.1318301 -0.1334287 1.627919 Tracked 76183286
0.1310607 -0.1355638 1.629882 Tracked 76183320
0.1303525 -0.1356696 1.632397 Tracked 76183352
0.1287227 -0.1327095 1.637348 Tracked 76183385
0.1283733 -0.1158837 1.644143 Tracked 76183420
0.1264214 -0.0971017 1.6476 Tracked 76183453
0.124677 -0.04538293 1.647905 Tracked 76183486
0.1248174 -0.01669516 1.648649 Tracked 76183520
0.1223432 0.03977257 1.648891 Tracked 76183553
0.1251638 0.08124472 1.65235 Tracked 76183585
0.1337118 0.1332077 1.65848 Tracked 76183618
0.133348 0.1567406 1.663768 Tracked 76183651
0.1316657 0.1992881 1.672179 Tracked 76183684
0.1321969 0.2278152 1.682422 Tracked 76183719
0.1311183 0.257982 1.690836 Tracked 76183754
0.1299646 0.2833689 1.699525 Tracked 76183786
0.1249024 0.3203932 1.709917 Tracked 76183819
0.1253385 0.3204799 1.710119 Tracked 76183852
0.1289308 0.3708177 1.728805 Tracked 76183885
0.1287472 0.3717737 1.729563 Tracked 76183919
0.128328 0.3739766 1.731066 Tracked 76183961
0.1274845 0.3781277 1.734069 Tracked 76183990
0.126946 0.3808994 1.735972 Tracked 76184018
0.1230047 0.4024826 1.75294 Tracked 76184050
0.122746 0.4040162 1.754107 Tracked 76184083
0.1237134 0.399409 1.751016 Tracked 76184118
0.1237656 0.3994394 1.751241 Tracked 76184150
0.124011 0.3996245 1.751907 Tracked 76184184
0.1242017 0.3997817 1.752424 Tracked 76184217
0.1245165 0.4035266 1.75802 Tracked 76184250
0.1248777 0.4056801 1.761264 Tracked 76184284
0.1249022 0.4068183 1.763272 Tracked 76184318
0.125008 0.4058699 1.762272 Tracked 76184350
0.1252344 0.4070249 1.764282 Tracked 76184384
0.1253764 0.4075138 1.764988 Tracked 76184418
0.1254149 0.4077241 1.765196 Tracked 76184450
0.1254735 0.4060235 1.763136 Tracked 76184484
0.1255394 0.4062939 1.763262 Tracked 76184517
0.1257063 0.4051669 1.761546 Tracked 76184551
0.1257128 0.4042143 1.759817 Tracked 76184584
0.1257366 0.4033336 1.758198 Tracked 76184617
0.1257341 0.4040385 1.75747 Tracked 76184651
0.1259279 0.4020832 1.753937 Tracked 76184684
0.1264452 0.3995159 1.750241 Tracked 76184718
0.1273493 0.3957454 1.745558 Tracked 76184751
0.1279771 0.3888938 1.739286 Tracked 76184784
0.1291202 0.3485994 1.704487 Tracked 76184818
0.130216 0.335185 1.698809 Tracked 76184850
0.130202 0.2962459 1.684852 Tracked 76184884
0.1324861 0.2638727 1.674968 Tracked 76184918
0.1383137 0.2252303 1.66619 Tracked 76184951
0.1334431 0.1964166 1.659435 Tracked 76184984
0.1309266 0.1492687 1.653798 Tracked 76185025
0.1297439 0.116181 1.651343 Tracked 76185051
0.1288323 0.07077338 1.647164 Tracked 76185083
0.1270449 0.03258711 1.648655 Tracked 76185118
0.1270674 -0.005196032 1.648865 Tracked 76185151
0.1256313 -0.03831977 1.654402 Tracked 76185184
0.1245507 -0.07387868 1.657908 Tracked 76185218
0.1234707 -0.09796658 1.663097 Tracked 76185250
0.1228499 -0.1123655 1.663783 Tracked 76185284
0.1225029 -0.1218205 1.660603 Tracked 76185317
0.1229292 -0.1292272 1.65409 Tracked 76185350
0.1231258 -0.1354849 1.648804 Tracked 76185384
0.124229 -0.1400206 1.644213 Tracked 76185417
0.1260165 -0.1347248 1.637005 Tracked 76185450
0.1263243 -0.1327328 1.634901 Tracked 76185484
0.1262271 -0.137581 1.635844 Tracked 76185518
0.1254535 -0.1399032 1.638148 Tracked 76185551
0.1246528 -0.1408795 1.641487 Tracked 76185584
0.1226883 -0.1390476 1.648393 Tracked 76185618
0.1204075 -0.1330605 1.655869 Tracked 76185651
0.1194652 -0.1129275 1.658808 Tracked 76185684
0.1188343 -0.07485458 1.656988 Tracked 76185718
0.1195045 -0.03739434 1.655098 Tracked 76185751
0.1162761 -4.489578E-05 1.653168 Tracked 76185784
0.1178614 0.05338426 1.651824 Tracked 76185819
0.1233559 0.09655431 1.650853 Tracked 76185857
0.1247291 0.1340703 1.654879 Tracked 76185888
0.1257512 0.1634328 1.659028 Tracked 76185920
0.1279193 0.2077636 1.668393 Tracked 76185953
0.1291409 0.2275373 1.673004 Tracked 76185987
0.1284941 0.2634715 1.682695 Tracked 76186020
0.1280487 0.2870563 1.689167 Tracked 76186053
0.1247578 0.3196049 1.696932 Tracked 76186084
0.1255767 0.3206194 1.697569 Tracked 76186120
0.1279545 0.3357239 1.703134 Tracked 76186154
0.1287296 0.3441462 1.706812 Tracked 76186187
0.1291684 0.3634683 1.715113 Tracked 76186221
0.1290024 0.3688949 1.717516 Tracked 76186254
0.128452 0.3819918 1.723802 Tracked 76186287
0.1269858 0.4024586 1.735743 Tracked 76186318
0.1270769 0.4015376 1.735458 Tracked 76186353
0.1271775 0.4005628 1.735347 Tracked 76186387
0.1273424 0.3997346 1.735446 Tracked 76186420
0.1274244 0.3991123 1.735521 Tracked 76186453
0.1275285 0.3988056 1.735744 Tracked 76186488
0.1275623 0.3985992 1.7358 Tracked 76186518
0.1276119 0.3983749 1.735821 Tracked 76186551
0.1276029 0.3982094 1.735782 Tracked 76186583
0.1275983 0.3980795 1.735691 Tracked 76186618
0.1275794 0.397901 1.735594 Tracked 76186651
0.1275381 0.3976946 1.735366 Tracked 76186684
0.1275159 0.3974597 1.735101 Tracked 76186717
0.1273921 0.3972393 1.734579 Tracked 76186751
0.127297 0.396893 1.733835 Tracked 76186784
0.1271394 0.3966437 1.732813 Tracked 76186819
0.1270723 0.3962372 1.731339 Tracked 76186851
0.1270376 0.395718 1.729678 Tracked 76186884
0.1272054 0.3943513 1.726913 Tracked 76186918
0.1275903 0.3916659 1.72321 Tracked 76186951
0.1275292 0.38322 1.708077 Tracked 76186984
0.1277367 0.3794875 1.70723 Tracked 76187018
0.1279286 0.338205 1.677175 Tracked 76187058
0.126998 0.3235872 1.670689 Tracked 76187083
0.1294416 0.2852244 1.659417 Tracked 76187118
0.1329916 0.2456446 1.652202 Tracked 76187150
0.1300954 0.2236605 1.645078 Tracked 76187184
0.1285336 0.2077957 1.641804 Tracked 76187218
0.1260218 0.1408368 1.63406 Tracked 76187252
0.1234073 0.1067547 1.628544 Tracked 76187284
0.121747 0.06422094 1.62483 Tracked 76187323
0.1208119 0.02325822 1.626273 Tracked 76187353
0.1214394 -0.006323684 1.627146 Tracked 76187385
0.1200703 -0.04822408 1.631794 Tracked 76187420
0.1184176 -0.07344608 1.633484 Tracked 76187455
0.1180634 -0.1079153 1.643843 Tracked 76187489
0.1174538 -0.1162513 1.643072 Tracked 76187522
0.117425 -0.1251094 1.639179 Tracked 76187555
0.1177937 -0.1313104 1.63246 Tracked 76187585
0.1187097 -0.1384019 1.624121 Tracked 76187618
0.1175593 -0.2106875 1.690034 Tracked 76187655
0.1177322 -0.2109037 1.689921 Tracked 76187691
0.117771 -0.2114105 1.689484 Tracked 76187721
0.1177949 -0.2117923 1.689311 Tracked 76187755
0.1176667 -0.2116944 1.689007 Tracked 76187785
0.1106408 -0.2962156 1.772265 Tracked 76187818
0.1122882 -0.2963279 1.774953 Tracked 76187851
0.1115245 -0.2929246 1.774261 Tracked 76187884
0.1177368 -0.1976026 1.696921 Tracked 76187918
0.1237979 -0.1215287 1.642906 Tracked 76187951
0.1250793 -0.111329 1.641169 Tracked 76187985
0.1260687 -0.06855939 1.634799 Tracked 76188018
0.1241335 -0.03892595 1.632902 Tracked 76188051
0.1245116 0.008372083 1.632328 Tracked 76188084
0.1240209 0.049135 1.632283 Tracked 76188118
0.1260263 0.09754127 1.639826 Tracked 76188151
0.1297823 0.1320344 1.642307 Tracked 76188182
0.130454 0.1684953 1.64847 Tracked 76188218
0.1325176 0.2117039 1.656586 Tracked 76188251
0.132345 0.2368481 1.663221 Tracked 76188284
0.1312692 0.2747474 1.672238 Tracked 76188317
0.1282143 0.3025838 1.678228 Tracked 76188351
0.1279709 0.3226933 1.685805 Tracked 76188384
0.1285759 0.3248887 1.686704 Tracked 76188418
0.1336301 0.3724529 1.70825 Tracked 76188452
0.133586 0.3733405 1.708578 Tracked 76188484
0.1334819 0.3754408 1.709772 Tracked 76188518
0.1331269 0.379334 1.711896 Tracked 76188550
0.1331681 0.3823917 1.713754 Tracked 76188584
0.1322506 0.4044043 1.729586 Tracked 76188617
0.1322861 0.4014592 1.728108 Tracked 76188651
0.1322848 0.4015076 1.7285 Tracked 76188684
0.1322582 0.4014812 1.729001 Tracked 76188718
0.1323007 0.4014682 1.729602 Tracked 76188751
0.1323241 0.4015105 1.730179 Tracked 76188784
0.1323649 0.4016016 1.730744 Tracked 76188818
0.1324093 0.4016499 1.731192 Tracked 76188851
0.1324885 0.4017665 1.731757 Tracked 76188884
0.1325581 0.4018722 1.73221 Tracked 76188918
0.1325512 0.4019043 1.732422 Tracked 76188951
0.132588 0.4019169 1.73261 Tracked 76188983
0.1326165 0.4019589 1.73273 Tracked 76189017
0.1326502 0.4019544 1.732834 Tracked 76189051
0.1326619 0.4019412 1.732838 Tracked 76189082
0.1326573 0.4019445 1.732824 Tracked 76189122
0.1326749 0.4019183 1.732718 Tracked 76189156
0.1327156 0.4018704 1.732449 Tracked 76189187
0.1328802 0.4015176 1.731698 Tracked 76189218
0.1336064 0.3996378 1.729376 Tracked 76189251
0.1342656 0.3966494 1.726495 Tracked 76189283
0.134402 0.3899428 1.720668 Tracked 76189318
0.136452 0.3469205 1.690797 Tracked 76189350
0.1365561 0.3436964 1.689405 Tracked 76189384
0.1379132 0.2901844 1.670576 Tracked 76189419
0.1426447 0.2568788 1.665963 Tracked 76189455
0.1400679 0.226589 1.656777 Tracked 76189485
0.1380432 0.1980702 1.651319 Tracked 76189518
0.1379033 0.1501816 1.64687 Tracked 76189550
0.1372986 0.1161083 1.643641 Tracked 76189584
0.1357248 0.07526758 1.642179 Tracked 76189618
0.1374575 0.03924235 1.643689 Tracked 76189652
0.1357835 0.000965489 1.647331 Tracked 76189684
0.1356727 -0.02692225 1.650629 Tracked 76189718
0.1333183 -0.05863191 1.657758 Tracked 76189751
0.1337489 -0.08165518 1.662265 Tracked 76189784
0.1336681 -0.0929338 1.663271 Tracked 76189818
0.1334395 -0.1045086 1.665204 Tracked 76189852
0.1326153 -0.1131041 1.665665 Tracked 76189884
0.1307491 -0.1306961 1.671328 Tracked 76189918
0.1344782 -0.1140324 1.657054 Tracked 76189951
0.1347147 -0.1123291 1.655752 Tracked 76189984
0.1348355 -0.1111439 1.655429 Tracked 76190018
0.1347601 -0.1087952 1.655471 Tracked 76190051
0.1344984 -0.1045474 1.655801 Tracked 76190084
0.1343819 -0.1001556 1.656328 Tracked 76190118
0.1339266 -0.08343172 1.659319 Tracked 76190151
0.1336178 -0.06072812 1.661462 Tracked 76190184
0.133391 -0.02377349 1.658253 Tracked 76190218
0.13311 -0.001387101 1.659808 Tracked 76190251
0.1335952 0.05135855 1.659606 Tracked 76190284
0.1354568 0.07255834 1.662731 Tracked 76190318
0.1374461 0.1168191 1.668808 Tracked 76190350
0.137361 0.1427749 1.671153 Tracked 76190384
0.1377961 0.1721365 1.677031 Tracked 76190418
0.1375462 0.2160679 1.684052 Tracked 76190452
0.1376755 0.2357158 1.688599 Tracked 76190484
