0.214073 0.3857835 2.665723 Tracked 65534846
0.2131124 0.3858409 2.665938 Tracked 65534878
0.2118788 0.3859879 2.666852 Tracked 65534912
0.2102005 0.3861637 2.667291 Tracked 65534949
0.2091407 0.3863894 2.667578 Tracked 65534983
0.2076604 0.3858454 2.666795 Tracked 65535014
0.2071955 0.3858791 2.666841 Tracked 65535048
0.2070822 0.3859321 2.666862 Tracked 65535082
0.2070488 0.386191 2.667049 Tracked 65535114
0.2071338 0.3863335 2.667061 Tracked 65535149
0.2075608 0.3866682 2.666626 Tracked 65535181
0.2085361 0.386812 2.666439 Tracked 65535214
0.2101597 0.3873394 2.666228 Tracked 65535249
0.2128697 0.3876516 2.666009 Tracked 65535281
0.2144171 0.3881952 2.665877 Tracked 65535313
0.2164057 0.3880954 2.665759 Tracked 65535349
0.2172586 0.3882429 2.66543 Tracked 65535380
0.2162827 0.3875164 2.663774 Tracked 65535414
0.2178601 0.3876798 2.663694 Tracked 65535447
0.2190594 0.3877199 2.663939 Tracked 65535480
0.2182908 0.3868585 2.661829 Tracked 65535513
0.2179101 0.3869698 2.660898 Tracked 65535548
0.2223188 0.3895675 2.661036 Tracked 65535581
0.2205005 0.3894692 2.659015 Tracked 65535614
0.2184856 0.3891723 2.656614 Tracked 65535649
0.2164177 0.3878806 2.652632 Tracked 65535679
0.2115306 0.3857304 2.648186 Tracked 65535711
0.2097446 0.3849913 2.646184 Tracked 65535745
0.2073995 0.3841721 2.644617 Tracked 65535778
0.2071344 0.3841828 2.644539 Tracked 65535811
0.2069408 0.3841172 2.644072 Tracked 65535845
0.2067805 0.3841003 2.644043 Tracked 65535878
0.206264 0.3842675 2.64389 Tracked 65535911
0.2055526 0.3844841 2.643852 Tracked 65535944
0.2051225 0.3846975 2.643823 Tracked 65535977
0.2046286 0.3852822 2.643291 Tracked 65536010
0.2043166 0.3853243 2.643235 Tracked 65536044
0.2039514 0.3857152 2.642855 Tracked 65536077
0.2037268 0.3856277 2.642837 Tracked 65536110
0.2034717 0.3855541 2.642663 Tracked 65536144
0.2028066 0.3857557 2.642017 Tracked 65536178
0.2024123 0.3861891 2.641513 Tracked 65536210
0.2022915 0.3863439 2.641211 Tracked 65536245
0.2024415 0.386504 2.640938 Tracked 65536277
0.2014991 0.3873583 2.639056 Tracked 65536312
0.2014882 0.3872997 2.639076 Tracked 65536345
0.2015136 0.3871565 2.638924 Tracked 65536378
0.2017514 0.3870968 2.638654 Tracked 65536411
0.2019141 0.3862041 2.637224 Tracked 65536444
0.2054163 0.3851993 2.626354 Tracked 65536479
0.2043696 0.3831278 2.62607 Tracked 65536511
0.2031214 0.3787599 2.624235 Tracked 65536544
0.2035485 0.3477337 2.588295 Tracked 65536576
0.2031384 0.3424246 2.58349 Tracked 65536610
0.2020244 0.325279 2.573676 Tracked 65536644
0.2014255 0.3099869 2.565704 Tracked 65536677
0.2008044 0.2931784 2.558816 Tracked 65536712
0.2011907 0.2726693 2.552007 Tracked 65536745
0.2005071 0.2506666 2.548339 Tracked 65536778
0.1999051 0.2358916 2.542965 Tracked 65536811
0.197749 0.2125704 2.534528 Tracked 65536845
0.1966524 0.1870369 2.533376 Tracked 65536878
0.1954928 0.1631778 2.531736 Tracked 65536911
0.1950842 0.1493431 2.532371 Tracked 65536944
0.1950842 0.144881 2.532256 Tracked 65536978
0.1957604 0.1148099 2.529812 Tracked 65537011
0.1961004 0.0968802 2.531707 Tracked 65537044
0.195743 0.07313666 2.535285 Tracked 65537082
0.197357 0.05181612 2.541535 Tracked 65537117
0.1970321 0.03564614 2.547982 Tracked 65537153
0.1990997 0.02141208 2.553738 Tracked 65537180
0.2005424 0.00952125 2.55701 Tracked 65537213
0.2015515 0.0004541167 2.559291 Tracked 65537247
0.2035461 -0.0180748 2.566053 Tracked 65537280
0.2034711 -0.02673109 2.569466 Tracked 65537312
0.2034482 -0.02973246 2.569626 Tracked 65537348
0.2033756 -0.03224004 2.570177 Tracked 65537380
0.203323 -0.0344388 2.570575 Tracked 65537414
0.2040219 -0.03580519 2.571608 Tracked 65537447
0.2041815 -0.0363389 2.572537 Tracked 65537481
0.2042497 -0.03696983 2.575145 Tracked 65537514
0.2047314 -0.03484065 2.576683 Tracked 65537548
0.2039587 -0.02120062 2.574286 Tracked 65537581
0.2030885 -0.003193943 2.575302 Tracked 65537614
0.2020126 0.01683119 2.572041 Tracked 65537648
0.20219 0.04235563 2.567896 Tracked 65537681
0.1987958 0.08530408 2.55907 Tracked 65537713
0.1982265 0.1014893 2.558676 Tracked 65537748
0.1970961 0.1281118 2.55844 Tracked 65537781
0.1962867 0.1520298 2.55702 Tracked 65537814
0.197984 0.1781414 2.56074 Tracked 65537848
0.1976865 0.1982971 2.564111 Tracked 65537881
0.1975395 0.2269848 2.573084 Tracked 65537914
0.1951405 0.2459696 2.57472 Tracked 65537948
0.1933783 0.2676824 2.580581 Tracked 65537982
0.1929013 0.2820626 2.583185 Tracked 65538014
0.1917709 0.295175 2.587403 Tracked 65538047
0.192351 0.3134468 2.593363 Tracked 65538081
0.1924095 0.3135575 2.593355 Tracked 65538113
0.1923626 0.3145141 2.59391 Tracked 65538147
0.1995246 0.3624323 2.61848 Tracked 65538183
0.1994158 0.3625613 2.618819 Tracked 65538215
0.1994976 0.3639325 2.620319 Tracked 65538248
0.1997566 0.366362 2.622607 Tracked 65538281
0.1997104 0.3684349 2.624663 Tracked 65538313
0.199582 0.3697607 2.626148 Tracked 65538348
0.199391 0.3707263 2.627379 Tracked 65538381
0.1989138 0.3717739 2.629155 Tracked 65538414
0.198381 0.3725965 2.630364 Tracked 65538448
0.1986817 0.3732226 2.631971 Tracked 65538482
0.1984669 0.3735348 2.632769 Tracked 65538513
0.1966142 0.3806806 2.644876 Tracked 65538548
0.1965225 0.3794284 2.643569 Tracked 65538581
0.1966074 0.3788893 2.643144 Tracked 65538614
0.1964075 0.3783345 2.642622 Tracked 65538648
0.1956024 0.3805648 2.646518 Tracked 65538680
0.1954786 0.3813037 2.6477 Tracked 65538711
0.1959784 0.3800477 2.645825 Tracked 65538747
0.1961629 0.3792017 2.644658 Tracked 65538781
0.1962653 0.3809525 2.646734 Tracked 65538814
0.1963042 0.3798276 2.644599 Tracked 65538849
0.1963882 0.3806866 2.645368 Tracked 65538882
0.1967879 0.3794855 2.642573 Tracked 65538914
0.1974812 0.3793205 2.641536 Tracked 65538949
0.198212 0.3791918 2.640252 Tracked 65538981
0.1990735 0.3786 2.63836 Tracked 65539014
0.2008787 0.380923 2.638257 Tracked 65539047
0.2012992 0.3800872 2.636061 Tracked 65539082
0.2015816 0.3785746 2.633385 Tracked 65539114
0.2019071 0.3776503 2.631173 Tracked 65539148
0.2013243 0.3746054 2.626132 Tracked 65539181
0.2007598 0.3700643 2.621182 Tracked 65539214
0.2007943 0.3679861 2.619114 Tracked 65539249
0.2011511 0.3563756 2.598591 Tracked 65539280
0.2001838 0.3472718 2.59002 Tracked 65539313
0.2002618 0.3376347 2.583003 Tracked 65539349
0.2014094 0.3249337 2.574651 Tracked 65539379
0.201122 0.3118946 2.568967 Tracked 65539410
0.2006558 0.2984304 2.563113 Tracked 65539443
0.2013766 0.2781017 2.556054 Tracked 65539480
0.2020341 0.2618774 2.551649 Tracked 65539517
0.2031735 0.2431117 2.548483 Tracked 65539546
0.2012199 0.2237002 2.544815 Tracked 65539579
0.2029049 0.196789 2.543234 Tracked 65539617
0.2023913 0.1722431 2.544204 Tracked 65539651
0.2013492 0.1559592 2.543355 Tracked 65539685
0.2018293 0.1387543 2.541848 Tracked 65539719
0.2018075 0.1174303 2.543691 Tracked 65539748
0.2014865 0.08486868 2.550834 Tracked 65539779
0.2020213 0.07169984 2.553719 Tracked 65539813
0.2023224 0.05364687 2.558935 Tracked 65539847
0.2045121 0.03848214 2.562994 Tracked 65539880
0.205015 0.01606029 2.573416 Tracked 65539914
0.2054373 0.01000807 2.574306 Tracked 65539947
0.206754 -0.01306254 2.582231 Tracked 65539981
0.2085046 -0.02094274 2.587113 Tracked 65540013
0.2081497 -0.02403379 2.587747 Tracked 65540047
0.2076392 -0.02672538 2.588192 Tracked 65540080
0.2067957 -0.02910191 2.588083 Tracked 65540112
0.2069099 -0.0298223 2.588886 Tracked 65540147
0.207228 -0.02900972 2.58845 Tracked 65540178
0.2055775 -0.01438767 2.580132 Tracked 65540210
0.2055334 -0.001486769 2.575978 Tracked 65540249
0.205131 0.01707293 2.573615 Tracked 65540282
0.2046898 0.03421555 2.570429 Tracked 65540315
0.203083 0.05843485 2.564744 Tracked 65540352
0.2006289 0.0881143 2.558314 Tracked 65540380
0.2000375 0.112985 2.555607 Tracked 65540410
0.1996339 0.1337916 2.556099 Tracked 65540443
0.2000383 0.1646845 2.554767 Tracked 65540477
0.1989028 0.1893547 2.554477 Tracked 65540508
0.1991049 0.2046783 2.559912 Tracked 65540543
0.1996429 0.2287852 2.566935 Tracked 65540577
0.1990067 0.2444236 2.56857 Tracked 65540610
0.1986817 0.2637148 2.573016 Tracked 65540644
0.1974369 0.2831685 2.579674 Tracked 65540678
0.1981061 0.2938627 2.584294 Tracked 65540710
0.1993548 0.3103786 2.591966 Tracked 65540744
0.1993383 0.3104773 2.592025 Tracked 65540777
0.1981678 0.3291894 2.60299 Tracked 65540810
0.2011461 0.3427597 2.611838 Tracked 65540847
0.2009714 0.3437331 2.612575 Tracked 65540881
0.2008944 0.3467712 2.615392 Tracked 65540913
0.2008409 0.3496611 2.617848 Tracked 65540948
0.2046264 0.374368 2.640755 Tracked 65540981
0.2047118 0.3755746 2.642069 Tracked 65541013
0.2046949 0.3773741 2.644048 Tracked 65541048
0.2047204 0.3784257 2.645761 Tracked 65541080
0.2045182 0.3796768 2.64796 Tracked 65541114
0.2047849 0.3805194 2.649322 Tracked 65541148
0.2049316 0.3813854 2.650576 Tracked 65541181
0.2049855 0.3815192 2.651294 Tracked 65541215
0.2051472 0.3820721 2.652441 Tracked 65541246
0.2051517 0.3823243 2.652998 Tracked 65541278
0.2051987 0.382529 2.653627 Tracked 65541310
0.2054257 0.3826583 2.654148 Tracked 65541345
0.205479 0.3827163 2.654382 Tracked 65541378
0.205486 0.3827297 2.654411 Tracked 65541415
0.2057437 0.3829125 2.654691 Tracked 65541451
0.2058987 0.3829817 2.654683 Tracked 65541484
0.206131 0.3830085 2.654605 Tracked 65541516
0.2063613 0.3831141 2.654228 Tracked 65541549
0.2068397 0.3833164 2.653945 Tracked 65541579
0.2074382 0.383435 2.653399 Tracked 65541610
0.2077724 0.3831681 2.652655 Tracked 65541644
0.2077311 0.3823501 2.650583 Tracked 65541677
0.2074085 0.3814913 2.648526 Tracked 65541711
0.2071139 0.3801319 2.646971 Tracked 65541744
0.2066289 0.3780443 2.64474 Tracked 65541778
0.2059797 0.3745572 2.641817 Tracked 65541811
0.198358 0.348719 2.616939 Tracked 65541845
0.1987871 0.3449321 2.614493 Tracked 65541878
0.1984237 0.3377352 2.608707 Tracked 65541911
0.1984345 0.3255299 2.602692 Tracked 65541945
0.1986237 0.3140713 2.599033 Tracked 65541979
0.1978611 0.297938 2.590915 Tracked 65542012
0.1981513 0.2810496 2.585388 Tracked 65542045
0.1986982 0.2602134 2.579079 Tracked 65542078
0.1996888 0.2428052 2.574798 Tracked 65542111
0.1985489 0.215778 2.571262 Tracked 65542145
0.1991757 0.1870619 2.568848 Tracked 65542178
0.1984494 0.16239 2.57104 Tracked 65542211
0.1972097 0.1384707 2.571713 Tracked 65542245
0.196382 0.1140041 2.573299 Tracked 65542279
0.2003652 0.09288362 2.576307 Tracked 65542311
0.2016064 0.05840493 2.584166 Tracked 65542345
0.2022065 0.04476326 2.590324 Tracked 65542378
0.2043001 0.02598658 2.595983 Tracked 65542412
0.204926 0.01586748 2.597524 Tracked 65542445
0.2082663 -0.01506818 2.610169 Tracked 65542479
0.2085402 -0.01659385 2.609641 Tracked 65542512
0.2090262 -0.01867923 2.609546 Tracked 65542544
0.2093803 -0.01940179 2.608943 Tracked 65542579
0.2095937 -0.01951342 2.608273 Tracked 65542612
0.2095854 -0.005899936 2.594255 Tracked 65542644
0.2089393 0.002773134 2.590588 Tracked 65542678
0.2079524 0.02073084 2.582723 Tracked 65542711
0.2088092 0.04639395 2.571942 Tracked 65542745
0.2078606 0.06393283 2.564858 Tracked 65542778
0.205899 0.08564803 2.560572 Tracked 65542811
0.2043115 0.1107209 2.557629 Tracked 65542844
0.2041937 0.1340019 2.558095 Tracked 65542878
0.2037514 0.1552215 2.559484 Tracked 65542911
0.204382 0.1909265 2.558448 Tracked 65542944
0.2040951 0.201481 2.559234 Tracked 65542978
0.203363 0.2230153 2.565006 Tracked 65543011
0.2023711 0.2388208 2.568868 Tracked 65543045
0.2011386 0.2548147 2.573925 Tracked 65543078
0.1985094 0.2744094 2.578737 Tracked 65543111
0.1980889 0.2873783 2.584319 Tracked 65543145
0.1968799 0.304565 2.590837 Tracked 65543178
0.1977508 0.3247105 2.601567 Tracked 65543211
0.1982399 0.3298344 2.604727 Tracked 65543245
0.1986581 0.3350026 2.608617 Tracked 65543278
0.2009351 0.3574201 2.628224 Tracked 65543311
0.2008711 0.3565122 2.627486 Tracked 65543345
0.2009363 0.3564524 2.627433 Tracked 65543378
0.2020745 0.3701492 2.642984 Tracked 65543411
0.202785 0.3755921 2.647747 Tracked 65543445
0.2040662 0.380147 2.653864 Tracked 65543478
0.2042103 0.3822605 2.655619 Tracked 65543511
0.2041322 0.3850888 2.658308 Tracked 65543544
0.2044337 0.3858417 2.659049 Tracked 65543577
0.2055001 0.3872701 2.660896 Tracked 65543611
0.2049651 0.3900433 2.66196 Tracked 65543645
0.2052041 0.3905008 2.66265 Tracked 65543679
0.2057174 0.3913738 2.663784 Tracked 65543710
0.2066395 0.392313 2.66523 Tracked 65543745
0.2077103 0.3935473 2.667563 Tracked 65543778
0.2155006 0.3953841 2.678548 Tracked 65543811
0.2152231 0.3954577 2.678576 Tracked 65543846
0.2155564 0.3967953 2.680936 Tracked 65543878
0.223316 0.4099899 2.706431 Tracked 65543912
0.2235603 0.4084262 2.709425 Tracked 65543944
0.2156789 0.4150661 2.710625 Tracked 65543978
0.2150527 0.4141831 2.709513 Tracked 65544010
0.2151496 0.4064377 2.706634 Tracked 65544045
0.2149618 0.395473 2.715801 Tracked 65544079
0.2157198 0.3954156 2.713075 Inferred 65544110
0.2165826 0.396493 2.708616 Inferred 65544145
0.2179294 0.3978015 2.703778 Inferred 65544179
0.2205003 0.3997336 2.702086 Inferred 65544212
0.2210611 0.4004039 2.700596 Inferred 65544244
0.2214206 0.4009141 2.69912 Inferred 65544278
0.2217989 0.4017403 2.697959 Inferred 65544310
0.2219525 0.4020784 2.697273 Inferred 65544344
0.2220258 0.4021751 2.696807 Inferred 65544378
0.2217681 0.402622 2.696124 Inferred 65544412
0.2214519 0.4029669 2.695062 Inferred 65544444
0.2212136 0.4032596 2.695057 Inferred 65544479
0.2211687 0.4038062 2.695259 Inferred 65544511
0.2213732 0.404129 2.695969 Inferred 65544546
0.2221556 0.4049019 2.696769 Inferred 65544578
0.2238145 0.4054422 2.698543 Inferred 65544611
0.225322 0.4059612 2.70032 Inferred 65544644
0.2268568 0.4060307 2.701141 Inferred 65544677
0.2288488 0.4060979 2.702855 Inferred 65544710
0.2304181 0.405849 2.703996 Inferred 65544750
0.2317606 0.4053312 2.704463 Inferred 65544785
0.233111 0.4047402 2.704512 Inferred 65544817
0.2369294 0.4023949 2.705166 Inferred 65544853
0.2393181 0.4006995 2.704594 Inferred 65544878
0.2434125 0.398105 2.703421 Inferred 65544912
0.2507317 0.3911135 2.69953 Inferred 65544952
0.2476762 0.3903147 2.695526 Inferred 65544985
0.2488668 0.3871357 2.69052 Inferred 65545018
0.255313 0.3757833 2.677826 Inferred 65545054
0.2675122 0.3649376 2.669204 Inferred 65545081
0.2832058 0.3478876 2.659747 Inferred 65545114
0.293048 0.3364574 2.649057 Inferred 65545146
0.2908015 0.3390151 2.650747 Inferred 65545182
0.3159183 0.3019315 2.623026 Inferred 65545213
0.3170769 0.2993222 2.622564 Inferred 65545248
0.334905 0.2524079 2.603541 Inferred 65545281
0.3436009 0.2350452 2.599901 Inferred 65545312
0.352603 0.2154325 2.593231 Inferred 65545347
0.3598406 0.1877743 2.581502 Inferred 65545381
0.3646876 0.1611654 2.574729 Inferred 65545414
0.3738858 0.1257062 2.565969 Inferred 65545447
0.3788038 0.09455395 2.563314 Inferred 65545481
0.3826607 0.07644842 2.559303 Inferred 65545515
0.3858436 0.04853006 2.552969 Inferred 65545548
0.3874277 0.03025817 2.546865 Inferred 65545580
0.3918908 0.003241326 2.53965 Inferred 65545613
0.3931973 -0.0173214 2.535557 Inferred 65545647
0.3935513 -0.02897411 2.533513 Inferred 65545681
0.3936401 -0.03485036 2.532425 Inferred 65545713
0.3936648 -0.03747929 2.531946 Inferred 65545746
0.3938133 -0.03924032 2.531827 Inferred 65545781
0.3937398 -0.03972131 2.531678 Inferred 65545813
0.3937864 -0.05104316 2.529171 Inferred 65545847
0.3937434 -0.04900725 2.529306 Inferred 65545880
0.3936861 -0.04723559 2.529638 Inferred 65545915
0.393588 -0.04600331 2.52918 Inferred 65545948
0.3932666 -0.03758192 2.531015 Inferred 65545980
0.3881969 -0.01289135 2.526664 Inferred 65546014
0.3841065 0.006330311 2.524339 Inferred 65546048
0.3824695 0.01275908 2.524537 Inferred 65546081
0.3815743 0.01654105 2.524365 Inferred 65546113
0.3646174 0.07740182 2.533704 Inferred 65546149
0.3596043 0.09806883 2.536235 Inferred 65546178
0.3444802 0.1396311 2.541173 Inferred 65546211
0.3360747 0.1617403 2.544079 Inferred 65546249
0.3268562 0.1848561 2.547762 Inferred 65546284
0.313714 0.2619263 2.68101 Tracked 65546315
0.3118103 0.26427 2.68458 Tracked 65546350
0.3043246 0.2993839 2.691435 Tracked 65546384
0.2965563 0.3017985 2.68375 Tracked 65546416
0.2960538 0.2962886 2.679891 Tracked 65546450
0.2825699 0.3113614 2.675601 Tracked 65546484
0.2800104 0.3136141 2.684968 Tracked 65546515
0.2772872 0.3200434 2.689712 Tracked 65546550
0.2750452 0.3249229 2.691688 Tracked 65546582
0.2672553 0.3447378 2.696138 Tracked 65546617
0.2662807 0.3448865 2.694793 Tracked 65546650
0.2632087 0.3632716 2.706185 Tracked 65546684
0.2631534 0.3619847 2.706361 Tracked 65546715
0.2612386 0.3637134 2.70737 Tracked 65546749
0.2600269 0.3648117 2.707984 Tracked 65546784
0.2590823 0.3651792 2.707516 Tracked 65546815
0.2579933 0.365681 2.706735 Tracked 65546849
0.2565199 0.3669144 2.705734 Tracked 65546883
0.2551711 0.3677003 2.704361 Tracked 65546915
0.2528751 0.3687801 2.702229 Tracked 65546950
0.2444142 0.3736005 2.693157 Tracked 65546983
0.217827 0.3839684 2.664764 Tracked 65547017
0.2153153 0.3839763 2.660707 Tracked 65547049
0.2097681 0.3852715 2.653472 Tracked 65547083
0.2046097 0.3839279 2.644672 Tracked 65547115
0.2019672 0.3864244 2.637131 Tracked 65547149
0.197207 0.3877961 2.628962 Tracked 65547182
0.1964987 0.3877078 2.628984 Tracked 65547217
0.1680695 0.3916482 2.606804 Tracked 65547248
0.1570854 0.389231 2.597259 Tracked 65547280
0.1536096 0.3896545 2.594571 Tracked 65547314
0.1481053 0.3894858 2.591247 Tracked 65547351
0.1335177 0.389896 2.583349 Tracked 65547383
0.1231191 0.3878208 2.579664 Tracked 65547417
0.1157878 0.3850771 2.575478 Tracked 65547451
0.1103078 0.3838766 2.57418 Tracked 65547483
0.09124834 0.3817979 2.576219 Tracked 65547515
0.08617878 0.3808305 2.576007 Tracked 65547550
0.08018761 0.3793292 2.575852 Tracked 65547582
0.07754371 0.3786199 2.575784 Tracked 65547612
0.07265636 0.3773308 2.575717 Tracked 65547646
0.06966498 0.375662 2.574642 Tracked 65547678
0.07129861 0.3756828 2.574277 Tracked 65547710
0.06138562 0.3686869 2.571058 Tracked 65547747
0.05348216 0.3614658 2.568649 Tracked 65547781
0.0474939 0.3557133 2.566718 Tracked 65547814
0.03914656 0.3449483 2.562137 Tracked 65547849
0.03111052 0.3339931 2.559021 Tracked 65547882
0.02391618 0.3220204 2.556508 Tracked 65547915
0.01871241 0.3131299 2.555061 Tracked 65547948
0.01523359 0.3073679 2.554067 Tracked 65547981
-0.005655276 0.2577435 2.54852 Tracked 65548014
-0.005821945 0.2567495 2.548384 Tracked 65548048
-0.01006716 0.2365322 2.548511 Tracked 65548082
-0.01346885 0.2276558 2.54685 Tracked 65548114
-0.01965639 0.2062042 2.54149 Tracked 65548148
-0.02118898 0.1973867 2.540393 Tracked 65548182
-0.02647793 0.1818177 2.532472 Tracked 65548213
-0.02791781 0.1758797 2.530601 Tracked 65548248
-0.02794563 0.175527 2.530641 Tracked 65548282
-0.02892615 0.163671 2.528974 Tracked 65548314
-0.03039362 0.1539231 2.528631 Tracked 65548348
-0.04424252 0.1107844 2.521766 Tracked 65548382
-0.04443007 0.1068662 2.521118 Tracked 65548414
-0.0429292 0.1006303 2.519821 Tracked 65548449
-0.04294357 0.09756214 2.518192 Tracked 65548481
-0.04329816 0.09365211 2.515602 Tracked 65548514
-0.04302549 0.09260257 2.514587 Tracked 65548549
-0.04508219 0.09103834 2.513431 Tracked 65548582
-0.04537213 0.09088194 2.513058 Tracked 65548613
-0.0406628 0.09986449 2.51505 Tracked 65548649
-0.0374767 0.1065331 2.515977 Tracked 65548680
-0.03341803 0.1183695 2.51868 Tracked 65548714
-0.02692711 0.1334078 2.52132 Tracked 65548748
-0.02251863 0.1867566 2.519344 Tracked 65548781
-0.02037996 0.1816788 2.520322 Tracked 65548810
-0.009120776 0.2012303 2.523561 Tracked 65548847
-0.009156035 0.1997467 2.524724 Tracked 65548881
0.001703499 0.2194492 2.534511 Tracked 65548914
0.007659769 0.2293815 2.537531 Tracked 65548949
0.01799855 0.2579353 2.541491 Tracked 65548982
0.02468639 0.2719893 2.544286 Tracked 65549014
0.02985756 0.2814385 2.546211 Tracked 65549048
0.03650464 0.2900278 2.549084 Tracked 65549081
0.04210092 0.2973182 2.551315 Tracked 65549115
0.08018263 0.3399195 2.567838 Tracked 65549148
0.08123317 0.3412176 2.569011 Tracked 65549182
0.0860302 0.3456004 2.574036 Tracked 65549213
0.08996852 0.348903 2.576171 Tracked 65549249
0.09595036 0.3533786 2.580345 Tracked 65549282
0.1242928 0.371406 2.598166 Tracked 65549313
0.1280573 0.372951 2.603429 Tracked 65549348
0.1272037 0.3720361 2.60277 Tracked 65549382
0.1271529 0.3719071 2.602938 Tracked 65549413
0.1450659 0.3729194 2.619092 Tracked 65549448
0.1509971 0.3766931 2.625638 Tracked 65549481
0.1556341 0.3761447 2.632127 Tracked 65549513
0.1599366 0.378059 2.638256 Tracked 65549548
0.1637443 0.3803894 2.643103 Tracked 65549579
0.1702835 0.3824324 2.650391 Tracked 65549613
0.1733658 0.3813855 2.653749 Tracked 65549649
0.178073 0.381415 2.658737 Tracked 65549681
0.1802274 0.3824421 2.661585 Tracked 65549714
0.1831082 0.3846326 2.664485 Tracked 65549748
0.1851571 0.3838292 2.66552 Tracked 65549783
0.1864258 0.3837694 2.665797 Tracked 65549814
0.1883276 0.3842964 2.665696 Tracked 65549848
0.1914444 0.3848948 2.665592 Tracked 65549882
0.193948 0.3851671 2.663532 Tracked 65549913
0.1972914 0.3854459 2.658832 Tracked 65549948
0.1916365 0.3830853 2.652009 Tracked 65549983
0.1973379 0.3854133 2.643933 Tracked 65550014
0.2014703 0.3857728 2.640742 Tracked 65550048
0.197767 0.3844028 2.63908 Tracked 65550084
0.2066924 0.3819062 2.624753 Tracked 65550113
0.2054913 0.3804111 2.623508 Tracked 65550149
0.2112883 0.3651878 2.60077 Tracked 65550181
0.2132046 0.3587834 2.595115 Tracked 65550214
0.2136998 0.356461 2.592843 Tracked 65550249
0.2178286 0.332477 2.574919 Tracked 65550281
0.2180246 0.3188693 2.567742 Tracked 65550314
0.2191605 0.2961962 2.561124 Tracked 65550348
0.2198268 0.2762282 2.555432 Tracked 65550381
0.221693 0.2485339 2.550164 Tracked 65550413
0.2219072 0.2401977 2.548231 Tracked 65550448
0.2227918 0.1975804 2.53753 Tracked 65550482
0.2224024 0.1912155 2.534298 Tracked 65550514
0.2211007 0.1326106 2.548516 Tracked 65550549
0.2225869 0.1152949 2.55439 Tracked 65550582
0.225014 0.08717097 2.560284 Tracked 65550615
0.2272168 0.07536529 2.5531 Tracked 65550650
0.2310735 -0.02399611 2.611076 Inferred 65550679
0.2279249 -0.03528226 2.615957 Inferred 65550709
0.2361992 -0.1057268 2.654003 Inferred 65550744
0.2073585 -0.04876184 2.595482 Inferred 65550777
0.3161758 0.1310019 2.782764 Inferred 65550810
0.2343141 0.02289831 2.486048 Tracked 65550844
0.2342416 0.0218772 2.486331 Tracked 65550878
0.2167203 0.01939211 2.497456 Inferred 65550911
0.2197422 0.01955218 2.495608 Inferred 65550948
0.1987566 0.07580649 2.634062 Inferred 65550981
0.1987863 0.07581075 2.634012 Inferred 65551015
0.09128188 -0.09557314 2.473513 Inferred 65551048
0.2350938 0.0266288 2.53293 Tracked 65551083
0.2341931 0.0233076 2.555233 Inferred 65551114
0.2233494 -0.001077313 2.618905 Tracked 65551149
0.223297 0.07025149 2.576888 Tracked 65551181
0.2209722 0.08835658 2.568938 Tracked 65551214
0.2186427 0.1058524 2.573083 Tracked 65551248
0.216724 0.1401765 2.576977 Tracked 65551281
0.2188779 0.1697593 2.579071 Tracked 65551313
0.2189051 0.2028051 2.582711 Tracked 65551349
0.2193989 0.2351812 2.592952 Tracked 65551381
0.2193767 0.255037 2.600738 Tracked 65551414
0.2177821 0.2809432 2.611087 Tracked 65551448
0.2157437 0.2973679 2.61784 Tracked 65551481
0.2139819 0.3180136 2.626056 Tracked 65551515
0.2136872 0.3290109 2.635652 Tracked 65551549
0.2134816 0.3308609 2.63675 Tracked 65551580
0.2130145 0.3346973 2.639917 Tracked 65551614
0.2104556 0.3615269 2.66956 Tracked 65551648
0.2113955 0.3655626 2.674266 Tracked 65551681
0.2098092 0.3679227 2.678143 Tracked 65551714
0.2078228 0.3689533 2.681825 Tracked 65551749
0.2056905 0.371666 2.68702 Tracked 65551781
0.2042013 0.3735972 2.691197 Tracked 65551814
0.2042846 0.3733259 2.690996 Tracked 65551848
0.2042786 0.3730747 2.69112 Tracked 65551882
0.2041783 0.372845 2.691321 Tracked 65551915
0.2041214 0.372465 2.692171 Tracked 65551949
0.203099 0.3727259 2.698444 Tracked 65551981
0.2028013 0.3729294 2.702521 Tracked 65552014
0.2021763 0.3731558 2.703998 Tracked 65552049
0.201287 0.3733321 2.705148 Tracked 65552081
0.2007845 0.3737721 2.706428 Tracked 65552113
0.2008304 0.3741134 2.707274 Tracked 65552150
0.2002352 0.3744828 2.708056 Tracked 65552181
0.1981112 0.3772884 2.715126 Tracked 65552216
0.1981451 0.3772496 2.714998 Tracked 65552251
0.1982243 0.3772105 2.71487 Tracked 65552298
0.1972546 0.37835 2.716894 Tracked 65552322
0.1965963 0.379341 2.718788 Tracked 65552347
0.197159 0.3789009 2.717619 Tracked 65552380
0.197501 0.377805 2.715448 Tracked 65552417
0.1977236 0.3774861 2.714224 Tracked 65552452
0.198011 0.3769873 2.712725 Tracked 65552485
0.1978655 0.3772146 2.712686 Tracked 65552517
0.1983171 0.3768048 2.710695 Tracked 65552554
0.1974076 0.3779882 2.709458 Tracked 65552588
0.1981569 0.3771556 2.706655 Tracked 65552614
0.1982485 0.3769152 2.703745 Tracked 65552647
0.1991531 0.3749114 2.699859 Tracked 65552680
0.2005667 0.3699379 2.692785 Tracked 65552713
0.2010277 0.3693179 2.691967 Tracked 65552747
0.2024581 0.3615015 2.679722 Tracked 65552780
0.2024898 0.3613709 2.679658 Tracked 65552813
0.1999382 0.3422141 2.658611 Tracked 65552847
0.1996553 0.3337476 2.649325 Tracked 65552880
0.200414 0.3210159 2.639725 Tracked 65552912
0.1985585 0.3032365 2.628633 Tracked 65552947
0.2018541 0.2838864 2.618132 Tracked 65552981
0.2073579 0.2532783 2.615516 Tracked 65553013
0.2068264 0.2391145 2.607352 Tracked 65553047
0.206422 0.2288374 2.600987 Tracked 65553080
0.2059466 0.2205649 2.59643 Tracked 65553112
0.2038317 0.1437786 2.591503 Tracked 65553148
0.2040914 0.1308995 2.588531 Tracked 65553180
0.2058362 0.08631732 2.595045 Tracked 65553214
0.2057666 0.08105521 2.588974 Tracked 65553247
0.1627981 0.08477186 2.558407 Inferred 65553280
0.1535732 0.0664449 2.566117 Inferred 65553312
0.1438578 0.05945389 2.55362 Inferred 65553347
0.139138 0.05681355 2.547784 Inferred 65553380
0.2485172 0.2294622 2.687036 Inferred 65553414
0.2484227 0.2293574 2.687037 Inferred 65553448
0.2485158 0.2292769 2.687237 Inferred 65553481
0.2449695 0.1746662 2.588464 Inferred 65553513
0.2450377 0.1746423 2.588482 Inferred 65553547
0.2450387 0.1746413 2.588511 Inferred 65553580
0.2451283 0.1746145 2.588414 Inferred 65553614
0.245095 0.174681 2.58833 Inferred 65553648
0.2614561 0.1751519 2.571052 Inferred 65553681
0.2461257 0.2283853 2.670558 Inferred 65553712
0.1892345 0.2161935 2.594477 Inferred 65553747
0.1630929 0.007888796 2.588834 Inferred 65553780
0.1587146 0.056924 2.565387 Inferred 65553813
0.2121376 0.009373669 2.619894 Tracked 65553848
0.2118488 0.07788558 2.568106 Tracked 65553880
0.2139064 0.1063248 2.565154 Tracked 65553913
0.2097882 0.1296642 2.564472 Tracked 65553947
0.2103676 0.1853179 2.554322 Tracked 65553980
0.2108787 0.195248 2.558835 Tracked 65554013
0.2100846 0.2321069 2.568373 Tracked 65554046
0.2101619 0.25772 2.575042 Tracked 65554081
0.2086495 0.2780353 2.580447 Tracked 65554112
0.2060445 0.2977319 2.586063 Tracked 65554146
0.2048645 0.3135873 2.593687 Tracked 65554181
0.2056107 0.3290049 2.60131 Tracked 65554213
0.2054604 0.3305947 2.602874 Tracked 65554246
0.2054796 0.3476688 2.618796 Tracked 65554280
0.2055893 0.3551701 2.625651 Tracked 65554314
0.2058491 0.3645526 2.63635 Tracked 65554347
0.2047926 0.3705907 2.643933 Tracked 65554380
0.2044337 0.3721931 2.648985 Tracked 65554413
0.203181 0.3754077 2.65217 Tracked 65554447
0.2031811 0.3758087 2.656737 Tracked 65554481
0.2027992 0.3773026 2.661136 Tracked 65554512
0.2029292 0.3768166 2.660722 Tracked 65554547
0.2028919 0.376916 2.661854 Tracked 65554580
0.2028608 0.3769798 2.662937 Tracked 65554613
0.2028101 0.3769986 2.664289 Tracked 65554647
0.2026897 0.3771718 2.665537 Tracked 65554680
0.202368 0.3771227 2.666046 Tracked 65554715
0.2018013 0.3773556 2.666939 Tracked 65554747
0.2019578 0.3775918 2.667996 Tracked 65554780
0.201745 0.3777447 2.668569 Tracked 65554813
0.2017275 0.3776961 2.668984 Tracked 65554847
0.2017575 0.3775021 2.669365 Tracked 65554880
0.201752 0.377657 2.669559 Tracked 65554914
0.1995347 0.3794963 2.673816 Tracked 65554947
0.199727 0.3794703 2.673771 Tracked 65554980
0.1997925 0.3794976 2.673697 Tracked 65555013
0.2000976 0.379721 2.673338 Tracked 65555045
0.2003681 0.3797765 2.67276 Tracked 65555080
0.2009705 0.3801683 2.67195 Tracked 65555112
0.2008941 0.3800844 2.670106 Tracked 65555147
0.2010991 0.3800893 2.668212 Tracked 65555180
0.2007782 0.3820353 2.663563 Tracked 65555212
0.2011671 0.3834173 2.658348 Tracked 65555247
0.2019797 0.3818034 2.656634 Tracked 65555280
0.2025549 0.3783816 2.644125 Tracked 65555312
0.2028051 0.3767051 2.643705 Tracked 65555349
0.2023943 0.3590102 2.619747 Tracked 65555380
0.2034802 0.3539921 2.613854 Tracked 65555413
0.2037756 0.3433006 2.605025 Tracked 65555447
0.2029343 0.3248042 2.588459 Tracked 65555480
0.2043535 0.3091036 2.584508 Tracked 65555513
0.2055124 0.2844669 2.575324 Tracked 65555548
0.205082 0.2518262 2.567718 Tracked 65555580
0.2046231 0.2312953 2.561526 Tracked 65555613
0.203617 0.2041255 2.554729 Tracked 65555646
0.2028242 0.1875628 2.547507 Tracked 65555683
0.2069923 0.1288561 2.564162 Tracked 65555715
0.2093728 0.109135 2.57042 Tracked 65555750
0.2086566 0.06895822 2.582509 Tracked 65555784
0.2101076 0.05067389 2.583253 Tracked 65555815
0.2254968 0.001771427 2.601311 Tracked 65555850
0.2248902 -0.0009986202 2.605256 Tracked 65555883
0.3543464 -0.1132446 2.678155 Inferred 65555915
0.2237195 -0.08291439 2.693099 Tracked 65555949
0.231505 0.02468389 2.519253 Tracked 65555983
0.008619239 -0.287142 2.72231 Inferred 65556016
0.1284634 0.06202112 2.652212 Inferred 65556051
0.1287946 0.06170178 2.652212 Inferred 65556083
0.1292962 0.06100466 2.651657 Inferred 65556115
0.007971677 -0.2233938 2.628661 Inferred 65556151
0.02417043 -0.1133359 2.449104 Inferred 65556183
0.02332515 -0.1125606 2.451255 Inferred 65556216
0.02190171 -0.108414 2.462783 Inferred 65556249
0.05131329 -0.1107038 2.48235 Inferred 65556283
0.2162816 0.03880859 2.599366 Tracked 65556315
0.2125346 0.08261159 2.578314 Tracked 65556350
0.2118145 0.09751156 2.579118 Tracked 65556383
0.2092194 0.1258402 2.578154 Tracked 65556415
0.2079772 0.1510692 2.580659 Tracked 65556453
0.2054731 0.2028564 2.573834 Tracked 65556482
0.2056393 0.2132016 2.577444 Tracked 65556515
0.2057849 0.2453695 2.583883 Tracked 65556550
0.2047746 0.2647575 2.589793 Tracked 65556582
0.2028939 0.2842245 2.595666 Tracked 65556618
0.2008634 0.2984031 2.60071 Tracked 65556652
0.2000779 0.3152854 2.606651 Tracked 65556678
0.1985493 0.3230624 2.611777 Tracked 65556712
0.1991138 0.32857 2.614845 Tracked 65556751
0.1996976 0.3456931 2.628893 Tracked 65556785
0.2000633 0.354858 2.634948 Tracked 65556818
0.2004738 0.362007 2.64255 Tracked 65556853
0.200249 0.3649849 2.645825 Tracked 65556885
0.1990439 0.3673958 2.648489 Tracked 65556919
0.1984441 0.3706457 2.654847 Tracked 65556948
0.1983345 0.371122 2.655253 Tracked 65556981
0.1982577 0.3715415 2.655893 Tracked 65557013
0.1981408 0.3719347 2.656594 Tracked 65557047
0.1965756 0.3755088 2.662967 Tracked 65557081
0.1956709 0.3775501 2.668485 Tracked 65557113
0.1956552 0.3772919 2.667909 Tracked 65557147
0.1946411 0.3779894 2.669277 Tracked 65557181
0.1941704 0.3775066 2.669771 Tracked 65557213
0.1934725 0.3773415 2.670202 Tracked 65557247
0.1943602 0.377212 2.669458 Tracked 65557288
0.1950884 0.3772821 2.668895 Tracked 65557317
0.1952936 0.3774476 2.667435 Tracked 65557349
0.1959 0.3774181 2.666553 Tracked 65557380
0.1963044 0.3776005 2.665705 Tracked 65557412
0.1965607 0.3784921 2.665647 Tracked 65557447
0.1974881 0.3786116 2.664095 Tracked 65557480
0.1982366 0.3784741 2.662477 Tracked 65557514
0.1992218 0.3806001 2.659492 Tracked 65557544
0.2002948 0.3811469 2.656501 Tracked 65557578
0.2018008 0.3790406 2.650503 Tracked 65557612
0.2018994 0.3779445 2.648041 Tracked 65557649
0.2023744 0.3752366 2.644835 Tracked 65557680
0.2052252 0.3620411 2.623252 Tracked 65557717
0.2059764 0.355037 2.615801 Tracked 65557753
0.2066465 0.3459423 2.606141 Tracked 65557785
0.2058807 0.3326631 2.59649 Tracked 65557818
0.2063181 0.314347 2.586878 Tracked 65557851
0.2069849 0.2974984 2.581386 Tracked 65557885
0.2088614 0.2755967 2.577602 Tracked 65557918
0.2110182 0.2406609 2.572785 Tracked 65557955
0.2113972 0.2256394 2.570137 Tracked 65557982
0.2113325 0.2221957 2.569302 Tracked 65558014
0.2064121 0.176909 2.554796 Tracked 65558047
0.211589 0.1290967 2.571965 Tracked 65558085
0.2118051 0.111658 2.575441 Tracked 65558117
0.2130409 0.0726878 2.588134 Tracked 65558155
0.2171836 0.04692322 2.601069 Tracked 65558182
0.2178613 0.04876737 2.590143 Tracked 65558212
0.2205884 0.04691442 2.55212 Tracked 65558246
0.2317645 0.03060074 2.552324 Tracked 65558280
0.2294957 -0.03530403 2.628644 Tracked 65558313
0.2594759 -0.1261064 2.696909 Inferred 65558348
0.2600857 -0.13063 2.699407 Inferred 65558380
0.43839 0.094634 2.733622 Inferred 65558413
0.3317944 0.1390975 2.837415 Inferred 65558447
0.2218873 -0.08124661 2.671613 Inferred 65558481
0.2342748 -0.08505394 2.675626 Inferred 65558513
0.2144986 -0.02049072 2.622812 Tracked 65558548
0.2147183 -0.01946048 2.623804 Tracked 65558582
0.2151829 -0.01866265 2.630737 Tracked 65558614
0.2162446 0.02045016 2.620182 Tracked 65558647
0.2179258 0.0438576 2.611028 Tracked 65558681
0.2185944 0.07434852 2.601785 Tracked 65558713
0.2169967 0.1082129 2.593274 Tracked 65558747
0.2181901 0.1307987 2.590769 Tracked 65558780
0.2188931 0.1575954 2.588422 Tracked 65558813
0.2183621 0.1964717 2.5859 Tracked 65558847
0.2211088 0.2109366 2.589958 Tracked 65558880
0.2209362 0.2369889 2.596625 Tracked 65558914
0.2220686 0.259527 2.603626 Tracked 65558947
0.2205976 0.2785929 2.609322 Tracked 65558980
0.2213812 0.2920327 2.614221 Tracked 65559013
0.2225968 0.3141783 2.621072 Tracked 65559047
0.2234526 0.3227113 2.625964 Tracked 65559080
0.2232551 0.3313861 2.632439 Tracked 65559114
0.2234282 0.3361603 2.635625 Tracked 65559147
0.2230537 0.3430004 2.640579 Tracked 65559181
0.2244094 0.3522167 2.647802 Tracked 65559214
0.2245382 0.3523628 2.64793 Tracked 65559248
0.2247607 0.3526424 2.648184 Tracked 65559281
0.2269588 0.3576491 2.6543 Tracked 65559315
0.2290098 0.3623694 2.659137 Tracked 65559347
0.2290999 0.3642733 2.659984 Tracked 65559381
0.229414 0.3652451 2.660482 Tracked 65559414
0.2307622 0.3679315 2.662246 Tracked 65559447
0.2310755 0.3685239 2.662616 Tracked 65559481
0.231762 0.3695833 2.662722 Tracked 65559514
0.2325538 0.370798 2.662486 Tracked 65559547
0.2329073 0.3711104 2.662374 Tracked 65559580
0.2333311 0.3718047 2.661221 Tracked 65559614
0.2319489 0.367333 2.65672 Tracked 65559648
0.2329801 0.3688948 2.65609 Tracked 65559681
0.2322601 0.3657595 2.653736 Tracked 65559714
0.2333348 0.3674455 2.653693 Tracked 65559748
0.2350366 0.3683901 2.653659 Tracked 65559781
0.237102 0.3682205 2.653632 Tracked 65559814
0.2394487 0.3684066 2.654959 Tracked 65559849
0.242732 0.3677147 2.656128 Tracked 65559880
0.2484965 0.3649058 2.661407 Tracked 65559913
0.2517742 0.364455 2.668206 Tracked 65559947
0.2546051 0.3646586 2.67555 Tracked 65559980
0.2549131 0.3649586 2.68278 Tracked 65560013
0.2554984 0.3630414 2.693985 Tracked 65560048
0.2556233 0.3633474 2.694647 Tracked 65560080
0.2521143 0.3628387 2.695681 Tracked 65560114
0.252446 0.3653834 2.700987 Tracked 65560148
0.2505484 0.3747666 2.718978 Tracked 65560181
0.2505245 0.3753043 2.719332 Inferred 65560213
0.2508216 0.3753199 2.719427 Inferred 65560247
0.2528442 0.3755823 2.720998 Inferred 65560280
0.2530114 0.3777899 2.722728 Inferred 65560314
0.2545201 0.3789001 2.725799 Inferred 65560347
0.2560618 0.3818929 2.733055 Inferred 65560381
0.2555551 0.3844312 2.736136 Inferred 65560414
0.2552012 0.3863724 2.740272 Inferred 65560448
0.2547894 0.3894012 2.746889 Inferred 65560481
0.2544974 0.3901757 2.749321 Inferred 65560513
0.2550993 0.3902929 2.75081 Inferred 65560548
0.2552138 0.3902475 2.751297 Inferred 65560581
0.256044 0.3902611 2.752321 Inferred 65560614
0.2581615 0.3891961 2.754073 Inferred 65560647
0.2625626 0.3874123 2.75456 Inferred 65560681
0.2675596 0.3849175 2.754926 Inferred 65560713
0.2741247 0.3818787 2.753721 Inferred 65560747
0.2813412 0.3784622 2.75134 Inferred 65560781
0.2895656 0.3736292 2.748941 Inferred 65560814
0.2979853 0.3681412 2.744816 Inferred 65560848
0.3084122 0.3625544 2.737125 Inferred 65560882
0.3192988 0.3531826 2.731155 Inferred 65560915
0.3312886 0.3422834 2.720991 Inferred 65560945
0.3439916 0.3291706 2.714648 Inferred 65560979
0.3547211 0.3161947 2.706305 Inferred 65561012
0.3673093 0.2972723 2.697156 Inferred 65561046
0.3797929 0.27779 2.687465 Inferred 65561079
0.3868063 0.2623031 2.676189 Inferred 65561111
0.3971759 0.2387792 2.665615 Inferred 65561146
0.3368246 0.2015222 2.700571 Tracked 65561178
0.3390249 0.1974941 2.701765 Tracked 65561208
0.3438629 0.1718934 2.700934 Inferred 65561245
0.3486775 0.1588998 2.703849 Tracked 65561281
0.359928 0.1458115 2.711372 Tracked 65561315
0.3663499 0.1233542 2.710686 Inferred 65561350
0.368447 0.1139062 2.710119 Inferred 65561380
0.3706517 0.1053997 2.707742 Inferred 65561415
0.3771583 0.05053673 2.700603 Inferred 65561448
0.3618053 0.04623307 2.69252 Tracked 65561483
0.3363982 0.01459013 2.678509 Tracked 65561514
0.3382738 0.01746575 2.679468 Tracked 65561550
0.3394925 0.01782347 2.67958 Inferred 65561581
0.3398476 0.01767333 2.679823 Inferred 65561615
0.3404819 0.01781087 2.680377 Inferred 65561649
0.3409098 0.01854685 2.68126 Inferred 65561680
0.340721 0.0178363 2.681489 Tracked 65561709
0.3410178 0.019145 2.682496 Tracked 65561748
0.3406354 0.02466378 2.680725 Tracked 65561783
0.3371172 0.03269852 2.680102 Tracked 65561815
0.3446533 0.06775388 2.682607 Tracked 65561849
0.343293 0.07610244 2.684416 Inferred 65561882
0.3649259 0.1344202 2.712301 Tracked 65561914
0.3596233 0.1395854 2.7074 Tracked 65561948
0.3529185 0.1614167 2.701424 Tracked 65561983
0.3460347 0.183569 2.696846 Tracked 65562013
0.3512225 0.2362226 2.712204 Tracked 65562046
0.3465265 0.2489763 2.715261 Inferred 65562087
0.3361755 0.2709279 2.72421 Inferred 65562119
0.339057 0.3043459 2.725476 Tracked 65562153
0.3359031 0.3060085 2.722639 Tracked 65562186
0.3301005 0.3111944 2.718218 Tracked 65562220
0.3213962 0.3229344 2.711477 Tracked 65562250
0.3167207 0.3188021 2.70807 Tracked 65562287
0.3208655 0.3213301 2.714319 Tracked 65562317
0.3229628 0.339485 2.727085 Tracked 65562352
0.3053394 0.3869623 2.739345 Tracked 65562400
0.3049041 0.3868903 2.739155 Tracked 65562427
0.2988359 0.3818846 2.729563 Tracked 65562451
0.3030952 0.3711164 2.728196 Tracked 65562481
0.3045828 0.3679208 2.727802 Tracked 65562511
0.3058473 0.3648401 2.72853 Tracked 65562548
0.3055947 0.3624105 2.72598 Tracked 65562581
0.3056267 0.3624445 2.725936 Tracked 65562616
0.305712 0.3626102 2.725786 Tracked 65562647
0.2946398 0.3765108 2.715831 Tracked 65562681
0.2909952 0.3794878 2.710822 Tracked 65562714
0.2884313 0.3806062 2.706028 Tracked 65562747
0.2855251 0.3828728 2.699152 Tracked 65562781
0.2866473 0.3809341 2.698986 Tracked 65562814
0.2734138 0.3859129 2.673016 Tracked 65562849
0.2694227 0.3851798 2.664536 Tracked 65562881
0.2592742 0.3860079 2.647875 Tracked 65562915
0.2521503 0.3848726 2.63666 Tracked 65562948
0.2442206 0.3853351 2.627717 Tracked 65562981
0.2442067 0.3853318 2.627932 Tracked 65563014
0.2363401 0.3852246 2.622222 Tracked 65563047
0.2300256 0.3860851 2.618283 Tracked 65563081
0.2108012 0.3876557 2.60641 Tracked 65563114
0.2034598 0.3871233 2.602881 Tracked 65563147
0.1556033 0.3817203 2.579353 Tracked 65563181
0.1522311 0.3816581 2.577769 Tracked 65563214
0.1480938 0.3811995 2.575909 Tracked 65563247
0.1443528 0.3811094 2.574981 Tracked 65563281
0.1325638 0.3806914 2.570356 Tracked 65563310
0.1219912 0.3803845 2.568225 Tracked 65563345
0.1030519 0.3769461 2.566706 Tracked 65563381
0.09565648 0.3747529 2.566341 Tracked 65563416
0.09415512 0.374875 2.564522 Tracked 65563447
0.08561155 0.3741258 2.562606 Tracked 65563482
0.07772825 0.373115 2.561539 Tracked 65563514
0.06904849 0.371534 2.560046 Tracked 65563548
0.05926764 0.3674696 2.556329 Tracked 65563581
0.05274022 0.3647277 2.555494 Tracked 65563615
0.04506581 0.3608379 2.553285 Tracked 65563647
0.03430153 0.3515447 2.547298 Tracked 65563679
0.02843217 0.3454245 2.54529 Tracked 65563709
0.02002393 0.3369858 2.539889 Tracked 65563742
0.01119575 0.3239085 2.534683 Tracked 65563776
0.008161757 0.3174142 2.532438 Tracked 65563811
0.004658089 0.3100805 2.530596 Tracked 65563848
0.001693664 0.3023186 2.529505 Tracked 65563881
-0.001739251 0.2931834 2.527511 Tracked 65563913
-0.009530147 0.2642042 2.523357 Tracked 65563947
-0.01582571 0.2125678 2.513412 Tracked 65563981
-0.01556786 0.214461 2.514091 Tracked 65564015
-0.01642855 0.1743178 2.510075 Tracked 65564048
-0.01656268 0.1715975 2.509021 Tracked 65564081
-0.01845936 0.1540085 2.502227 Tracked 65564111
-0.01941772 0.1342376 2.498284 Tracked 65564147
-0.01952013 0.1238734 2.495427 Tracked 65564181
-0.01899612 0.1170822 2.49419 Tracked 65564215
-0.01925103 0.1117723 2.492855 Tracked 65564248
-0.01847589 0.1091198 2.491719 Tracked 65564281
-0.01799689 0.1064829 2.49064 Tracked 65564314
-0.01562799 0.09534606 2.486587 Tracked 65564348
-0.01557226 0.09539293 2.486611 Tracked 65564381
-0.01459555 0.09006993 2.482093 Tracked 65564412
-0.01368394 0.08826367 2.480879 Tracked 65564448
-0.01346356 0.08844885 2.48042 Tracked 65564482
-0.01347528 0.08944867 2.480411 Tracked 65564511
-0.01113478 0.09380048 2.481003 Tracked 65564550
-0.009217015 0.1030611 2.484167 Tracked 65564581
-0.007656025 0.1196758 2.48759 Tracked 65564611
0.0007868438 0.1261075 2.493601 Tracked 65564648
0.007567481 0.1410291 2.497175 Tracked 65564682
0.01563221 0.1627152 2.498946 Tracked 65564714
0.01874504 0.1834391 2.501992 Tracked 65564747
0.02302391 0.2100011 2.504607 Tracked 65564781
0.02709583 0.2303789 2.506453 Tracked 65564815
0.03313008 0.2550878 2.511336 Tracked 65564848
0.04014579 0.2745835 2.51637 Tracked 65564881
0.05085329 0.2956201 2.526634 Tracked 65564911
0.06683301 0.3136412 2.535077 Tracked 65564945
0.07735956 0.3253069 2.542836 Tracked 65564982
0.08785982 0.3366762 2.551861 Tracked 65565014
0.09062041 0.339076 2.553598 Tracked 65565048
0.1122723 0.3583564 2.571605 Tracked 65565081
0.1165325 0.3621508 2.575163 Tracked 65565115
0.1325701 0.3714027 2.586942 Tracked 65565148
0.1377273 0.3745134 2.59158 Tracked 65565182
0.1377368 0.3744412 2.591716 Tracked 65565214
0.1505227 0.3775528 2.60422 Tracked 65565249
0.1605568 0.3814504 2.613909 Tracked 65565282
0.1638792 0.3813484 2.616297 Tracked 65565311
0.1627178 0.3810396 2.615183 Tracked 65565348
0.1708407 0.3835737 2.62002 Tracked 65565381
0.1753998 0.3843382 2.621313 Tracked 65565413
0.1808497 0.3856192 2.623669 Tracked 65565448
0.1843454 0.3854097 2.623301 Tracked 65565481
0.1885833 0.3846414 2.621823 Tracked 65565511
0.194522 0.3825203 2.619116 Tracked 65565546
0.1990463 0.3824692 2.617041 Tracked 65565581
0.2031323 0.3821397 2.615095 Tracked 65565612
0.2060941 0.3811781 2.613928 Tracked 65565648
0.2077912 0.3810514 2.611764 Tracked 65565680
0.2093069 0.3806201 2.609714 Tracked 65565711
0.2119209 0.3799214 2.608987 Tracked 65565748
