0.06781104 0.4596775 1.98578 Tracked 68240213
0.06781104 0.4596775 1.98578 Tracked 68240214
0.06781104 0.4596775 1.98578 Tracked 68240215
0.06781104 0.4596775 1.98578 Tracked 68240215
0.06781104 0.4596775 1.98578 Tracked 68240215
0.06781104 0.4596775 1.98578 Tracked 68240215
0.06781104 0.4596775 1.98578 Tracked 68240215
0.06781104 0.4596775 1.98578 Tracked 68240215
0.06781104 0.4596775 1.98578 Tracked 68240215
0.06781104 0.4596775 1.98578 Tracked 68240215
0.06781104 0.4596775 1.98578 Tracked 68240215
0.06781104 0.4596775 1.98578 Tracked 68240215
0.06781104 0.4596775 1.98578 Tracked 68240215
0.06781104 0.4596775 1.98578 Tracked 68240215
0.06781104 0.4596775 1.98578 Tracked 68240215
0.06781104 0.4596775 1.98578 Tracked 68240215
0.06781104 0.4596775 1.98578 Tracked 68240215
0.06781104 0.4596775 1.98578 Tracked 68240215
0.06781104 0.4596775 1.98578 Tracked 68240215
0.06781104 0.4596775 1.98578 Tracked 68240215
0.06781104 0.4596775 1.98578 Tracked 68240215
0.06781104 0.4596775 1.98578 Tracked 68240215
0.06781104 0.4596775 1.98578 Tracked 68240215
0.06781104 0.4596775 1.98578 Tracked 68240215
0.06781104 0.4596775 1.98578 Tracked 68240215
0.06781104 0.4596775 1.98578 Tracked 68240215
0.04842902 0.07453187 1.835787 Tracked 68240215
0.04812491 0.07455359 1.835643 Tracked 68240223
0.04678503 0.07955053 1.833829 Tracked 68240256
0.0451151 0.0990326 1.827103 Tracked 68240289
0.04383452 0.1207053 1.821283 Tracked 68240324
0.04383477 0.1504029 1.819697 Tracked 68240357
0.04706476 0.1961754 1.812616 Tracked 68240390
0.04917409 0.2134074 1.815764 Tracked 68240424
0.04252986 0.2537517 1.822915 Tracked 68240456
0.04497568 0.2789958 1.831151 Tracked 68240490
0.04734666 0.3131552 1.842725 Tracked 68240524
0.04730586 0.3324363 1.850944 Tracked 68240558
0.04602896 0.359476 1.863322 Tracked 68240590
0.04750146 0.3676201 1.867657 Tracked 68240624
0.05020253 0.3944314 1.884045 Tracked 68240657
0.04941211 0.4053195 1.89062 Tracked 68240690
0.04920062 0.4138823 1.895656 Tracked 68240724
0.04886391 0.4231514 1.901276 Tracked 68240757
0.04687107 0.4264192 1.90317 Tracked 68240791
0.0455757 0.4284053 1.904596 Tracked 68240823
0.03759301 0.4462245 1.91576 Tracked 68240857
0.03867018 0.4438735 1.9147 Tracked 68240890
0.03894614 0.4523417 1.923844 Tracked 68240924
0.03895387 0.4553407 1.927183 Tracked 68240957
0.03877998 0.4571963 1.929595 Tracked 68240990
0.03930951 0.4585994 1.931719 Tracked 68241026
0.03967498 0.4594488 1.932644 Tracked 68241057
0.03976174 0.4598948 1.933532 Tracked 68241090
0.03997901 0.4601164 1.933924 Tracked 68241124
0.04094775 0.4608585 1.935504 Tracked 68241157
0.04211116 0.4611724 1.936658 Tracked 68241190
0.04209587 0.4611666 1.936603 Tracked 68241224
0.04227417 0.4611622 1.936764 Tracked 68241257
0.04228382 0.461151 1.936749 Tracked 68241291
0.04236088 0.4608705 1.93652 Tracked 68241324
0.04257349 0.4598038 1.935157 Tracked 68241358
0.04259832 0.4584092 1.933222 Tracked 68241390
0.04276091 0.4584627 1.933122 Tracked 68241424
0.04362738 0.4583039 1.93299 Tracked 68241457
0.04434682 0.4547783 1.930086 Tracked 68241490
0.05506684 0.4123566 1.904036 Tracked 68241525
0.05468128 0.4097725 1.903021 Tracked 68241557
0.04992984 0.3708366 1.887289 Tracked 68241591
0.05161837 0.3485454 1.880395 Tracked 68241624
0.05210666 0.3168932 1.86912 Tracked 68241657
0.05474545 0.2772448 1.863489 Tracked 68241689
0.05307906 0.265675 1.86153 Tracked 68241723
0.045539 0.1950052 1.852297 Tracked 68241756
0.04729912 0.1441017 1.86123 Tracked 68241789
0.04758949 0.1181472 1.865471 Tracked 68241823
0.04851199 0.07738271 1.874968 Tracked 68241858
0.05215938 0.07442705 1.866382 Tracked 68241891
0.05240931 0.06410416 1.868763 Tracked 68241924
0.05494946 -0.002682956 1.9029 Inferred 68241957
0.05000978 -0.04107131 1.940002 Inferred 68241989
0.1740044 -0.08496848 2.024733 Inferred 68242024
0.21089 -0.08719845 2.037434 Inferred 68242057
0.2129939 -0.08210492 2.033897 Inferred 68242089
0.05881564 0.04499333 1.875048 Tracked 68242123
0.06025114 0.06966569 1.867407 Tracked 68242156
0.06194396 0.09582546 1.857876 Tracked 68242190
0.06118133 0.1139043 1.857567 Tracked 68242223
0.0644574 0.1422804 1.854444 Tracked 68242257
0.06664848 0.1967957 1.84348 Tracked 68242290
0.06692457 0.2123032 1.848376 Tracked 68242324
0.06015743 0.2588531 1.855658 Tracked 68242356
0.06006183 0.2874537 1.862409 Tracked 68242389
0.06153568 0.3144618 1.871985 Tracked 68242423
0.05900558 0.3406587 1.881492 Tracked 68242457
0.05625062 0.3647758 1.888556 Tracked 68242490
0.05616759 0.3746807 1.892337 Tracked 68242524
0.05638694 0.3862013 1.896942 Tracked 68242556
0.04926592 0.4386459 1.917567 Tracked 68242589
0.04962933 0.4398563 1.918404 Tracked 68242625
0.04410876 0.4504611 1.923329 Tracked 68242657
0.04199998 0.4541951 1.92541 Tracked 68242691
0.04008586 0.4598126 1.929814 Tracked 68242724
0.04049677 0.4593577 1.930019 Tracked 68242759
0.04123874 0.4589998 1.930672 Tracked 68242791
0.04133987 0.4585598 1.930863 Tracked 68242824
0.03816485 0.4641021 1.938905 Tracked 68242857
0.03887504 0.4617569 1.937547 Tracked 68242891
0.0376474 0.4651689 1.942436 Tracked 68242924
0.03889506 0.462667 1.940379 Tracked 68242957
0.04008466 0.4611094 1.939015 Tracked 68242990
0.04078202 0.459291 1.93763 Tracked 68243025
0.04143316 0.4578059 1.936192 Tracked 68243057
0.04091206 0.4582956 1.936406 Tracked 68243090
0.04070373 0.45824 1.936131 Tracked 68243125
0.04218578 0.4551074 1.932383 Tracked 68243157
0.04391557 0.4535967 1.930265 Tracked 68243190
0.04663332 0.4512794 1.927832 Tracked 68243224
0.04872414 0.4442115 1.92219 Tracked 68243257
0.05021066 0.4340813 1.915385 Tracked 68243290
0.05291371 0.3885792 1.888535 Tracked 68243324
0.05304128 0.3862874 1.887458 Tracked 68243358
0.05680513 0.3420255 1.871867 Tracked 68243391
0.05792608 0.324346 1.866871 Tracked 68243423
0.0526432 0.2905631 1.85515 Tracked 68243456
0.04988329 0.2406671 1.849268 Tracked 68243489
0.04853754 0.2083058 1.846228 Tracked 68243523
0.05118043 0.1515571 1.85144 Tracked 68243556
0.04901598 0.1219861 1.859036 Tracked 68243589
0.04732808 0.08666459 1.863395 Tracked 68243623
0.05101286 0.08004835 1.859806 Tracked 68243656
0.05186591 0.07691678 1.848913 Tracked 68243689
0.2704797 0.09450723 1.823611 Inferred 68243723
0.2699237 0.07823904 1.833119 Inferred 68243756
0.2695697 0.06083745 1.849382 Inferred 68243789
0.268604 0.05871645 1.851495 Inferred 68243823
0.2602096 0.05393899 1.854807 Inferred 68243856
0.2543101 0.06292176 1.84497 Inferred 68243889
0.2681698 0.1432444 1.806909 Inferred 68243923
0.2663895 0.1498216 1.805093 Inferred 68243957
0.2621653 0.1669568 1.803261 Inferred 68243990
0.04433971 0.1165177 1.862268 Tracked 68244025
0.04362587 0.1338199 1.859959 Tracked 68244058
0.04366802 0.1674695 1.858556 Tracked 68244090
0.04407385 0.2043852 1.858177 Tracked 68244124
0.04722545 0.2328357 1.865444 Tracked 68244156
0.0484624 0.2477143 1.868256 Tracked 68244190
0.05211318 0.3099098 1.882117 Tracked 68244224
0.0532208 0.3258273 1.88706 Tracked 68244257
0.05072789 0.3599051 1.897377 Tracked 68244290
0.05098792 0.3723116 1.902922 Tracked 68244324
0.05912687 0.4096596 1.918894 Tracked 68244357
0.0573034 0.4167608 1.922723 Tracked 68244391
0.05504239 0.4326857 1.930032 Tracked 68244425
0.05447061 0.4325858 1.929733 Tracked 68244459
0.05294358 0.4328042 1.929228 Tracked 68244490
0.05176911 0.4329833 1.928784 Tracked 68244524
0.05137102 0.4331762 1.928743 Tracked 68244557
0.04199532 0.4476188 1.933634 Tracked 68244590
0.04087531 0.4495002 1.934138 Tracked 68244624
0.04003325 0.4510334 1.934682 Tracked 68244657
0.0397197 0.4526632 1.935713 Tracked 68244690
0.0403943 0.45162 1.935387 Tracked 68244724
0.04021663 0.4520477 1.93545 Tracked 68244757
0.03951663 0.4526865 1.935123 Tracked 68244790
0.03898741 0.4528917 1.934288 Tracked 68244823
0.03881637 0.4529467 1.932299 Tracked 68244856
0.03817227 0.4524838 1.928911 Tracked 68244890
0.03979009 0.450431 1.927847 Tracked 68244924
0.04405254 0.4487246 1.927244 Tracked 68244957
0.04731622 0.4437487 1.918905 Tracked 68244991
0.0484364 0.4354204 1.915493 Tracked 68245024
0.05146913 0.3926252 1.884601 Tracked 68245057
0.0516698 0.3895849 1.883104 Tracked 68245090
0.05165369 0.3371812 1.862429 Tracked 68245124
0.05178181 0.3219924 1.85817 Tracked 68245157
0.04562935 0.2705641 1.848099 Tracked 68245190
0.0428898 0.2385497 1.844362 Tracked 68245224
0.04422359 0.1865958 1.843532 Tracked 68245258
0.04361561 0.1501553 1.845277 Tracked 68245289
0.04626627 0.1126917 1.849805 Tracked 68245323
0.04691917 0.08278051 1.854922 Tracked 68245356
0.04828958 0.05959953 1.862749 Tracked 68245389
0.04834377 0.04731303 1.8675 Tracked 68245424
0.04917542 0.04219585 1.868356 Tracked 68245456
0.04971605 0.02745431 1.880933 Inferred 68245490
0.04394333 0.02953661 1.875925 Inferred 68245523
0.07970381 0.01558 1.896757 Inferred 68245557
0.1245729 0.007659978 1.926728 Inferred 68245590
0.04961383 0.04290841 1.884822 Tracked 68245624
0.05124079 0.06163878 1.880009 Tracked 68245656
0.04943101 0.08988141 1.878463 Tracked 68245689
0.04797206 0.1226447 1.877986 Tracked 68245724
0.04915338 0.1616706 1.879503 Tracked 68245756
0.04950158 0.2096449 1.87959 Tracked 68245790
0.05109874 0.2319165 1.886785 Tracked 68245824
0.05455076 0.274226 1.899859 Tracked 68245857
0.05448507 0.2743937 1.899859 Tracked 68245890
0.05500438 0.3376369 1.91814 Tracked 68245924
0.05494775 0.35077 1.923761 Tracked 68245957
0.05517016 0.3798991 1.936055 Tracked 68245990
0.05351283 0.3876686 1.939406 Tracked 68246023
0.0572617 0.4174258 1.953397 Tracked 68246059
0.05694508 0.417033 1.95314 Tracked 68246090
0.05704766 0.4435563 1.967909 Tracked 68246124
0.05161522 0.4459586 1.967727 Tracked 68246156
0.04765159 0.4487831 1.967911 Tracked 68246190
0.0451995 0.4513933 1.968274 Tracked 68246223
0.04372409 0.4530788 1.968691 Tracked 68246257
0.04133205 0.4546315 1.969061 Tracked 68246290
0.04065467 0.4555453 1.96939 Tracked 68246325
0.03999424 0.4560732 1.969501 Tracked 68246357
0.03957333 0.456353 1.969479 Tracked 68246389
0.03948354 0.4564617 1.969443 Tracked 68246423
0.03909406 0.456608 1.969131 Tracked 68246456
0.03896286 0.4567186 1.968813 Tracked 68246490
0.0388468 0.4567665 1.968485 Tracked 68246524
0.03844793 0.4568657 1.966067 Tracked 68246557
0.03928276 0.4565747 1.962875 Tracked 68246591
0.04081201 0.4568994 1.962797 Tracked 68246625
0.04195602 0.4562526 1.96197 Tracked 68246659
0.04377894 0.4531762 1.959211 Tracked 68246691
0.05615378 0.4097402 1.920673 Tracked 68246724
0.05591134 0.4078258 1.919675 Tracked 68246757
0.05168521 0.3812346 1.904629 Tracked 68246790
0.0528115 0.3686962 1.898317 Tracked 68246824
0.053409 0.3594382 1.893551 Tracked 68246856
0.05372247 0.3327666 1.879425 Tracked 68246890
0.05572851 0.3145156 1.873917 Tracked 68246924
0.05423458 0.3079704 1.871135 Tracked 68246957
0.05305744 0.2983792 1.868253 Tracked 68246990
0.04452456 0.2459872 1.855043 Tracked 68247023
0.04322494 0.2347007 1.855088 Tracked 68247056
0.04186809 0.2194846 1.852465 Tracked 68247089
0.040142 0.2036751 1.850749 Tracked 68247125
0.03965532 0.1928249 1.849233 Tracked 68247157
0.03937221 0.18434 1.850113 Tracked 68247190
0.03921276 0.1830178 1.849311 Tracked 68247223
0.03888258 0.1840364 1.848108 Tracked 68247256
0.03814325 0.190521 1.84607 Tracked 68247291
0.03761851 0.20192 1.843423 Tracked 68247324
0.03758058 0.214546 1.844379 Tracked 68247357
0.03746148 0.2411284 1.844308 Tracked 68247390
0.03624093 0.2607591 1.846049 Tracked 68247425
0.03768647 0.2802588 1.849081 Tracked 68247457
0.04001815 0.3012544 1.854034 Tracked 68247490
0.0389704 0.3195712 1.857349 Tracked 68247524
0.03911763 0.3428457 1.864859 Tracked 68247557
0.04215882 0.3731082 1.871927 Tracked 68247590
0.04042595 0.3795906 1.874487 Tracked 68247624
0.04211269 0.3889525 1.877419 Tracked 68247657
0.04136569 0.4357787 1.894903 Tracked 68247690
0.04183844 0.4379221 1.896128 Tracked 68247725
0.04089702 0.4392029 1.89628 Tracked 68247758
0.0348341 0.447644 1.897895 Tracked 68247791
0.032259 0.452026 1.899136 Tracked 68247824
0.03234567 0.4520159 1.899221 Tracked 68247856
0.03070251 0.460095 1.903648 Tracked 68247890
0.03109561 0.4594334 1.903604 Tracked 68247924
0.03165393 0.4592095 1.903841 Tracked 68247957
0.03223499 0.4588885 1.904186 Tracked 68247989
0.03277898 0.4583833 1.904137 Tracked 68248024
0.03341039 0.4578243 1.903964 Tracked 68248076
0.03405945 0.4570583 1.903426 Tracked 68248091
0.03458178 0.4587084 1.902928 Tracked 68248124
0.03584132 0.456457 1.901066 Tracked 68248156
0.03701225 0.4577844 1.899263 Tracked 68248191
0.03900451 0.4574345 1.894375 Tracked 68248224
0.04160921 0.4530571 1.891997 Tracked 68248257
0.0443573 0.4470294 1.888699 Tracked 68248289
0.06006308 0.4146153 1.861669 Tracked 68248324
0.05841823 0.3962366 1.854677 Tracked 68248356
0.06058301 0.3652801 1.843535 Tracked 68248391
0.06020562 0.3272058 1.830905 Tracked 68248424
0.06284067 0.2889835 1.82712 Tracked 68248458
0.05152056 0.2468178 1.81763 Tracked 68248491
0.04843275 0.2064302 1.811056 Tracked 68248524
0.04601315 0.1474942 1.815313 Tracked 68248556
0.04833106 0.1127022 1.821047 Tracked 68248590
0.04423747 0.06087378 1.834027 Tracked 68248623
0.04579502 0.05305542 1.832876 Tracked 68248656
0.03833243 0.003819069 1.854571 Inferred 68248689
0.2608528 0.01273177 1.878448 Inferred 68248723
0.259353 0.01094903 1.877595 Inferred 68248757
0.2574195 0.00876078 1.875799 Inferred 68248790
0.2556936 0.006938316 1.876403 Inferred 68248824
0.2520817 0.01097455 1.873393 Inferred 68248857
0.243869 0.01529188 1.877415 Inferred 68248889
0.2284391 0.0386526 1.877554 Inferred 68248923
0.04482071 0.09399111 1.812497 Tracked 68248956
0.04257465 0.1083605 1.813511 Tracked 68248989
0.03914139 0.1233738 1.815054 Tracked 68249025
0.03592043 0.1606581 1.81607 Tracked 68249057
0.03619752 0.2072145 1.81052 Tracked 68249089
0.03895095 0.2406752 1.810962 Tracked 68249124
0.0393797 0.2845418 1.815413 Tracked 68249157
0.04630781 0.3078358 1.824613 Tracked 68249190
0.0509585 0.3332795 1.8368 Tracked 68249224
0.05100947 0.3581451 1.847508 Tracked 68249257
0.0497135 0.376806 1.856193 Tracked 68249290
0.05245132 0.4054809 1.873652 Tracked 68249324
0.05271398 0.4132338 1.877705 Tracked 68249357
0.05201605 0.4203584 1.882459 Tracked 68249389
0.05222602 0.4265688 1.886999 Tracked 68249423
0.04615401 0.4593072 1.908723 Tracked 68249457
0.04577355 0.4604003 1.909952 Tracked 68249489
0.04535026 0.461759 1.911748 Tracked 68249524
0.04585209 0.4603529 1.911384 Tracked 68249557
0.0463131 0.4594978 1.911346 Tracked 68249589
0.04707966 0.4583796 1.911468 Tracked 68249624
0.0474331 0.4579511 1.911751 Tracked 68249658
0.04849968 0.4587064 1.914354 Tracked 68249690
0.04843948 0.4612479 1.918739 Tracked 68249724
0.04847115 0.4612135 1.918736 Tracked 68249757
0.04847799 0.4611261 1.918689 Tracked 68249789
0.04873589 0.4610431 1.918669 Tracked 68249823
0.04946825 0.4604884 1.918401 Tracked 68249857
0.05216892 0.4598168 1.918233 Tracked 68249890
0.05698219 0.4510453 1.912285 Tracked 68249924
0.05720678 0.4460285 1.908969 Tracked 68249957
0.06518838 0.3928921 1.881654 Tracked 68249990
0.06433644 0.3757198 1.875936 Tracked 68250025
0.06600505 0.3377256 1.864031 Tracked 68250058
0.06398753 0.3099829 1.856363 Tracked 68250108
0.05969331 0.2601851 1.846217 Tracked 68250124
0.05748931 0.2249738 1.841453 Tracked 68250157
0.05452979 0.165196 1.838703 Tracked 68250189
0.05132608 0.121269 1.841522 Tracked 68250224
0.04927532 0.08901876 1.842528 Tracked 68250257
0.04837593 0.04764044 1.852569 Tracked 68250290
0.04960706 0.03759131 1.852153 Tracked 68250324
0.04257965 0.0092349 1.859995 Inferred 68250356
0.2536694 0.009784291 1.858937 Inferred 68250389
0.2313028 -0.08288519 2.021155 Inferred 68250423
0.231269 -0.08262613 2.021402 Inferred 68250456
0.2151908 -0.07736972 2.013641 Inferred 68250489
0.1837745 -0.06988208 1.965626 Inferred 68250523
0.1929754 -0.01404687 1.916793 Inferred 68250556
0.1652472 -0.002837642 1.905284 Inferred 68250590
0.03140631 0.1029333 1.817374 Tracked 68250624
0.02832501 0.1215202 1.815565 Tracked 68250657
0.02860202 0.1527604 1.813068 Tracked 68250689
0.0290281 0.2041107 1.806361 Tracked 68250724
0.02965304 0.2220751 1.809198 Tracked 68250757
0.02973524 0.2644044 1.816182 Tracked 68250790
0.02973345 0.2646968 1.816233 Tracked 68250825
0.02782522 0.3295564 1.831205 Tracked 68250858
0.02401595 0.3454624 1.836798 Tracked 68250890
0.02372169 0.3471991 1.837691 Tracked 68250924
0.02432134 0.3720873 1.84901 Tracked 68250957
0.02983898 0.4296058 1.879494 Tracked 68250990
0.02932409 0.4313809 1.880589 Tracked 68251024
0.02254943 0.4484836 1.891869 Tracked 68251057
0.02258314 0.4483896 1.89188 Tracked 68251091
0.02245154 0.448345 1.892057 Tracked 68251126
0.02210047 0.4484356 1.892466 Tracked 68251158
0.01382036 0.4731197 1.922343 Tracked 68251190
0.01462406 0.4708053 1.92023 Tracked 68251224
0.01488791 0.4700733 1.919932 Tracked 68251257
0.01500175 0.4712827 1.922533 Tracked 68251290
0.01515892 0.4714431 1.924444 Tracked 68251324
0.0154422 0.4713523 1.926197 Tracked 68251357
0.015666 0.4713002 1.927088 Tracked 68251390
0.01587795 0.4712252 1.927878 Tracked 68251424
0.01597404 0.4719679 1.93575 Tracked 68251458
0.01630422 0.4716251 1.935372 Tracked 68251490
0.01640631 0.4712783 1.935723 Tracked 68251524
0.01657255 0.4703881 1.93414 Tracked 68251557
0.01697308 0.4695408 1.933994 Tracked 68251590
0.01818697 0.4666342 1.931545 Tracked 68251624
0.01959358 0.4656249 1.929298 Tracked 68251657
0.02092415 0.4632104 1.926463 Tracked 68251690
0.02274314 0.4550796 1.920054 Tracked 68251724
0.04016501 0.4041034 1.898229 Tracked 68251757
0.03960251 0.3992006 1.896204 Tracked 68251790
0.04068948 0.343642 1.877066 Tracked 68251824
0.0413015 0.3246028 1.871698 Tracked 68251857
0.04579006 0.2775399 1.862064 Tracked 68251889
0.04372479 0.2695675 1.859985 Tracked 68251923
0.03382576 0.1985452 1.848385 Tracked 68251957
0.03404509 0.1438649 1.855379 Tracked 68251990
0.03833413 0.1097245 1.862709 Tracked 68252024
0.03935936 0.06971364 1.871088 Tracked 68252057
0.04178734 0.05115184 1.875919 Tracked 68252090
0.208015 -0.05788489 2.024181 Inferred 68252125
0.2367224 -0.07444554 2.072925 Inferred 68252158
0.2371556 -0.07452773 2.073015 Inferred 68252190
0.2378518 -0.07447252 2.073236 Inferred 68252224
0.2355538 -0.07260272 2.071936 Inferred 68252257
0.2068468 -0.05019717 2.051743 Inferred 68252289
0.03511414 0.06089862 1.862844 Tracked 68252323
0.04064324 0.09630959 1.852401 Tracked 68252356
0.0405196 0.1105795 1.853479 Tracked 68252390
0.03879881 0.1474469 1.8501 Tracked 68252424
0.03954909 0.1686809 1.849663 Tracked 68252457
0.04128863 0.2148964 1.846535 Tracked 68252490
0.04425997 0.2406773 1.851215 Tracked 68252524
0.04874799 0.2770652 1.858508 Tracked 68252557
0.04861844 0.315066 1.866239 Tracked 68252592
0.04966257 0.3338897 1.873004 Tracked 68252623
0.04861919 0.3619959 1.882693 Tracked 68252657
0.04974826 0.3800316 1.891243 Tracked 68252690
0.05113717 0.3842052 1.893097 Tracked 68252724
0.05344629 0.4020005 1.901774 Tracked 68252757
0.05745991 0.4511294 1.928239 Tracked 68252792
0.05668836 0.4512247 1.928056 Tracked 68252825
0.05542042 0.4516764 1.928084 Tracked 68252857
0.05007449 0.4544605 1.929834 Tracked 68252890
0.04812213 0.4560566 1.931313 Tracked 68252924
0.04621769 0.4582304 1.933982 Tracked 68252957
0.04660518 0.458294 1.934341 Tracked 68252990
0.04711365 0.4582449 1.934687 Tracked 68253024
0.04641931 0.4603828 1.939086 Tracked 68253057
0.04626154 0.4617184 1.941251 Tracked 68253089
0.04630511 0.4621482 1.941956 Tracked 68253124
0.04654269 0.4623637 1.942025 Tracked 68253157
0.04661176 0.4622346 1.9418 Tracked 68253190
0.04810562 0.4622615 1.940691 Tracked 68253224
0.05079397 0.4611288 1.937839 Tracked 68253257
0.0539447 0.4596644 1.93515 Tracked 68253290
0.05657722 0.4563488 1.930691 Tracked 68253325
0.05861459 0.448166 1.922447 Tracked 68253357
0.06694192 0.4026582 1.88746 Tracked 68253391
0.066472 0.3802695 1.8759 Tracked 68253424
0.06899774 0.3483601 1.864066 Tracked 68253458
0.06713149 0.3130693 1.851933 Tracked 68253490
0.06719537 0.2727984 1.845909 Tracked 68253523
0.06698806 0.2315762 1.839224 Tracked 68253557
0.06872996 0.1731163 1.84355 Tracked 68253590
0.06819072 0.1419179 1.845915 Tracked 68253624
0.07298549 0.1023849 1.848278 Tracked 68253657
0.07251502 0.0611029 1.858377 Tracked 68253690
0.08273688 -0.01200613 1.903357 Inferred 68253723
0.0809805 -0.01498844 1.898229 Inferred 68253757
0.289422 0.174923 1.959213 Inferred 68253789
-0.2513303 -0.5275049 2.043768 Tracked 68253825
-0.3157444 -0.1145646 1.939676 Inferred 68253857
-0.1796336 -0.1403742 1.733975 Inferred 68253889
-0.3832256 -0.3503718 1.678178 Inferred 68253923
-0.3821047 -0.3426263 1.678615 Inferred 68253957
-0.3898873 -0.297368 1.666216 Inferred 68253990
-0.3833032 -0.2478507 1.651327 Inferred 68254023
0.07653151 0.1155216 1.855401 Tracked 68254056
0.074025 0.1380044 1.853413 Tracked 68254090
0.07247443 0.1771692 1.8516 Tracked 68254124
0.07203215 0.2198622 1.852121 Tracked 68254157
0.07042751 0.2427626 1.856024 Tracked 68254191
0.07270521 0.2898547 1.866221 Tracked 68254223
0.07258263 0.310174 1.870691 Tracked 68254258
0.07190855 0.338012 1.877618 Tracked 68254291
0.06843924 0.3588746 1.884221 Tracked 68254324
0.06715603 0.3828103 1.892758 Tracked 68254357
0.06744023 0.3911141 1.895629 Tracked 68254390
0.06688617 0.4008377 1.898726 Tracked 68254424
0.06544511 0.406608 1.900565 Tracked 68254457
0.05987792 0.4233723 1.905182 Tracked 68254490
0.05038505 0.4504364 1.913812 Tracked 68254524
0.04957511 0.4550247 1.916582 Tracked 68254557
0.04897939 0.4570055 1.917705 Tracked 68254590
0.04710925 0.4583307 1.918059 Tracked 68254623
0.04661868 0.4591962 1.91862 Tracked 68254657
0.04569404 0.4598404 1.918879 Tracked 68254690
0.04463049 0.4609504 1.918961 Tracked 68254724
0.04388 0.4612875 1.918629 Tracked 68254759
0.04388417 0.461397 1.918568 Tracked 68254791
0.04380978 0.4613404 1.917289 Tracked 68254824
0.04425455 0.4615548 1.917204 Tracked 68254858
0.0458253 0.4613678 1.916717 Tracked 68254891
0.04772514 0.4592177 1.914579 Tracked 68254924
0.05029897 0.4522854 1.909924 Tracked 68254957
0.05893823 0.3904461 1.870919 Tracked 68254991
0.05909333 0.3868612 1.869312 Tracked 68255024
0.06167542 0.3347284 1.850703 Tracked 68255059
0.06027281 0.3156421 1.845327 Tracked 68255091
0.05585311 0.275229 1.833637 Tracked 68255124
0.05640447 0.2399504 1.829544 Tracked 68255174
0.05527076 0.2007748 1.826374 Tracked 68255191
0.05478697 0.1470647 1.834844 Tracked 68255226
0.05600855 0.1229747 1.841006 Tracked 68255257
0.05922169 0.09070238 1.848715 Tracked 68255289
0.06066132 0.07427182 1.852606 Tracked 68255323
