0 84587600
0.05233916 84587634
0.09691329 84587665
0.1412742 84587698
0.1845175 84587733
0.2055842 84587765
0.2167048 84587799
0.2264194 84587833
0.2406627 84587865
0.2264194 84587899
0.2478722 84587933
0.2272819 84587965
0.2556444 84587999
0.2705197 84588033
0.2804634 84588065
0.2832403 84588100
0.2690692 84588132
0.2676108 84588165
0.268341 84588199
0.261696 84588232
0.2446942 84588265
0.2811602 84588298
0.3499859 84588332
0.6996954 84588365
0.7853426 84588398
0.9512104 84588433
1.078108 84588466
1.24301 84588500
1.46567 84588532
1.797439 84588565
2.123754 84588598
2.495597 84588632
2.902455 84588666
8.152228 84588699
7.877761 84588732
10.68762 84588765
10.00636 84588798
13.76968 84588832
13.74701 84588865
17.21806 84588899
17.00267 84588932
16.9725 84588965
18.67459 84588998
26.1498 84589032
25.88036 84589066
30.09012 84589098
32.1648 84589132
32.9632 84589165
35.71395 84589198
35.74999 84589234
35.95509 84589265
40.65996 84589299
41.86915 84589333
43.4934 84589365
45.0932 84589399
46.12536 84589432
46.93865 84589465
47.57698 84589499
48.31089 84589532
48.9786 84589565
49.88656 84589599
50.61925 84589632
50.60019 84589666
50.6533 84589700
50.59072 84589732
50.66908 84589765
46.6282 84589799
62.32501 84589833
66.29628 84589865
65.55869 84589899
62.54458 84589933
65.15189 84589965
63.59862 84589999
64.02311 84590033
63.87346 84590065
63.51748 84590099
63.63898 84590132
64.91698 84590165
50.97485 84590199
50.31799 84590233
49.24191 84590265
47.02972 84590300
46.91515 84590333
48.6753 84590365
48.63462 84590399
46.7828 84590433
49.36375 84590465
49.74959 84590500
50.52716 84590533
51.78043 84590565
52.9994 84590599
52.96761 84590633
52.9668 84590665
53.52509 84590698
53.67321 84590732
53.95206 84590766
54.28019 84590799
54.53373 84590832
54.7937 84590865
55.6959 84590899
56.05606 84590933
56.29216 84590965
56.51959 84590999
56.91479 84591033
57.2217 84591065
57.30306 84591100
57.45381 84591132
57.65425 84591166
57.7126 84591199
66.10277 84591233
66.11513 84591265
66.1554 84591300
66.19006 84591333
66.20504 84591366
66.2402 84591398
66.27074 84591433
66.29242 84591465
66.32236 84591499
66.33811 84591533
66.34338 84591566
66.39552 84591599
66.46114 84591632
66.50638 84591665
66.54952 84591699
66.37938 84591734
66.41135 84591766
66.42862 84591798
66.4488 84591833
66.46295 84591865
66.47588 84591899
66.4882 84591933
66.45765 84591965
66.465 84591999
66.57715 84592033
66.7322 84592065
66.94946 84592099
66.99737 84592132
67.03805 84592165
67.01911 84592199
66.9927 84592232
66.96593 84592265
