0.06766117 0.3458562 1.717097 Tracked 69385877
0.0478292 0.320035 1.802101 Tracked 69385896
0.04961771 0.3354985 1.781078 Tracked 69385926
0.0517166 0.3787645 1.698846 Tracked 69385960
0.05190027 0.3820501 1.683453 Tracked 69385993
0.04982594 0.3899173 1.68477 Tracked 69386026
0.004098402 0.3954795 1.656015 Tracked 69386059
0.0004359189 0.3965031 1.657352 Tracked 69386093
-0.002267955 0.3991744 1.655212 Tracked 69386126
0.002815011 0.4391257 1.654059 Tracked 69386163
0.001413247 0.4409141 1.657568 Tracked 69386197
-6.958922E-05 0.4476247 1.644458 Tracked 69386232
0.01893421 0.4672929 1.64835 Tracked 69386260
0.02128887 0.4690851 1.64882 Tracked 69386293
0.02637044 0.4747599 1.649163 Tracked 69386326
0.02870917 0.4765872 1.64928 Tracked 69386360
0.03107457 0.4770636 1.649843 Tracked 69386393
0.0327463 0.4770446 1.650213 Tracked 69386426
0.03291798 0.4774717 1.651201 Tracked 69386459
0.03132711 0.4775008 1.653491 Tracked 69386493
0.03168778 0.4771065 1.654688 Tracked 69386529
0.0321777 0.476797 1.655552 Tracked 69386566
0.03251493 0.4766114 1.656272 Tracked 69386597
0.03276333 0.476697 1.656781 Tracked 69386626
0.03287203 0.4768075 1.657261 Tracked 69386660
0.03304931 0.4768939 1.657778 Tracked 69386694
0.03308997 0.4769612 1.658006 Tracked 69386726
0.03050128 0.477909 1.659735 Tracked 69386760
0.0248293 0.475617 1.661089 Tracked 69386793
0.02254427 0.4749975 1.661609 Tracked 69386825
0.02081968 0.4744142 1.662678 Tracked 69386876
0.01843173 0.47499 1.664701 Tracked 69386894
0.01625478 0.4760069 1.667396 Tracked 69386926
0.01389669 0.4770081 1.669892 Tracked 69386959
0.01137023 0.4777758 1.67232 Tracked 69386993
0.007542146 0.4791321 1.678004 Tracked 69387026
0.004089996 0.4798152 1.681605 Tracked 69387060
0.0006994532 0.483081 1.687639 Tracked 69387092
-0.005134044 0.4841112 1.693136 Tracked 69387127
-0.01019992 0.4871219 1.698671 Tracked 69387159
-0.01492839 0.4866057 1.703823 Tracked 69387192
-0.01825738 0.4870466 1.707867 Tracked 69387226
-0.02132099 0.4878425 1.712286 Tracked 69387259
-0.02435707 0.4888254 1.716839 Tracked 69387294
-0.02690057 0.489409 1.71911 Tracked 69387325
-0.02899059 0.490179 1.722321 Tracked 69387360
-0.03021958 0.49011 1.723824 Tracked 69387392
-0.03207562 0.4909965 1.726122 Tracked 69387426
-0.0341455 0.4909038 1.728107 Tracked 69387460
-0.03513744 0.4911108 1.72884 Tracked 69387492
-0.03641939 0.4914079 1.729879 Tracked 69387526
-0.03718134 0.4912703 1.730255 Tracked 69387560
-0.03819849 0.4923552 1.731055 Tracked 69387592
-0.03866849 0.4928648 1.731378 Tracked 69387626
-0.03932409 0.4930456 1.731266 Tracked 69387659
-0.04059801 0.4933799 1.731311 Tracked 69387692
-0.04179789 0.4935253 1.731109 Tracked 69387726
-0.04282766 0.4938339 1.731001 Tracked 69387760
-0.04384522 0.4937329 1.730404 Tracked 69387792
-0.04557905 0.4925142 1.729643 Tracked 69387826
-0.04649773 0.4921964 1.728965 Tracked 69387893
-0.04700638 0.4921744 1.728561 Tracked 69387910
-0.04756671 0.4923115 1.728111 Tracked 69387928
-0.04844208 0.4923621 1.727705 Tracked 69387959
-0.04934734 0.4920874 1.726731 Tracked 69387993
-0.05023851 0.491982 1.726452 Tracked 69388025
-0.05139979 0.4919767 1.725921 Tracked 69388059
-0.05241979 0.49187 1.72523 Tracked 69388092
-0.05366658 0.4912017 1.724057 Tracked 69388126
-0.05480852 0.4909404 1.723158 Tracked 69388159
-0.05563083 0.4905269 1.722499 Tracked 69388192
-0.05636453 0.4901959 1.721717 Tracked 69388226
-0.05674137 0.4901779 1.721408 Tracked 69388260
-0.05776361 0.4892504 1.720226 Tracked 69388293
-0.05809717 0.4889075 1.719658 Tracked 69388326
-0.05830421 0.4885784 1.719087 Tracked 69388361
-0.05848128 0.4887549 1.718849 Tracked 69388394
-0.0588582 0.4882212 1.718174 Tracked 69388428
-0.05898222 0.4877218 1.717457 Tracked 69388460
-0.05882953 0.4872994 1.716992 Tracked 69388493
-0.05849285 0.4870103 1.716796 Tracked 69388526
-0.0582385 0.4844559 1.715883 Tracked 69388559
-0.05787603 0.480979 1.715208 Tracked 69388593
-0.05681595 0.4774071 1.714607 Tracked 69388628
-0.05427158 0.4718146 1.713302 Tracked 69388660
-0.05239976 0.45946 1.711221 Tracked 69388693
-0.05070147 0.4479766 1.708419 Tracked 69388725
-0.04629812 0.4410469 1.708275 Tracked 69388759
-0.04204775 0.4167335 1.707772 Tracked 69388793
-0.03885104 0.4029613 1.710095 Tracked 69388826
-0.03337492 0.3893569 1.712357 Tracked 69388895
-0.03043859 0.3772508 1.714441 Tracked 69388913
-0.02493596 0.3589538 1.702076 Tracked 69388930
-0.02542071 0.3538066 1.698481 Tracked 69388960
-0.02394021 0.3365483 1.708527 Tracked 69388992
-0.02287961 0.322959 1.721702 Tracked 69389026
-0.0222678 0.3177192 1.724288 Tracked 69389060
-0.02527482 0.3079148 1.725576 Tracked 69389092
-0.0240033 0.2992775 1.724616 Tracked 69389126
-0.02325244 0.2806653 1.728202 Tracked 69389160
-0.02621317 0.286369 1.738264 Tracked 69389193
-0.0235328 0.2814641 1.741361 Tracked 69389226
-0.01074613 0.2760416 1.747555 Tracked 69389261
-0.006576104 0.2737093 1.744773 Tracked 69389294
-0.003310021 0.2708396 1.748068 Tracked 69389326
-0.0007698794 0.2659318 1.744957 Tracked 69389360
-0.0007700071 0.2607582 1.747862 Tracked 69389392
0.0009012893 0.257752 1.750474 Tracked 69389426
0.0004382462 0.2510779 1.745729 Tracked 69389460
0.00145277 0.248798 1.749073 Tracked 69389493
0.002472043 0.2463254 1.747616 Tracked 69389525
0.003677743 0.2448072 1.751151 Tracked 69389560
-0.01512409 0.234018 1.744845 Tracked 69389593
-0.01128242 0.2348576 1.750076 Tracked 69389626
-0.007136923 0.2358385 1.747157 Tracked 69389659
-0.004574948 0.2380663 1.752321 Tracked 69389693
-0.004950571 0.2373345 1.751233 Tracked 69389725
-0.005490661 0.2375813 1.753792 Tracked 69389760
-0.005841635 0.2378554 1.752637 Tracked 69389793
-0.007202219 0.2397118 1.754801 Tracked 69389825
-0.00844912 0.240063 1.754564 Tracked 69389860
-0.01335221 0.242024 1.754325 Tracked 69389915
-0.02024306 0.2468047 1.752159 Tracked 69389935
-0.03098528 0.2722608 1.758351 Tracked 69389960
-0.03632348 0.2867699 1.745185 Tracked 69389993
-0.03611747 0.3022724 1.754765 Tracked 69390026
-0.03408534 0.3140939 1.748464 Tracked 69390062
-0.03374323 0.3291984 1.747973 Tracked 69390098
-0.02910849 0.3390881 1.741534 Tracked 69390132
-0.02643479 0.3539775 1.738551 Tracked 69390161
-0.02904067 0.3784061 1.737971 Tracked 69390191
-0.02988066 0.387586 1.736818 Tracked 69390226
-0.02910074 0.3959581 1.739165 Tracked 69390260
-0.02807194 0.409567 1.740533 Tracked 69390293
-0.02867674 0.4316463 1.736729 Tracked 69390326
-0.03373408 0.4472552 1.732672 Tracked 69390361
-0.04023136 0.4585826 1.730261 Tracked 69390393
-0.04156514 0.4676583 1.729645 Tracked 69390426
-0.04294957 0.4729479 1.729499 Tracked 69390460
-0.0450716 0.4782555 1.729812 Tracked 69390493
-0.04670164 0.480825 1.729918 Tracked 69390526
-0.04911039 0.483985 1.729067 Tracked 69390560
-0.05291065 0.4887797 1.727358 Tracked 69390592
-0.05228765 0.489 1.727188 Tracked 69390626
-0.05177855 0.4895634 1.727526 Tracked 69390660
-0.0516145 0.4896876 1.72758 Tracked 69390693
-0.05150364 0.4897034 1.727593 Tracked 69390726
-0.05148486 0.4896766 1.727533 Tracked 69390761
-0.05138713 0.4894052 1.726989 Tracked 69390793
-0.05134524 0.4893507 1.726974 Tracked 69390826
-0.05123749 0.4891635 1.726928 Tracked 69390860
-0.05115032 0.4890278 1.726914 Tracked 69390896
-0.05091668 0.4888502 1.726984 Tracked 69390926
-0.05070643 0.4885494 1.726825 Tracked 69390960
-0.05056828 0.4884645 1.726813 Tracked 69390993
-0.05048801 0.4884291 1.726811 Tracked 69391026
-0.05040499 0.4884634 1.726888 Tracked 69391060
-0.05022167 0.4884633 1.726947 Tracked 69391092
-0.05006257 0.4885065 1.726986 Tracked 69391125
-0.0497416 0.4885136 1.726977 Tracked 69391160
-0.04888976 0.4888036 1.72703 Tracked 69391193
-0.04744673 0.48886 1.727168 Tracked 69391227
-0.04510541 0.4889798 1.727149 Tracked 69391260
-0.04246631 0.4892842 1.727028 Tracked 69391292
-0.04122727 0.4890995 1.726781 Tracked 69391326
-0.03828469 0.4883914 1.725675 Tracked 69391360
-0.037094 0.4871894 1.725321 Tracked 69391392
-0.03486249 0.4855174 1.724162 Tracked 69391426
-0.03278312 0.4829415 1.72257 Tracked 69391459
-0.02887927 0.4780259 1.720864 Tracked 69391493
-0.02314309 0.4702288 1.717996 Tracked 69391526
-0.01947893 0.4535633 1.714665 Tracked 69391560
-0.009941997 0.430586 1.718141 Tracked 69391593
-0.01200214 0.4167451 1.712352 Tracked 69391626
-0.008637655 0.3943342 1.705475 Tracked 69391660
-0.004833265 0.373234 1.706169 Tracked 69391693
-0.004326937 0.3603479 1.708254 Tracked 69391726
-0.007249586 0.3508836 1.706163 Tracked 69391759
-0.007416575 0.3348819 1.706891 Tracked 69391792
-0.01002583 0.3159571 1.706093 Tracked 69391825
-0.01017453 0.2967817 1.707456 Tracked 69391860
-0.01159774 0.2928387 1.706552 Tracked 69391897
-0.009001589 0.2964698 1.715114 Tracked 69391926
-0.008592327 0.296419 1.714492 Tracked 69391960
-0.01179322 0.2829136 1.724554 Tracked 69391993
-0.0009953023 0.2717832 1.734236 Tracked 69392025
0.005279736 0.2701497 1.736423 Tracked 69392060
0.008205956 0.268463 1.735367 Tracked 69392093
0.009602186 0.2670307 1.736611 Tracked 69392126
0.00869413 0.2631468 1.737541 Tracked 69392160
0.009140114 0.2631883 1.737384 Tracked 69392192
0.00907324 0.2626257 1.737067 Tracked 69392229
0.009073803 0.2626497 1.736966 Tracked 69392260
0.007647592 0.2636091 1.736639 Tracked 69392293
0.004971228 0.2660632 1.735688 Tracked 69392326
0.002067341 0.2724122 1.736803 Tracked 69392360
-0.004317947 0.2817588 1.731659 Tracked 69392393
-0.008581349 0.3029602 1.726958 Tracked 69392426
-0.009180024 0.3156684 1.729636 Tracked 69392463
-0.009606051 0.3187063 1.732217 Tracked 69392499
-0.01113375 0.3422697 1.731145 Tracked 69392528
-0.01705401 0.3630227 1.721997 Tracked 69392561
-0.01902254 0.3922902 1.716701 Tracked 69392593
-0.0198942 0.4049842 1.716599 Tracked 69392626
-0.02285804 0.4200379 1.713745 Tracked 69392660
-0.02956103 0.4516717 1.709338 Tracked 69392693
-0.03180065 0.456444 1.709806 Tracked 69392726
-0.03617056 0.4671666 1.711556 Tracked 69392760
-0.03954992 0.4727504 1.712697 Tracked 69392793
-0.04334081 0.4785344 1.713754 Tracked 69392825
-0.05082269 0.4832381 1.713589 Tracked 69392864
-0.05416846 0.4854891 1.712923 Tracked 69392898
-0.05828764 0.4861803 1.711947 Tracked 69392930
-0.05824858 0.4861783 1.712014 Tracked 69392961
-0.05833103 0.4862426 1.711987 Tracked 69392992
-0.05769479 0.4859084 1.712204 Tracked 69393026
-0.05969856 0.4839588 1.711139 Tracked 69393060
-0.05981483 0.4827659 1.710904 Tracked 69393093
-0.06407706 0.4784392 1.708409 Tracked 69393126
-0.06767137 0.4728931 1.705902 Tracked 69393159
-0.06778186 0.472483 1.705808 Tracked 69393192
-0.06892164 0.470605 1.705031 Tracked 69393226
-0.07082309 0.4700109 1.703895 Tracked 69393260
-0.07222962 0.4688153 1.703563 Tracked 69393293
-0.0728439 0.4680258 1.70264 Tracked 69393326
-0.07372333 0.4673864 1.702177 Tracked 69393363
-0.07502566 0.4658593 1.699807 Tracked 69393395
-0.07737731 0.4658983 1.699239 Tracked 69393426
-0.07396651 0.4671149 1.702132 Tracked 69393460
-0.07076144 0.470666 1.703414 Tracked 69393493
-0.07022706 0.4710904 1.703609 Tracked 69393526
-0.06947996 0.4717026 1.703852 Tracked 69393560
-0.06858262 0.4730355 1.70448 Tracked 69393594
-0.06811183 0.4760709 1.705281 Tracked 69393626
-0.06562364 0.4793848 1.708784 Tracked 69393660
-0.06350289 0.4824137 1.710082 Tracked 69393693
-0.06175239 0.4826616 1.711297 Tracked 69393725
-0.06105625 0.4828719 1.711593 Tracked 69393760
-0.05631205 0.4823047 1.713537 Tracked 69393793
-0.05321831 0.4805473 1.714628 Tracked 69393829
-0.05034782 0.4742443 1.711422 Tracked 69393860
-0.04279582 0.4558779 1.708316 Tracked 69393916
-0.03606882 0.4373576 1.709096 Tracked 69393935
-0.02293356 0.414095 1.722695 Tracked 69393960
-0.01710019 0.3885592 1.72927 Tracked 69393992
-0.01689029 0.3804887 1.72886 Tracked 69394027
-0.01633896 0.3564408 1.728464 Tracked 69394059
-0.01815786 0.3343313 1.727892 Tracked 69394093
-0.01838985 0.3148343 1.730625 Tracked 69394126
-0.01135069 0.3135467 1.722937 Tracked 69394160
-0.007083936 0.3085871 1.723799 Tracked 69394193
-0.0009214489 0.2963694 1.72311 Tracked 69394226
0.006976929 0.2760627 1.722611 Tracked 69394260
0.01273693 0.2587366 1.709837 Tracked 69394293
0.01541206 0.2483035 1.715759 Tracked 69394326
0.01690319 0.2427392 1.718763 Tracked 69394359
0.01718955 0.2277463 1.71018 Tracked 69394393
0.01433385 0.2197413 1.713487 Tracked 69394427
0.007953349 0.204469 1.708035 Tracked 69394460
0.006364385 0.1974896 1.714444 Tracked 69394493
0.005329538 0.1934855 1.710641 Tracked 69394527
0.00454847 0.1920846 1.713425 Tracked 69394560
0.003656911 0.1916123 1.709454 Tracked 69394592
0.002495604 0.1929489 1.712552 Tracked 69394626
-0.0001448939 0.1988376 1.707446 Tracked 69394660
-0.0008099412 0.2144401 1.713613 Tracked 69394692
0.0005056309 0.2312454 1.708058 Tracked 69394726
0.005136944 0.2507574 1.70324 Tracked 69394765
0.001877954 0.2698199 1.702518 Tracked 69394798
-0.001106054 0.2912252 1.700207 Tracked 69394829
-0.006654817 0.3085868 1.700445 Tracked 69394865
-0.009280207 0.3390701 1.703171 Tracked 69394903
-0.00727812 0.3702157 1.700972 Tracked 69394934
-0.007456168 0.374767 1.700851 Tracked 69394961
-0.01151338 0.3929271 1.700173 Tracked 69394992
-0.01387469 0.4113941 1.698655 Tracked 69395026
-0.01739055 0.4241619 1.694553 Tracked 69395060
-0.02784126 0.4413005 1.687784 Tracked 69395093
-0.03430299 0.4559609 1.68634 Tracked 69395125
-0.03756689 0.4627126 1.687829 Tracked 69395160
-0.04162092 0.4706894 1.692363 Tracked 69395194
-0.04578016 0.4760019 1.693668 Tracked 69395225
-0.04945653 0.4793425 1.693321 Tracked 69395260
-0.05441587 0.4833264 1.693769 Tracked 69395292
-0.05828601 0.4852155 1.692899 Tracked 69395326
-0.0619364 0.4866148 1.692564 Tracked 69395360
-0.0646911 0.4876501 1.693057 Tracked 69395392
-0.06778543 0.488851 1.693526 Tracked 69395426
-0.0715702 0.4896877 1.692976 Tracked 69395462
-0.07410029 0.4902433 1.693163 Tracked 69395497
-0.07567036 0.4905327 1.693338 Tracked 69395532
-0.07678157 0.4910471 1.693797 Tracked 69395560
-0.07747884 0.4911361 1.694052 Tracked 69395592
-0.07781444 0.4911384 1.694208 Tracked 69395626
-0.07801422 0.4910653 1.694401 Tracked 69395660
-0.07764613 0.4910404 1.695136 Tracked 69395692
-0.07461477 0.4914899 1.69794 Tracked 69395726
-0.0739783 0.4913587 1.698643 Tracked 69395761
-0.07273942 0.4909365 1.69921 Tracked 69395792
-0.06943439 0.4901804 1.701049 Tracked 69395826
-0.06499621 0.4886262 1.702547 Tracked 69395860
-0.05878657 0.4850157 1.704918 Tracked 69395897
-0.05243073 0.479702 1.705144 Tracked 69395930
-0.0459013 0.4705746 1.704305 Tracked 69395960
-0.03739847 0.4518054 1.703075 Tracked 69395994
-0.02820376 0.4242682 1.700698 Tracked 69396026
-0.02283002 0.3957389 1.698062 Tracked 69396060
-0.01569278 0.3737914 1.700008 Tracked 69396096
-0.009519069 0.3378437 1.703201 Tracked 69396131
-0.01345028 0.322412 1.700954 Tracked 69396165
-0.01370384 0.2772591 1.70008 Tracked 69396197
-0.01085667 0.2839395 1.707701 Tracked 69396233
-0.000859426 0.2777169 1.719723 Tracked 69396261
0.001023117 0.2687437 1.719911 Tracked 69396293
0.0131052 0.2545098 1.733463 Tracked 69396325
0.01777647 0.239151 1.725528 Tracked 69396360
0.01849091 0.2306573 1.728779 Tracked 69396393
0.01835618 0.2133953 1.724391 Tracked 69396425
0.0154727 0.2048222 1.720022 Tracked 69396460
0.01098109 0.1956549 1.729349 Tracked 69396493
0.01084775 0.1920092 1.724738 Tracked 69396525
0.008907381 0.190879 1.722006 Tracked 69396559
0.005684923 0.1934268 1.723643 Tracked 69396592
0.003859928 0.1938872 1.72361 Tracked 69396626
0.002306375 0.2005577 1.721642 Tracked 69396659
0.002240242 0.2061501 1.723031 Tracked 69396693
-0.001823224 0.2416636 1.712077 Tracked 69396726
-0.01119283 0.2642798 1.704087 Tracked 69396760
-0.0003135553 0.2988565 1.722488 Tracked 69396793
-0.004287844 0.3065897 1.714295 Tracked 69396826
-0.00660595 0.329859 1.725198 Tracked 69396860
-0.003086149 0.3419344 1.721699 Tracked 69396893
0.0007847162 0.3505992 1.716853 Tracked 69396926
0.0008927021 0.3825901 1.709157 Tracked 69396960
0.0007625619 0.3956062 1.709792 Tracked 69396993
-0.0007464868 0.4038439 1.719533 Tracked 69397026
-0.01638361 0.4207863 1.707742 Tracked 69397060
-0.0241781 0.4408986 1.700297 Tracked 69397093
-0.02821334 0.4566131 1.699702 Tracked 69397126
-0.03219528 0.4642021 1.700409 Tracked 69397160
-0.03704442 0.4699793 1.701545 Tracked 69397192
-0.04102115 0.4742819 1.701549 Tracked 69397226
-0.04500284 0.4795478 1.702202 Tracked 69397260
-0.04857278 0.4819867 1.702354 Tracked 69397293
-0.05236942 0.4841791 1.702544 Tracked 69397326
-0.05535398 0.4851647 1.702761 Tracked 69397360
-0.05675034 0.4859606 1.703133 Tracked 69397398
-0.0581356 0.4866402 1.703628 Tracked 69397430
-0.05972449 0.4876139 1.70434 Tracked 69397465
-0.06129172 0.4885019 1.704572 Tracked 69397498
-0.06264663 0.488637 1.704504 Tracked 69397526
