-0.01002491 0.2163966 1.827201 Tracked 76160818
-0.01002491 0.2163966 1.827201 Tracked 76160818
-0.01002491 0.2163966 1.827201 Tracked 76160820
-0.01002491 0.2163966 1.827201 Tracked 76160820
-0.01002491 0.2163966 1.827201 Tracked 76160820
-0.01002491 0.2163966 1.827201 Tracked 76160820
-0.01002491 0.2163966 1.827201 Tracked 76160820
-0.01002491 0.2163966 1.827201 Tracked 76160820
-0.01002491 0.2163966 1.827201 Tracked 76160820
-0.01002491 0.2163966 1.827201 Tracked 76160820
-0.01002491 0.2163966 1.827201 Tracked 76160820
-0.01002491 0.2163966 1.827201 Tracked 76160820
-0.01002491 0.2163966 1.827201 Tracked 76160820
-0.01002491 0.2163966 1.827201 Tracked 76160820
-0.01002491 0.2163966 1.827201 Tracked 76160820
-0.01002491 0.2163966 1.827201 Tracked 76160820
-0.01002491 0.2163966 1.827201 Tracked 76160820
-0.01002491 0.2163966 1.827201 Tracked 76160820
-0.01002491 0.2163966 1.827201 Tracked 76160820
-0.01002491 0.2163966 1.827201 Tracked 76160820
-0.01002491 0.2163966 1.827201 Tracked 76160821
-0.01002491 0.2163966 1.827201 Tracked 76160821
-0.01002491 0.2163966 1.827201 Tracked 76160821
-0.01002491 0.2163966 1.827201 Tracked 76160821
-0.01002491 0.2163966 1.827201 Tracked 76160821
-0.01002491 0.2163966 1.827201 Tracked 76160821
-0.01002491 0.2163966 1.827201 Tracked 76160821
-0.01424737 0.2145901 1.823794 Tracked 76160821
-0.01429716 0.2145673 1.823898 Tracked 76160851
-0.01433507 0.2145295 1.82392 Tracked 76160884
-0.01439453 0.2145193 1.823981 Tracked 76160919
-0.01442948 0.214519 1.824036 Tracked 76160951
-0.0144189 0.214511 1.824055 Tracked 76160984
-0.01440563 0.2144898 1.824123 Tracked 76161019
-0.01440288 0.2144632 1.824161 Tracked 76161052
-0.01440363 0.2144629 1.824165 Tracked 76161084
-0.01436938 0.2144504 1.824211 Tracked 76161118
-0.01436814 0.2144271 1.824209 Tracked 76161151
-0.01434025 0.2144089 1.82419 Tracked 76161184
-0.01431468 0.214374 1.824259 Tracked 76161219
-0.01431583 0.2143589 1.824266 Tracked 76161251
-0.01427956 0.2143229 1.824346 Tracked 76161284
-0.01428249 0.2143046 1.82435 Tracked 76161318
-0.01428077 0.2142733 1.82437 Tracked 76161352
-0.01427271 0.2142555 1.824385 Tracked 76161384
-0.01424789 0.214228 1.824422 Tracked 76161419
-0.01422925 0.2142325 1.824488 Tracked 76161451
-0.01420437 0.2142094 1.824495 Tracked 76161484
-0.01417182 0.2141896 1.824484 Tracked 76161518
-0.01407086 0.2141737 1.824457 Tracked 76161551
-0.01390185 0.2141404 1.824393 Tracked 76161584
-0.01376708 0.2140783 1.824313 Tracked 76161618
-0.01359774 0.2139727 1.82423 Tracked 76161652
-0.01339205 0.213869 1.824264 Tracked 76161686
-0.01324642 0.213768 1.824232 Tracked 76161719
-0.01311373 0.213748 1.824292 Tracked 76161752
-0.01307499 0.2137277 1.824293 Tracked 76161784
-0.01303564 0.2136506 1.824232 Tracked 76161819
-0.01303276 0.2135797 1.824234 Tracked 76161851
-0.0130281 0.2135714 1.82424 Tracked 76161885
-0.01299887 0.2135429 1.82424 Tracked 76161919
-0.01299208 0.2134543 1.824151 Tracked 76161952
-0.0129893 0.2134518 1.824164 Tracked 76161985
-0.01298659 0.2134397 1.824152 Tracked 76162020
-0.01297916 0.2134146 1.824152 Tracked 76162054
-0.01300384 0.2133915 1.824163 Tracked 76162086
-0.01301423 0.2133815 1.824168 Tracked 76162119
-0.01302184 0.2133604 1.824151 Tracked 76162152
-0.01310188 0.2133189 1.824078 Tracked 76162184
-0.01315042 0.2133401 1.824104 Tracked 76162219
-0.01319377 0.2133611 1.824087 Tracked 76162251
-0.01334985 0.2134278 1.824091 Tracked 76162284
-0.01347916 0.2135585 1.824126 Tracked 76162319
-0.01371955 0.2138108 1.824163 Tracked 76162353
-0.01394887 0.2140607 1.824172 Tracked 76162386
-0.01446261 0.2143397 1.824168 Tracked 76162418
-0.0152576 0.2145513 1.824208 Tracked 76162452
-0.01609201 0.2143911 1.824471 Tracked 76162485
-0.01748944 0.2131613 1.824999 Tracked 76162520
-0.0207725 0.2089613 1.826127 Tracked 76162552
-0.02525333 0.1993889 1.828533 Tracked 76162585
-0.02932614 0.1838719 1.830635 Tracked 76162619
-0.0336491 0.1616567 1.832458 Tracked 76162651
-0.03751547 0.1330254 1.834857 Tracked 76162685
-0.04045708 0.1009668 1.853312 Tracked 76162719
-0.04243082 0.04758462 1.857732 Tracked 76162752
-0.04128402 0.02250049 1.857421 Tracked 76162793
-0.0433536 -0.03064379 1.856182 Tracked 76162817
-0.04187711 -0.06198987 1.853779 Tracked 76162851
-0.04021823 -0.1053377 1.851179 Tracked 76162884
-0.03990816 -0.1350028 1.848793 Tracked 76162918
-0.03891918 -0.1689103 1.845058 Tracked 76162953
-0.0375507 -0.1904162 1.844786 Tracked 76162985
-0.03616951 -0.2160015 1.84333 Tracked 76163018
-0.03650299 -0.2270647 1.841873 Tracked 76163050
-0.03520349 -0.2431861 1.842025 Tracked 76163084
-0.03500322 -0.2529575 1.842233 Tracked 76163119
-0.03462688 -0.2608739 1.841511 Tracked 76163153
-0.03395495 -0.2668995 1.841112 Tracked 76163185
-0.033036 -0.272875 1.840966 Tracked 76163217
-0.03178675 -0.2784725 1.840276 Tracked 76163250
-0.03102738 -0.2842005 1.839452 Tracked 76163284
-0.02921651 -0.2897829 1.838426 Tracked 76163318
-0.02836047 -0.2941531 1.837934 Tracked 76163352
-0.02763258 -0.298225 1.837248 Tracked 76163384
-0.02701277 -0.3012408 1.836496 Tracked 76163419
-0.02649433 -0.3039379 1.835784 Tracked 76163451
-0.02606698 -0.3055635 1.835942 Tracked 76163483
-0.02559842 -0.306171 1.83572 Tracked 76163517
-0.02496773 -0.3062318 1.835912 Tracked 76163551
-0.02421607 -0.3054576 1.836094 Tracked 76163585
-0.0239253 -0.3009998 1.83724 Tracked 76163618
-0.02302166 -0.2933922 1.839392 Tracked 76163651
-0.02190014 -0.282577 1.842487 Tracked 76163685
-0.02310794 -0.2692052 1.8445 Tracked 76163718
-0.02361443 -0.2534875 1.845674 Tracked 76163751
-0.02456794 -0.2368643 1.847505 Tracked 76163794
-0.02315335 -0.2177277 1.848016 Tracked 76163819
-0.02392302 -0.1982637 1.848895 Tracked 76163852
-0.02359317 -0.1787137 1.850913 Tracked 76163884
-0.02295053 -0.1588392 1.85192 Tracked 76163917
-0.02291276 -0.1315229 1.853179 Tracked 76163951
-0.02311431 -0.1169129 1.854272 Tracked 76163984
-0.02224342 -0.08045667 1.854975 Tracked 76164018
-0.02344692 -0.05981899 1.856853 Tracked 76164051
-0.02439978 -0.03441675 1.858388 Tracked 76164084
-0.02608818 -0.007211156 1.85859 Tracked 76164118
-0.02644181 0.01612465 1.858955 Tracked 76164151
-0.02719054 0.03729495 1.859393 Tracked 76164184
-0.02825688 0.06189037 1.86059 Tracked 76164217
-0.02991017 0.08162896 1.86034 Tracked 76164251
-0.03135252 0.09975788 1.86084 Tracked 76164283
-0.03233431 0.1162254 1.860195 Tracked 76164317
-0.03302963 0.1308303 1.860385 Tracked 76164352
-0.03376996 0.1453156 1.860553 Tracked 76164386
-0.03398414 0.1573667 1.861205 Tracked 76164418
-0.03377888 0.1666705 1.860593 Tracked 76164452
-0.03408594 0.1754051 1.860944 Tracked 76164484
-0.03407507 0.1824003 1.860037 Tracked 76164519
-0.03417609 0.1888192 1.860351 Tracked 76164552
-0.03420652 0.1944084 1.860104 Tracked 76164586
-0.03501474 0.1977688 1.860178 Tracked 76164619
-0.03474884 0.2043735 1.849691 Tracked 76164653
-0.03502707 0.2119653 1.844082 Tracked 76164684
-0.03449141 0.2149696 1.841579 Tracked 76164718
-0.03445257 0.2166304 1.840482 Tracked 76164751
-0.03455064 0.2176466 1.839651 Tracked 76164785
-0.03471765 0.2186634 1.838729 Tracked 76164819
-0.03468257 0.2191041 1.838055 Tracked 76164851
-0.03472495 0.2193548 1.837516 Tracked 76164884
-0.03486194 0.2196098 1.837061 Tracked 76164918
-0.03498317 0.2198429 1.836555 Tracked 76164952
-0.03503228 0.2201463 1.836262 Tracked 76164986
-0.03508252 0.2203258 1.836089 Tracked 76165020
-0.03518164 0.220509 1.835926 Tracked 76165052
-0.03525554 0.2205886 1.835843 Tracked 76165084
-0.03537763 0.2207567 1.835759 Tracked 76165117
-0.03560985 0.2207584 1.835641 Tracked 76165151
-0.03576852 0.2208308 1.835558 Tracked 76165184
-0.03588241 0.2209539 1.835525 Tracked 76165218
-0.035999 0.2209903 1.835545 Tracked 76165251
-0.03620066 0.2211003 1.835747 Tracked 76165284
-0.03636748 0.2210373 1.835895 Tracked 76165317
-0.03696398 0.22057 1.836497 Tracked 76165352
-0.03803151 0.2189163 1.837595 Tracked 76165384
-0.03930288 0.2163247 1.838851 Tracked 76165419
-0.0413592 0.2097893 1.840926 Tracked 76165451
-0.04346792 0.2013685 1.843074 Tracked 76165484
-0.04527643 0.1910647 1.845256 Tracked 76165518
-0.04648202 0.1805122 1.847613 Tracked 76165551
-0.04719547 0.1643468 1.850314 Tracked 76165584
-0.04866295 0.148252 1.85196 Tracked 76165619
-0.05023256 0.1293158 1.867041 Tracked 76165652
-0.05069148 0.1049132 1.874297 Tracked 76165684
-0.05039611 0.08876298 1.876647 Tracked 76165719
-0.05195912 0.06415803 1.878435 Tracked 76165752
-0.05176583 0.0448203 1.878626 Tracked 76165786
-0.05132563 0.02341079 1.879822 Tracked 76165818
-0.05112378 0.0003183126 1.880508 Tracked 76165853
-0.05225684 -0.02014934 1.880109 Tracked 76165885
-0.05207421 -0.04024754 1.879667 Tracked 76165917
-0.05007767 -0.06421717 1.878526 Tracked 76165950
-0.04969436 -0.08468104 1.875432 Tracked 76165983
-0.04756788 -0.1012919 1.874959 Tracked 76166018
-0.0487428 -0.1197495 1.874049 Tracked 76166051
-0.04712135 -0.1410042 1.871043 Tracked 76166084
-0.04441525 -0.1613986 1.868154 Tracked 76166118
-0.04193338 -0.1762834 1.866773 Tracked 76166151
-0.04174268 -0.1972116 1.862417 Tracked 76166184
-0.04054457 -0.2123365 1.859813 Tracked 76166218
-0.03898016 -0.2276364 1.857247 Tracked 76166252
-0.03813909 -0.2399833 1.854602 Tracked 76166283
-0.0352537 -0.2584134 1.851477 Tracked 76166317
-0.03224603 -0.2726363 1.849817 Tracked 76166351
-0.02954046 -0.2877246 1.846896 Tracked 76166384
-0.02877478 -0.3010991 1.843267 Tracked 76166418
-0.02937401 -0.3147938 1.840692 Tracked 76166451
-0.02900825 -0.3249699 1.839524 Tracked 76166484
-0.02859934 -0.3388068 1.837389 Tracked 76166518
-0.02855607 -0.3463616 1.834719 Tracked 76166551
-0.02774409 -0.3534969 1.833317 Tracked 76166584
-0.02772477 -0.3590411 1.83259 Tracked 76166618
-0.02720638 -0.3615865 1.832188 Tracked 76166651
-0.02618295 -0.3623019 1.832428 Tracked 76166684
-0.02431245 -0.3598067 1.832765 Tracked 76166717
-0.01874059 -0.3457448 1.835052 Tracked 76166751
-0.009885758 -0.3101949 1.840621 Tracked 76166784
-0.01270683 -0.2768187 1.845096 Tracked 76166819
-0.01331186 -0.2306319 1.849686 Tracked 76166852
-0.01355618 -0.197326 1.847785 Tracked 76166886
-0.01453498 -0.144077 1.842921 Tracked 76166917
-0.01454309 -0.09054166 1.842813 Tracked 76166951
-0.004744723 -0.01684276 1.848335 Tracked 76166985
-0.00848488 0.04967178 1.855329 Tracked 76167017
-0.008801075 0.1004817 1.851026 Tracked 76167051
-0.007908586 0.1434589 1.848613 Tracked 76167085
-0.009997438 0.1778647 1.845425 Tracked 76167119
-0.01009436 0.2025917 1.842469 Tracked 76167152
-0.009434029 0.2150817 1.839391 Tracked 76167185
-0.01070923 0.2304436 1.817858 Tracked 76167218
-0.01093607 0.2380129 1.812902 Tracked 76167251
-0.01103533 0.2393046 1.811345 Tracked 76167285
-0.01123468 0.239496 1.810531 Tracked 76167318
-0.01126008 0.2394478 1.8102 Tracked 76167351
-0.01165763 0.2394011 1.809666 Tracked 76167384
-0.01182283 0.2393769 1.809508 Tracked 76167418
-0.01233119 0.2393693 1.80946 Tracked 76167450
-0.01281266 0.2393007 1.809404 Tracked 76167484
-0.01386312 0.2390911 1.809495 Tracked 76167518
-0.01470518 0.2386796 1.80988 Tracked 76167551
-0.01548599 0.2384946 1.810557 Tracked 76167584
-0.01639109 0.2383611 1.811415 Tracked 76167618
-0.01735792 0.2381996 1.812755 Tracked 76167652
-0.01872425 0.2380428 1.813946 Tracked 76167684
-0.01979657 0.2378839 1.815037 Tracked 76167718
-0.02093443 0.2374407 1.816176 Tracked 76167751
-0.02189373 0.2373589 1.817628 Tracked 76167784
-0.0230135 0.2372331 1.819107 Tracked 76167818
-0.02433471 0.2371321 1.821163 Tracked 76167851
-0.02537351 0.2370434 1.82211 Tracked 76167884
-0.02704081 0.2368036 1.823098 Tracked 76167919
-0.02830251 0.2367265 1.823931 Tracked 76167951
-0.02982609 0.2366547 1.824894 Tracked 76167986
-0.03107745 0.2363483 1.825331 Tracked 76168019
-0.03274421 0.2358826 1.826138 Tracked 76168052
-0.03463229 0.2350465 1.82678 Tracked 76168084
-0.03614035 0.2342393 1.827112 Tracked 76168119
-0.03811299 0.2329772 1.827606 Tracked 76168152
-0.04017565 0.2313383 1.828272 Tracked 76168184
-0.0416602 0.2294589 1.829115 Tracked 76168218
-0.04333849 0.2266507 1.829807 Tracked 76168251
-0.04555232 0.222588 1.830739 Tracked 76168284
-0.0476247 0.2169786 1.831783 Tracked 76168319
-0.05010015 0.2089524 1.833668 Tracked 76168353
-0.05248031 0.1981449 1.835609 Tracked 76168385
-0.05460456 0.1880845 1.836644 Tracked 76168418
-0.05632858 0.1727216 1.839697 Tracked 76168452
-0.05787611 0.156956 1.84149 Tracked 76168485
-0.06040618 0.1407884 1.856378 Tracked 76168518
-0.06245111 0.1202503 1.862874 Tracked 76168552
-0.06322122 0.1044606 1.865305 Tracked 76168585
-0.06464198 0.08546333 1.866963 Tracked 76168618
-0.06567357 0.06735853 1.868516 Tracked 76168652
-0.06634638 0.0491387 1.868995 Tracked 76168684
-0.06627142 0.03289005 1.868598 Tracked 76168718
-0.06743826 0.01044708 1.869357 Tracked 76168750
-0.06757632 -0.007359431 1.869859 Tracked 76168785
-0.06724135 -0.0236858 1.869985 Tracked 76168826
-0.06710375 -0.04123442 1.870135 Tracked 76168851
-0.06671032 -0.05942595 1.8696 Tracked 76168883
-0.06589788 -0.07621697 1.86881 Tracked 76168918
-0.06532319 -0.09266569 1.867309 Tracked 76168950
-0.06583505 -0.106413 1.865475 Tracked 76168985
-0.06628919 -0.1215536 1.864452 Tracked 76169017
-0.06586385 -0.1351413 1.8628 Tracked 76169051
-0.06529994 -0.148884 1.861743 Tracked 76169084
-0.06449448 -0.1634032 1.860614 Tracked 76169119
-0.06267 -0.1772647 1.858934 Tracked 76169153
-0.06061955 -0.1889185 1.856633 Tracked 76169186
-0.05810194 -0.2021593 1.855401 Tracked 76169218
-0.05609462 -0.2167538 1.853338 Tracked 76169250
-0.05362413 -0.2306094 1.849969 Tracked 76169282
-0.05166577 -0.2437823 1.848141 Tracked 76169317
-0.04773638 -0.2581848 1.84628 Tracked 76169350
-0.04568756 -0.2697016 1.845313 Tracked 76169383
-0.044022 -0.2807021 1.844255 Tracked 76169417
-0.04321254 -0.2931356 1.842535 Tracked 76169450
-0.04241237 -0.3052477 1.840425 Tracked 76169484
-0.04305523 -0.3147709 1.8388 Tracked 76169517
-0.0428926 -0.3270444 1.838017 Tracked 76169552
-0.04422825 -0.3355483 1.837073 Tracked 76169584
-0.04524016 -0.3444716 1.835823 Tracked 76169618
-0.04657036 -0.3521233 1.834713 Tracked 76169650
-0.04646662 -0.3568963 1.834573 Tracked 76169683
-0.04630722 -0.3595595 1.834736 Tracked 76169718
-0.04619964 -0.3598166 1.834895 Tracked 76169751
-0.04556273 -0.3594544 1.835404 Tracked 76169784
-0.04327524 -0.3533276 1.8387 Tracked 76169819
-0.03880982 -0.3351105 1.844491 Tracked 76169850
-0.03526429 -0.3151428 1.847803 Tracked 76169883
-0.03309942 -0.2822613 1.852386 Tracked 76169917
-0.0334326 -0.2510751 1.851552 Tracked 76169951
-0.03545547 -0.2088108 1.848356 Tracked 76169984
-0.03590619 -0.1651941 1.846636 Tracked 76170018
-0.04257955 -0.09468152 1.864388 Tracked 76170051
-0.03866634 -0.0240666 1.874463 Tracked 76170084
-0.03974569 0.03283115 1.874854 Tracked 76170118
-0.03980146 0.08282708 1.871975 Tracked 76170151
-0.04088413 0.1279283 1.867122 Tracked 76170184
-0.04044591 0.168165 1.864677 Tracked 76170218
-0.04109016 0.1968516 1.861676 Tracked 76170251
-0.04182312 0.2152568 1.859636 Tracked 76170284
-0.04055619 0.2258628 1.844775 Tracked 76170318
-0.04143073 0.2378374 1.836789 Tracked 76170351
-0.04174214 0.2388309 1.834857 Tracked 76170384
-0.0418673 0.2388284 1.834091 Tracked 76170419
-0.04186275 0.2386297 1.833157 Tracked 76170451
-0.04189631 0.2386222 1.832943 Tracked 76170484
-0.04195482 0.2386449 1.832901 Tracked 76170518
-0.04211796 0.2386446 1.832729 Tracked 76170551
-0.04216889 0.2386171 1.832682 Tracked 76170584
-0.04229668 0.2385276 1.832648 Tracked 76170619
-0.04261589 0.2383398 1.832574 Tracked 76170651
-0.04294086 0.2381872 1.832502 Tracked 76170684
-0.0433058 0.2381746 1.832537 Tracked 76170718
-0.04370672 0.2380845 1.832704 Tracked 76170751
-0.04400031 0.2379477 1.832696 Tracked 76170784
-0.04446764 0.2379109 1.832659 Tracked 76170817
-0.04472277 0.2378234 1.832649 Tracked 76170851
-0.04513009 0.2378045 1.83288 Tracked 76170884
-0.04552541 0.2377751 1.833173 Tracked 76170918
-0.04600359 0.2378345 1.833644 Tracked 76170951
-0.04661225 0.2377363 1.834006 Tracked 76170985
-0.04687522 0.2376298 1.834058 Tracked 76171018
-0.0474305 0.2374131 1.834042 Tracked 76171054
-0.04772453 0.2370829 1.834031 Tracked 76171085
-0.04822545 0.23638 1.833823 Tracked 76171118
-0.04894023 0.2354473 1.833819 Tracked 76171152
-0.04977034 0.2337394 1.833813 Tracked 76171185
-0.05094196 0.2311751 1.833586 Tracked 76171219
-0.05209607 0.2285879 1.833372 Tracked 76171251
-0.05370522 0.2252708 1.833811 Tracked 76171285
-0.05585787 0.2212546 1.834064 Tracked 76171319
-0.05760632 0.2161861 1.83524 Tracked 76171352
-0.06007074 0.209768 1.836591 Tracked 76171385
-0.06241585 0.2016725 1.838342 Tracked 76171419
-0.06452524 0.1911974 1.840637 Tracked 76171452
-0.06769644 0.1806781 1.842731 Tracked 76171484
-0.07045595 0.1636643 1.846993 Tracked 76171518
-0.073002 0.1473278 1.860049 Tracked 76171552
-0.07534272 0.1209181 1.86916 Tracked 76171585
-0.0753691 0.1074147 1.871009 Tracked 76171619
-0.07772238 0.0780915 1.874539 Tracked 76171662
-0.07808814 0.05752576 1.875844 Tracked 76171692
-0.07876707 0.03320203 1.87667 Tracked 76171719
-0.07939943 0.007667669 1.876695 Tracked 76171752
-0.0816268 -0.01396232 1.876977 Tracked 76171785
-0.08147844 -0.02619134 1.866863 Tracked 76171819
-0.0816663 -0.04009004 1.863529 Tracked 76171852
-0.08128274 -0.06870104 1.858814 Tracked 76171894
-0.08272084 -0.08420463 1.857268 Tracked 76171926
-0.08147623 -0.1066076 1.854195 Tracked 76171952
-0.08234314 -0.121484 1.853792 Tracked 76171985
-0.08153388 -0.1451038 1.850507 Tracked 76172017
-0.08107487 -0.1598492 1.84857 Tracked 76172050
-0.0805179 -0.1717849 1.84886 Tracked 76172084
-0.08124866 -0.1866868 1.848376 Tracked 76172118
-0.08037085 -0.1989775 1.84752 Tracked 76172151
-0.07981004 -0.2174359 1.844413 Tracked 76172184
-0.07869726 -0.2298481 1.842435 Tracked 76172219
-0.0764682 -0.2458329 1.839137 Tracked 76172251
-0.07644735 -0.2539696 1.838824 Tracked 76172284
-0.07714831 -0.2621934 1.837976 Tracked 76172318
-0.07710353 -0.2711743 1.837921 Tracked 76172352
-0.07664049 -0.2791463 1.837021 Tracked 76172385
-0.07699058 -0.2865767 1.836588 Tracked 76172425
-0.07623607 -0.2929683 1.835749 Tracked 76172460
-0.07529496 -0.2987623 1.835184 Tracked 76172494
-0.07436335 -0.3024579 1.83411 Tracked 76172527
-0.0728974 -0.3068589 1.833409 Tracked 76172556
-0.07225144 -0.3094535 1.8334 Tracked 76172584
-0.07162606 -0.3113151 1.83365 Tracked 76172618
-0.07062922 -0.3128148 1.833607 Tracked 76172651
-0.06990514 -0.3140329 1.8337 Tracked 76172684
-0.06904501 -0.3148779 1.834019 Tracked 76172718
-0.06847424 -0.3152492 1.834498 Tracked 76172752
-0.06795217 -0.315257 1.834669 Tracked 76172785
-0.06734799 -0.31452 1.835036 Tracked 76172818
-0.06625367 -0.311329 1.836356 Tracked 76172852
-0.063321 -0.3029698 1.838462 Tracked 76172893
-0.05999104 -0.2908741 1.841492 Tracked 76172918
-0.05708917 -0.2724411 1.843496 Tracked 76172951
-0.05409371 -0.2528489 1.843899 Tracked 76172985
-0.05233879 -0.2508159 1.84823 Tracked 76173018
-0.05025469 -0.2298328 1.854828 Tracked 76173051
-0.05202914 -0.1901046 1.857721 Tracked 76173085
-0.05291397 -0.1595352 1.859481 Tracked 76173123
-0.05439939 -0.113202 1.860332 Tracked 76173153
-0.0486114 -0.05009367 1.868823 Tracked 76173185
-0.05005538 -0.005694366 1.870902 Tracked 76173218
-0.04850445 0.0517281 1.869905 Tracked 76173252
-0.05000465 0.09569302 1.869174 Tracked 76173286
-0.04926257 0.1414098 1.864263 Tracked 76173318
-0.04922714 0.167855 1.860224 Tracked 76173352
-0.04799011 0.1950019 1.855162 Tracked 76173385
-0.04712955 0.2062227 1.853126 Tracked 76173418
-0.04532844 0.2163145 1.839212 Tracked 76173452
-0.04445095 0.2253568 1.831682 Tracked 76173485
-0.04401077 0.2271985 1.829174 Tracked 76173518
-0.04385795 0.2285177 1.827405 Tracked 76173551
-0.04372164 0.2297479 1.826749 Tracked 76173584
-0.04361136 0.2305711 1.826381 Tracked 76173618
-0.0433813 0.2315103 1.825997 Tracked 76173652
-0.04334989 0.2322247 1.825605 Tracked 76173684
-0.04334491 0.2327529 1.825221 Tracked 76173719
-0.04322858 0.2332379 1.824961 Tracked 76173751
-0.04325609 0.233689 1.824955 Tracked 76173784
-0.0432367 0.2339688 1.825086 Tracked 76173818
-0.04342419 0.2341432 1.825357 Tracked 76173851
-0.04358291 0.2341881 1.825725 Tracked 76173884
-0.04435202 0.2339956 1.827038 Tracked 76173918
-0.04531041 0.2338546 1.828678 Tracked 76173951
-0.04538851 0.2336668 1.829059 Tracked 76173984
-0.04641781 0.2327906 1.8331 Tracked 76174018
-0.04719137 0.2319845 1.836421 Tracked 76174051
-0.0471621 0.2319665 1.83651 Tracked 76174084
-0.04714124 0.2317551 1.836836 Tracked 76174118
-0.04731997 0.2312157 1.837033 Tracked 76174151
-0.04927438 0.2293568 1.841855 Tracked 76174184
-0.04998146 0.2282261 1.84352 Tracked 76174217
-0.05008229 0.2274556 1.843615 Tracked 76174251
-0.05031202 0.2264909 1.844526 Tracked 76174284
-0.05029598 0.2257511 1.845396 Tracked 76174317
-0.04992336 0.2252832 1.845894 Tracked 76174351
-0.04983254 0.2248839 1.846543 Tracked 76174384
-0.04958629 0.2242357 1.847045 Tracked 76174417
-0.04946997 0.2238123 1.847411 Tracked 76174450
-0.04939698 0.2235055 1.847571 Tracked 76174484
-0.04933527 0.223228 1.847757 Tracked 76174517
-0.04923261 0.2228949 1.848021 Tracked 76174550
-0.04922872 0.2223931 1.848125 Tracked 76174584
-0.04914775 0.2221225 1.848198 Tracked 76174617
-0.04908962 0.2219086 1.848357 Tracked 76174651
-0.04896399 0.2216094 1.848532 Tracked 76174684
-0.04872807 0.2213039 1.848632 Tracked 76174718
-0.04864243 0.2211698 1.84869 Tracked 76174751
-0.04843464 0.2210686 1.848758 Tracked 76174784
-0.04820612 0.2209038 1.848844 Tracked 76174818
-0.04803815 0.2207984 1.848916 Tracked 76174851
-0.04778555 0.2206511 1.848874 Tracked 76174883
-0.04750722 0.2205033 1.849035 Tracked 76174918
-0.04726601 0.2203691 1.849119 Tracked 76174951
-0.04698633 0.2203148 1.84908 Tracked 76174990
-0.04673029 0.2202453 1.848939 Tracked 76175024
-0.04639281 0.2202508 1.848745 Tracked 76175054
-0.0461281 0.220366 1.848476 Tracked 76175085
-0.04597351 0.2204809 1.848354 Tracked 76175119
-0.04569415 0.2206656 1.847795 Tracked 76175151
-0.04535982 0.2208984 1.846628 Tracked 76175184
-0.04492792 0.2210492 1.844802 Tracked 76175218
-0.04475965 0.2209105 1.843694 Tracked 76175252
-0.04492261 0.2202998 1.841535 Tracked 76175284
-0.04527622 0.2197482 1.839882 Tracked 76175318
-0.04568174 0.2176238 1.836528 Tracked 76175351
-0.04686331 0.214697 1.832708 Tracked 76175385
-0.04776273 0.208741 1.828192 Tracked 76175418
-0.04766121 0.2006586 1.824898 Tracked 76175452
-0.04730585 0.1905072 1.821375 Tracked 76175484
-0.04717352 0.1766362 1.818939 Tracked 76175518
-0.04726149 0.157368 1.815897 Tracked 76175550
-0.04817759 0.1412876 1.81462 Tracked 76175584
-0.04741108 0.1362775 1.813646 Tracked 76175618
-0.04452877 0.09818579 1.808454 Tracked 76175651
-0.04354814 0.09156223 1.8065 Tracked 76175683
-0.04241743 0.06657413 1.803007 Tracked 76175718
-0.04383772 0.03765429 1.800799 Tracked 76175751
-0.04515392 0.01381608 1.801839 Tracked 76175785
-0.0460041 -0.005037287 1.805094 Tracked 76175818
-0.04144801 -0.07666827 1.793402 Tracked 76175852
-0.03826271 -0.08816716 1.79628 Tracked 76175885
-0.0533469 -0.08962802 1.80454 Tracked 76175919
-0.06529602 -0.1104216 1.81174 Tracked 76175960
-0.05786541 -0.1748625 1.808637 Tracked 76175984
-0.0707645 -0.1566316 1.821004 Tracked 76176018
-0.06626228 -0.2288787 1.798525 Tracked 76176051
-0.06569941 -0.2386589 1.79713 Tracked 76176085
-0.009021377 -0.3422895 1.821052 Tracked 76176119
-0.0384367 -0.2074669 1.83914 Tracked 76176152
-0.03206235 -0.2174965 1.833952 Tracked 76176185
-0.02743562 -0.2241582 1.831274 Tracked 76176219
0.004715751 -0.3838709 1.757979 Tracked 76176252
-0.2064629 -0.3807171 1.791994 Tracked 76176284
-0.06271927 -0.3273638 1.819429 Tracked 76176320
-0.05896435 -0.3211807 1.822963 Tracked 76176352
-0.05548093 -0.3070925 1.802408 Tracked 76176384
-0.03628497 -0.2729982 1.786166 Tracked 76176419
-0.03363074 -0.2529812 1.78656 Tracked 76176452
-0.03925939 -0.2171652 1.78173 Tracked 76176484
-0.03716986 -0.1781846 1.781609 Tracked 76176519
-0.05873752 -0.1381849 1.784739 Tracked 76176552
-0.0580095 -0.08417186 1.814751 Tracked 76176584
-0.05791598 -0.06042754 1.817266 Tracked 76176619
-0.03649789 0.03078245 1.859027 Tracked 76176651
-0.03650976 0.04899289 1.861316 Tracked 76176685
-0.03830389 0.07616855 1.865252 Tracked 76176718
-0.03908674 0.08755743 1.877913 Tracked 76176752
-0.03957957 0.1023743 1.874344 Tracked 76176785
-0.04071908 0.1536046 1.88613 Tracked 76176818
-0.04065634 0.153578 1.886946 Tracked 76176851
-0.04062689 0.156854 1.889007 Tracked 76176884
-0.04111565 0.1635339 1.892172 Tracked 76176918
-0.04081004 0.1688978 1.89496 Tracked 76176959
-0.04116007 0.172159 1.896747 Tracked 76176984
-0.04105047 0.1788813 1.888923 Tracked 76177018
-0.03787698 0.1957525 1.883178 Tracked 76177051
-0.03734281 0.199411 1.882577 Tracked 76177083
-0.03707671 0.2008494 1.88227 Tracked 76177118
-0.036685 0.2016764 1.882297 Tracked 76177152
-0.036268 0.2023004 1.882491 Tracked 76177184
-0.03603572 0.2026367 1.882632 Tracked 76177218
-0.03577797 0.2029238 1.882693 Tracked 76177250
-0.03562706 0.2031613 1.882745 Tracked 76177284
-0.03546666 0.2034694 1.882798 Tracked 76177318
-0.03537033 0.2035946 1.882795 Tracked 76177351
-0.03533753 0.203755 1.88277 Tracked 76177388
-0.03525088 0.2039183 1.882624 Tracked 76177418
-0.03512911 0.2041291 1.882355 Tracked 76177451
-0.03511685 0.204397 1.882038 Tracked 76177484
-0.03494908 0.2046654 1.881414 Tracked 76177518
-0.03484295 0.2050075 1.881022 Tracked 76177551
-0.03450845 0.205732 1.879402 Tracked 76177585
-0.03441116 0.2068133 1.878398 Tracked 76177618
-0.03466378 0.2078454 1.876812 Tracked 76177652
-0.03498141 0.2092642 1.875351 Tracked 76177686
-0.0353394 0.210632 1.873348 Tracked 76177725
-0.03555524 0.2114329 1.871644 Tracked 76177761
-0.0362374 0.2120134 1.869694 Tracked 76177787
-0.03751723 0.2111679 1.866276 Tracked 76177818
-0.03945548 0.2084913 1.861821 Tracked 76177851
-0.04155648 0.2016274 1.856918 Tracked 76177883
-0.04410614 0.1906109 1.853343 Tracked 76177918
-0.04713704 0.1700733 1.85101 Tracked 76177951
-0.05006376 0.1461538 1.850347 Tracked 76177984
-0.05115297 0.1253745 1.859543 Tracked 76178017
-0.04776305 0.09028511 1.834769 Tracked 76178051
-0.04880309 0.08872757 1.838981 Tracked 76178084
-0.04882653 0.08131324 1.842633 Tracked 76178118
-0.05423613 0.03042188 1.841649 Tracked 76178151
-0.05515558 0.01867417 1.841712 Tracked 76178184
-0.05574402 -0.004992909 1.841728 Tracked 76178217
-0.04747967 -0.07938549 1.82441 Tracked 76178250
-0.0491878 -0.08339798 1.827242 Tracked 76178282
-0.0610231 -0.09497884 1.832395 Tracked 76178318
-0.05479629 -0.1445596 1.833041 Tracked 76178351
-0.06089484 -0.2086779 1.820243 Tracked 76178384
-0.0616859 -0.2111096 1.82428 Tracked 76178418
-0.06389374 -0.2233555 1.829302 Tracked 76178451
-0.07700686 -0.2726723 1.814829 Tracked 76178484
-0.09664608 -0.1935019 1.829593 Tracked 76178518
-0.0808832 -0.2639236 1.839916 Tracked 76178552
-0.07881863 -0.2610112 1.838645 Tracked 76178586
-0.07846101 -0.2604482 1.838126 Tracked 76178627
-0.07845338 -0.2603795 1.838053 Tracked 76178657
-0.07741121 -0.2593431 1.838119 Tracked 76178685
-0.07689516 -0.2583911 1.838163 Tracked 76178718
-0.07717894 -0.2553508 1.834991 Tracked 76178751
-0.07430039 -0.2456861 1.828177 Tracked 76178784
-0.07300975 -0.2346802 1.824346 Tracked 76178818
-0.06944901 -0.2249966 1.818035 Tracked 76178850
-0.06327812 -0.2071063 1.810921 Tracked 76178884
-0.04427461 -0.1726878 1.805598 Tracked 76178918
-0.03821481 -0.1355921 1.808867 Tracked 76178950
-0.03880914 -0.1008078 1.808535 Tracked 76178984
-0.04580569 -0.007054505 1.841932 Tracked 76179019
-0.04424757 0.01453456 1.84476 Tracked 76179054
-0.0447096 0.0513717 1.847218 Tracked 76179088
-0.04393252 0.07462466 1.848299 Tracked 76179119
-0.04525451 0.08748927 1.860032 Tracked 76179154
-0.04635035 0.1033972 1.853996 Tracked 76179188
-0.04920681 0.145168 1.857781 Tracked 76179221
-0.04939976 0.1456729 1.858333 Tracked 76179254
-0.04988396 0.1505568 1.858948 Tracked 76179288
-0.04768934 0.1607472 1.86065 Tracked 76179318
-0.04648654 0.1666829 1.861325 Tracked 76179351
-0.04428841 0.1745422 1.861358 Tracked 76179384
-0.04240591 0.1807407 1.851407 Tracked 76179418
-0.03733726 0.1992291 1.842444 Tracked 76179451
-0.03628653 0.2015348 1.841422 Tracked 76179482
-0.03566304 0.2027943 1.840786 Tracked 76179517
-0.03508989 0.2033095 1.840115 Tracked 76179551
-0.03434923 0.2036268 1.839004 Tracked 76179584
-0.03387421 0.2040507 1.837594 Tracked 76179618
-0.03305889 0.2046569 1.836674 Tracked 76179657
-0.03263222 0.2054811 1.835412 Tracked 76179691
-0.0323298 0.2061701 1.834158 Tracked 76179721
-0.03199592 0.2067315 1.833066 Tracked 76179751
-0.03182301 0.2072541 1.831544 Tracked 76179786
-0.03158263 0.2078104 1.830785 Tracked 76179820
-0.03140563 0.2085504 1.829855 Tracked 76179857
-0.03128707 0.2092676 1.82897 Tracked 76179891
-0.03116214 0.2100966 1.827659 Tracked 76179926
-0.03129035 0.2109767 1.826866 Tracked 76179962
-0.03163842 0.2121406 1.82602 Tracked 76179987
-0.03232789 0.2136042 1.824562 Tracked 76180018
-0.03302697 0.2137208 1.823334 Tracked 76180051
-0.0341238 0.2128986 1.821498 Tracked 76180084
-0.03553063 0.2097806 1.818823 Tracked 76180119
-0.03750322 0.1998812 1.8156 Tracked 76180154
-0.03873702 0.1856273 1.813756 Tracked 76180186
-0.03948289 0.1626284 1.813175 Tracked 76180219
-0.04013465 0.1405068 1.813158 Tracked 76180252
-0.04064859 0.1186327 1.823452 Tracked 76180286
-0.04021972 0.07005495 1.82069 Tracked 76180319
-0.04017188 0.07034911 1.820784 Tracked 76180353
-0.04027779 0.06175305 1.820171 Tracked 76180386
-0.04235265 0.03071628 1.819761 Tracked 76180418
-0.04421637 0.01375113 1.820885 Tracked 76180451
-0.04763183 -0.01572384 1.820266 Tracked 76180484
-0.03878058 -0.07736729 1.805151 Tracked 76180517
-0.04050199 -0.08195928 1.80728 Tracked 76180551
-0.04329254 -0.09319378 1.811622 Tracked 76180583
-0.0429812 -0.1223358 1.815263 Tracked 76180618
-0.04357804 -0.18249 1.810347 Tracked 76180650
-0.05072315 -0.191388 1.807013 Tracked 76180684
-0.05696955 -0.2146211 1.807797 Tracked 76180718
-0.0717677 -0.2182127 1.808473 Tracked 76180751
-0.06932509 -0.2281894 1.809294 Tracked 76180784
-0.05999319 -0.275878 1.802465 Tracked 76180818
-0.06916861 -0.2651479 1.802376 Tracked 76180858
-0.0706954 -0.263991 1.802465 Tracked 76180891
-0.07433668 -0.2629883 1.801753 Tracked 76180922
-0.07854956 -0.2599493 1.801679 Tracked 76180954
-0.08007956 -0.2575815 1.801537 Tracked 76180989
-0.08135898 -0.2536522 1.801223 Tracked 76181020
-0.0828089 -0.2461854 1.800892 Tracked 76181051
-0.08113153 -0.2375593 1.798681 Tracked 76181084
-0.05838142 -0.217769 1.790381 Tracked 76181118
-0.05450261 -0.2012652 1.791633 Tracked 76181152
-0.05321208 -0.169627 1.790291 Tracked 76181184
-0.03414126 -0.1010602 1.811277 Tracked 76181218
-0.03478828 -0.07797664 1.812685 Tracked 76181251
-0.03700918 -0.004391175 1.830518 Tracked 76181284
-0.03553491 0.02141235 1.833138 Tracked 76181317
-0.03443253 0.04096429 1.847262 Tracked 76181351
-0.03304906 0.0698383 1.850993 Tracked 76181384
-0.03319445 0.09379407 1.85348 Tracked 76181417
-0.03425512 0.1137029 1.840467 Tracked 76181450
-0.03333106 0.160889 1.849128 Tracked 76181484
-0.03346087 0.1605709 1.8494 Tracked 76181518
-0.03407881 0.1621738 1.850115 Tracked 76181552
-0.03466967 0.1664267 1.850966 Tracked 76181584
-0.03427472 0.1731855 1.851855 Tracked 76181618
-0.03334653 0.1789054 1.853122 Tracked 76181651
-0.03110056 0.185239 1.842307 Tracked 76181684
-0.02699589 0.206917 1.834626 Tracked 76181718
-0.02613012 0.2093085 1.833763 Tracked 76181751
-0.02565916 0.2106099 1.833045 Tracked 76181785
-0.0253497 0.2112632 1.832832 Tracked 76181818
-0.02513108 0.2115003 1.832686 Tracked 76181850
-0.02496243 0.2116337 1.832662 Tracked 76181883
-0.02474009 0.2117061 1.832496 Tracked 76181918
-0.02454001 0.2118188 1.8323 Tracked 76181951
-0.02444309 0.2118737 1.832176 Tracked 76181984
-0.02426194 0.2119368 1.832041 Tracked 76182017
-0.02412647 0.2119676 1.832008 Tracked 76182051
-0.0239287 0.2119962 1.8319 Tracked 76182084
-0.02385569 0.2120293 1.831928 Tracked 76182118
-0.02375642 0.2120919 1.831775 Tracked 76182151
-0.02357938 0.212227 1.830901 Tracked 76182184
-0.02341278 0.2124823 1.830296 Tracked 76182218
-0.02330147 0.2127141 1.829971 Tracked 76182250
-0.02335394 0.2132605 1.829374 Tracked 76182284
-0.02359243 0.2139975 1.828196 Tracked 76182318
-0.02424265 0.2148469 1.826542 Tracked 76182350
-0.02497998 0.2153013 1.824841 Tracked 76182384
-0.02591197 0.2148879 1.822849 Tracked 76182418
-0.02752143 0.2124748 1.819295 Tracked 76182459
-0.02937841 0.2065173 1.816035 Tracked 76182495
-0.03237096 0.1915858 1.812743 Tracked 76182522
-0.03380954 0.173574 1.812011 Tracked 76182553
-0.03571615 0.1485812 1.812566 Tracked 76182586
-0.03789319 0.1296217 1.823913 Tracked 76182620
-0.03693666 0.1050927 1.814973 Tracked 76182653
-0.03698103 0.1007914 1.815811 Tracked 76182687
-0.03682347 0.06774836 1.813253 Tracked 76182720
-0.03888085 0.04120152 1.811717 Tracked 76182753
-0.04206676 0.01432228 1.810456 Tracked 76182786
-0.04319084 -0.009574195 1.811719 Tracked 76182818
-0.03787465 -0.07760505 1.794979 Tracked 76182852
-0.0406193 -0.1006433 1.793801 Tracked 76182886
-0.03516573 -0.1103951 1.799509 Tracked 76182920
-0.04723555 -0.1655615 1.79734 Tracked 76182952
-0.05422536 -0.2024439 1.792094 Tracked 76182986
-0.05296147 -0.2191314 1.796391 Tracked 76183020
-0.05770842 -0.214656 1.802867 Tracked 76183053
-0.05781267 -0.2842509 1.79056 Tracked 76183086
-0.09407397 -0.2119122 1.802773 Tracked 76183121
-0.09696658 -0.2217354 1.803695 Tracked 76183153
-0.05820979 -0.2623103 1.792354 Tracked 76183187
-0.05885747 -0.2811704 1.798288 Tracked 76183219
-0.07605609 -0.1760539 1.803115 Tracked 76183253
-0.08280965 -0.1728509 1.80254 Tracked 76183286
-0.08943132 -0.2047942 1.810157 Tracked 76183320
-0.07771899 -0.2106459 1.808378 Tracked 76183352
-0.07557175 -0.2102861 1.810025 Tracked 76183385
-0.06267557 -0.2034914 1.811052 Tracked 76183420
-0.06099528 -0.2025101 1.809325 Tracked 76183453
-0.03791267 -0.1301225 1.817415 Tracked 76183486
-0.0369023 -0.1297575 1.814051 Tracked 76183520
-0.03516865 -0.09914238 1.808441 Tracked 76183553
-0.03868553 -0.06151207 1.810226 Tracked 76183585
-0.03494518 -0.01660374 1.820793 Tracked 76183618
-0.0342624 0.008557657 1.824498 Tracked 76183651
-0.03471505 0.04140709 1.827065 Tracked 76183684
-0.03560885 0.06885131 1.829768 Tracked 76183719
-0.03572872 0.07974677 1.845406 Tracked 76183754
-0.0373508 0.09254242 1.842001 Tracked 76183786
-0.03831059 0.1456767 1.850209 Tracked 76183819
-0.03861396 0.1455321 1.850588 Tracked 76183852
-0.03841167 0.149193 1.851328 Tracked 76183885
-0.03842473 0.155539 1.852826 Tracked 76183919
-0.03893643 0.1625154 1.853551 Tracked 76183961
-0.03945689 0.1685232 1.853767 Tracked 76183990
-0.03852819 0.1743901 1.840455 Tracked 76184018
-0.03600226 0.1988781 1.831266 Tracked 76184050
-0.03587753 0.2012784 1.830191 Tracked 76184083
-0.03577048 0.2020941 1.829589 Tracked 76184118
-0.03560625 0.2028886 1.82901 Tracked 76184150
-0.0353746 0.2033792 1.828666 Tracked 76184184
-0.03496286 0.2039078 1.827914 Tracked 76184217
-0.03483604 0.2045637 1.827343 Tracked 76184250
-0.03454901 0.2051628 1.826616 Tracked 76184284
-0.03441429 0.2056134 1.826297 Tracked 76184318
-0.034378 0.2059097 1.825745 Tracked 76184350
-0.03416852 0.2063225 1.82524 Tracked 76184384
-0.0339765 0.2066935 1.824475 Tracked 76184418
-0.03385045 0.2069864 1.823893 Tracked 76184450
-0.03384918 0.2071731 1.8234 Tracked 76184484
-0.03373553 0.2074807 1.822821 Tracked 76184517
-0.03371299 0.2076842 1.822487 Tracked 76184551
-0.03387758 0.2079899 1.821873 Tracked 76184584
-0.03396961 0.2083957 1.821241 Tracked 76184617
-0.0341589 0.2089855 1.82016 Tracked 76184651
-0.03474176 0.2090316 1.818559 Tracked 76184684
-0.03559593 0.2080587 1.817284 Tracked 76184718
-0.0368954 0.2052476 1.815601 Tracked 76184751
-0.03900274 0.1976486 1.813853 Tracked 76184784
-0.04129614 0.1809834 1.813017 Tracked 76184818
-0.04352369 0.1594023 1.813447 Tracked 76184850
-0.04635007 0.1316782 1.81397 Tracked 76184884
-0.04530077 0.1235779 1.813164 Tracked 76184918
-0.04468745 0.06684192 1.802584 Tracked 76184951
-0.04444327 0.06371214 1.804785 Tracked 76184984
-0.04500601 0.02627716 1.80696 Tracked 76185025
-0.04780867 0.0076201 1.812532 Tracked 76185051
-0.05175676 -0.03162586 1.812605 Tracked 76185083
-0.04318701 -0.09984674 1.799479 Tracked 76185118
-0.04453053 -0.1010678 1.802962 Tracked 76185151
-0.05349225 -0.1496419 1.803728 Tracked 76185184
-0.06421684 -0.2007951 1.799435 Tracked 76185218
-0.06487799 -0.2154487 1.800407 Tracked 76185250
-0.06499638 -0.2556523 1.806076 Tracked 76185284
-0.06108866 -0.278292 1.80971 Tracked 76185317
-0.06030737 -0.2943659 1.810087 Tracked 76185350
-0.06186974 -0.2908584 1.813126 Tracked 76185384
-0.06068893 -0.311841 1.807048 Tracked 76185417
-0.05799784 -0.3170396 1.803058 Tracked 76185450
0.09015536 -0.3160904 1.790839 Tracked 76185484
0.08760064 -0.3170011 1.793675 Tracked 76185518
0.08445516 -0.3140529 1.797277 Tracked 76185551
0.07590966 -0.3060828 1.797168 Tracked 76185584
0.0674483 -0.2934864 1.800089 Tracked 76185618
-0.01640091 -0.2660034 1.799811 Tracked 76185651
-0.02126712 -0.2322105 1.805811 Tracked 76185684
-0.02470771 -0.2027807 1.802738 Tracked 76185718
-0.05144492 -0.1483761 1.809803 Tracked 76185751
-0.0523647 -0.1350951 1.80924 Tracked 76185784
-0.04482816 -0.08058564 1.808233 Tracked 76185819
-0.04355481 -0.04970062 1.813426 Tracked 76185857
-0.04202687 -0.01116767 1.818289 Tracked 76185888
-0.04220247 0.01564225 1.820419 Tracked 76185920
-0.0419822 0.04778514 1.822881 Tracked 76185953
-0.04207613 0.07212637 1.823335 Tracked 76185987
-0.04362462 0.08247294 1.833231 Tracked 76186020
-0.04470915 0.09747874 1.827858 Tracked 76186053
-0.04400281 0.1515835 1.834863 Tracked 76186084
-0.04428909 0.1512341 1.835428 Tracked 76186120
-0.0447011 0.1532238 1.835769 Tracked 76186154
-0.04506831 0.1599807 1.836272 Tracked 76186187
-0.04444417 0.1685524 1.836535 Tracked 76186221
-0.04350254 0.1745138 1.835754 Tracked 76186254
-0.04199724 0.1797468 1.824739 Tracked 76186287
-0.03783743 0.2032349 1.814442 Tracked 76186318
-0.03754916 0.2051014 1.813381 Tracked 76186353
-0.03756802 0.2061383 1.812349 Tracked 76186387
-0.03721525 0.2066581 1.811601 Tracked 76186420
-0.03705069 0.2068489 1.810516 Tracked 76186453
-0.03690846 0.2073012 1.809903 Tracked 76186488
-0.03704402 0.2080514 1.808687 Tracked 76186518
-0.03692408 0.2087322 1.807552 Tracked 76186551
-0.03673436 0.2092591 1.806493 Tracked 76186583
-0.03673332 0.2096926 1.804915 Tracked 76186618
-0.03674418 0.2099433 1.803849 Tracked 76186651
-0.03683027 0.2100648 1.802624 Tracked 76186684
-0.0371247 0.2103808 1.801318 Tracked 76186717
-0.0373716 0.2105912 1.800219 Tracked 76186751
-0.037925 0.2107475 1.799141 Tracked 76186784
-0.0385038 0.211376 1.797606 Tracked 76186819
-0.0390964 0.2115736 1.796684 Tracked 76186851
-0.04000117 0.2115802 1.795491 Tracked 76186884
-0.04094236 0.2107262 1.794063 Tracked 76186918
-0.04203037 0.2083111 1.792574 Tracked 76186951
-0.04339387 0.2009944 1.791048 Tracked 76186984
-0.04410015 0.18646 1.790373 Tracked 76187018
-0.04481954 0.1658022 1.79208 Tracked 76187058
-0.04514265 0.1544818 1.782246 Tracked 76187083
-0.04503091 0.137133 1.787287 Tracked 76187118
-0.04417681 0.08081467 1.778929 Tracked 76187150
-0.04495781 0.08030697 1.782681 Tracked 76187184
-0.04534969 0.06584366 1.787626 Tracked 76187218
-0.05007407 0.0285341 1.795674 Tracked 76187252
-0.05222928 0.002730363 1.795889 Tracked 76187284
-0.04643258 -0.06978642 1.782378 Tracked 76187323
-0.0407578 -0.09084783 1.781706 Tracked 76187353
-0.07081188 -0.1278345 1.778746 Tracked 76187385
-0.07338579 -0.1631709 1.777068 Tracked 76187420
-0.07701946 -0.1844722 1.787903 Tracked 76187455
-0.07817641 -0.2121577 1.790552 Tracked 76187489
-0.1029346 -0.1566838 1.799562 Tracked 76187522
-0.1017916 -0.1620927 1.799366 Tracked 76187555
-0.1031503 -0.2309054 1.794326 Tracked 76187585
-0.09329674 -0.3073039 1.780193 Tracked 76187618
0.07054392 -0.3565772 1.765149 Tracked 76187655
0.06694682 -0.3616769 1.766653 Tracked 76187691
0.06821956 -0.3617758 1.766584 Tracked 76187721
-0.1023211 -0.3683146 1.746044 Tracked 76187755
0.07235918 -0.3069524 1.775907 Tracked 76187785
0.02606482 -0.3712104 1.786255 Tracked 76187818
0.02594692 -0.3702333 1.786113 Tracked 76187851
0.02659961 -0.3597997 1.781182 Tracked 76187884
0.02842587 -0.3321434 1.762123 Tracked 76187918
0.02919725 -0.3171595 1.758916 Tracked 76187951
0.02735174 -0.2857783 1.750409 Tracked 76187985
0.02895829 -0.2562704 1.749993 Tracked 76188018
0.02936068 -0.2189303 1.746489 Tracked 76188051
0.01742683 -0.1934107 1.740797 Tracked 76188084
-0.01446125 -0.1166483 1.776055 Tracked 76188118
-0.01510097 -0.09105445 1.778888 Tracked 76188151
-0.044808 -0.006258779 1.804318 Tracked 76188182
-0.04392954 0.01439165 1.806652 Tracked 76188218
-0.04284422 0.05403165 1.811118 Tracked 76188251
-0.04245057 0.07597436 1.811833 Tracked 76188284
-0.04325209 0.08102479 1.812761 Tracked 76188317
-0.04263706 0.1267541 1.809307 Tracked 76188351
-0.04181107 0.1452473 1.819997 Tracked 76188384
-0.04240685 0.1467683 1.821887 Tracked 76188418
-0.04252658 0.1556707 1.825591 Tracked 76188452
-0.04099182 0.1618399 1.826505 Tracked 76188484
-0.03996824 0.1711649 1.827815 Tracked 76188518
-0.03908074 0.1771423 1.828136 Tracked 76188550
-0.03845751 0.1810226 1.818333 Tracked 76188584
-0.03529112 0.2037565 1.809312 Tracked 76188617
-0.03518798 0.2052405 1.808385 Tracked 76188651
-0.03507106 0.2059301 1.807739 Tracked 76188684
-0.03501844 0.2064873 1.807332 Tracked 76188718
-0.03478569 0.206783 1.807044 Tracked 76188751
-0.03447321 0.2071902 1.806756 Tracked 76188784
-0.03425608 0.2075824 1.806516 Tracked 76188818
-0.03400883 0.2078058 1.806195 Tracked 76188851
-0.03358711 0.2080029 1.806087 Tracked 76188884
-0.0333803 0.2081454 1.805896 Tracked 76188918
-0.03301214 0.2082535 1.805662 Tracked 76188951
-0.03279793 0.2083813 1.805491 Tracked 76188983
-0.03264483 0.208501 1.805261 Tracked 76189017
-0.03254349 0.2086625 1.805156 Tracked 76189051
-0.03255947 0.2088127 1.804776 Tracked 76189082
-0.03246151 0.2089202 1.804622 Tracked 76189122
-0.03252415 0.2090147 1.804389 Tracked 76189156
-0.03261145 0.2091144 1.803851 Tracked 76189187
-0.03282082 0.2088987 1.803352 Tracked 76189218
-0.03337353 0.2074817 1.802414 Tracked 76189251
-0.03355807 0.2037864 1.801849 Tracked 76189283
-0.03471544 0.1920241 1.801646 Tracked 76189318
-0.03491637 0.1745798 1.802451 Tracked 76189350
-0.0341167 0.1648953 1.794472 Tracked 76189384
-0.03488255 0.1456164 1.800677 Tracked 76189419
-0.03407551 0.09020548 1.793879 Tracked 76189455
-0.03430756 0.08973791 1.797996 Tracked 76189485
-0.03497931 0.06672647 1.803069 Tracked 76189518
-0.03592868 0.03059433 1.804337 Tracked 76189550
-0.04131229 0.004363718 1.804839 Tracked 76189584
-0.03605639 -0.05953824 1.794546 Tracked 76189618
-0.03497082 -0.08427925 1.793879 Tracked 76189652
-0.03762117 -0.1220368 1.792041 Tracked 76189684
-0.04455648 -0.1250912 1.796141 Tracked 76189718
-0.04463826 -0.1736364 1.801948 Tracked 76189751
-0.0540292 -0.1934738 1.801552 Tracked 76189784
-0.04898024 -0.2115241 1.805751 Tracked 76189818
-0.04928911 -0.2395049 1.802121 Tracked 76189852
-0.05403595 -0.2464914 1.801057 Tracked 76189884
-0.06165335 -0.2568891 1.802825 Tracked 76189918
-0.0740142 -0.2485168 1.798369 Tracked 76189951
-0.07516631 -0.2459157 1.798274 Tracked 76189984
-0.07354354 -0.241091 1.801518 Tracked 76190018
-0.06885007 -0.2337799 1.805347 Tracked 76190051
-0.06827366 -0.2320175 1.805834 Tracked 76190084
-0.06749299 -0.2292904 1.803452 Tracked 76190118
-0.07056119 -0.2096487 1.799812 Tracked 76190151
-0.0725136 -0.1921454 1.799051 Tracked 76190184
-0.07248717 -0.1724822 1.797835 Tracked 76190218
-0.05547353 -0.1550763 1.797719 Tracked 76190251
-0.047345 -0.1312352 1.79984 Tracked 76190284
-0.04527044 -0.1028557 1.799502 Tracked 76190318
-0.04570168 -0.04699466 1.813625 Tracked 76190350
-0.03796133 0.007724781 1.827561 Tracked 76190384
-0.03769052 0.02264621 1.828861 Tracked 76190418
-0.03747035 0.05457532 1.830212 Tracked 76190452
-0.03740733 0.07649811 1.831955 Tracked 76190484
