0.1183754 0.2343963 1.396685 Tracked 84587600
0.1183889 0.2343904 1.396714 Tracked 84587634
0.1184239 0.2343908 1.396743 Tracked 84587665
0.1184714 0.2343883 1.396778 Tracked 84587698
0.1185871 0.2343521 1.396831 Tracked 84587733
0.1189063 0.2342855 1.396907 Tracked 84587765
0.1190647 0.2342521 1.396895 Tracked 84587799
0.1194592 0.2342186 1.397054 Tracked 84587833
0.1197684 0.2342117 1.397121 Tracked 84587865
0.1199156 0.2341211 1.396891 Tracked 84587899
0.120199 0.2339966 1.396966 Tracked 84587933
0.120424 0.2338512 1.396722 Tracked 84587965
0.1205057 0.2338119 1.396782 Tracked 84587999
0.1206947 0.2337554 1.396801 Tracked 84588033
0.1208129 0.2336669 1.396719 Tracked 84588065
0.1209383 0.2335524 1.396631 Tracked 84588100
0.1210207 0.2333235 1.396346 Tracked 84588132
0.121085 0.2331982 1.396235 Tracked 84588165
0.121171 0.2330527 1.396203 Tracked 84588199
0.1213069 0.2328726 1.396168 Tracked 84588232
0.121482 0.2325493 1.395761 Tracked 84588265
0.1215225 0.2323097 1.395569 Tracked 84588298
0.1214768 0.2318788 1.394994 Tracked 84588332
0.1216353 0.231336 1.394397 Tracked 84588365
0.1217159 0.2305968 1.393042 Tracked 84588398
0.1217427 0.2291596 1.390387 Tracked 84588433
0.1215878 0.2281809 1.388738 Tracked 84588466
0.121452 0.2272568 1.387379 Tracked 84588500
0.1214361 0.2273032 1.387364 Tracked 84588532
0.1214262 0.2273275 1.387181 Tracked 84588565
0.1214186 0.223178 1.381084 Tracked 84588598
0.121396 0.2232296 1.38112 Tracked 84588632
0.1213904 0.2232433 1.381113 Tracked 84588666
0.1211044 0.2161894 1.371684 Tracked 84588699
0.1211505 0.2169095 1.372474 Tracked 84588732
0.1213147 0.2103336 1.365307 Tracked 84588765
0.1196095 0.2182898 1.338263 Tracked 84588798
0.1209039 0.2062861 1.3426 Tracked 84588832
0.1195603 0.2170044 1.335667 Tracked 84588865
0.1192801 0.217736 1.330068 Tracked 84588899
0.1189956 0.21724 1.325363 Tracked 84588932
0.1187621 0.2159975 1.320948 Tracked 84588965
0.118129 0.2098198 1.311601 Tracked 84588998
0.1181235 0.1951651 1.296665 Tracked 84589032
0.1181402 0.1950757 1.296112 Tracked 84589066
0.1179383 0.179142 1.281992 Tracked 84589098
0.1180802 0.1707647 1.274559 Tracked 84589132
0.1185178 0.1644147 1.269254 Tracked 84589165
0.1198007 0.1503151 1.258321 Tracked 84589198
0.1199041 0.1480725 1.256335 Tracked 84589234
0.1202735 0.1420588 1.250953 Tracked 84589265
0.1242428 0.1085644 1.22505 Tracked 84589299
0.1246319 0.1027023 1.220127 Tracked 84589333
0.1253508 0.09014142 1.211238 Tracked 84589365
0.1252061 0.0757526 1.201553 Tracked 84589399
0.1258527 0.06166843 1.1948 Tracked 84589432
0.1253501 0.04521172 1.187769 Tracked 84589465
0.123626 0.02954325 1.184261 Tracked 84589499
0.1218868 0.01516016 1.180126 Tracked 84589532
0.1213199 0.0002923252 1.176242 Tracked 84589565
0.1206313 -0.01172477 1.171159 Tracked 84589599
0.1250936 -0.02186485 1.167973 Tracked 84589632
0.1288903 -0.03286292 1.163879 Tracked 84589666
0.1280862 -0.04626574 1.156128 Tracked 84589700
0.1240124 -0.05872036 1.153571 Tracked 84589732
0.1256238 -0.0675049 1.149174 Tracked 84589765
0.1341618 -0.07833678 1.143694 Tracked 84589799
0.09828697 -0.021274 1.130876 Tracked 84589833
0.09471266 -0.02382269 1.124295 Tracked 84589865
0.09507187 -0.03558716 1.121388 Tracked 84589899
0.1039259 -0.0333563 1.120045 Tracked 84589933
0.1053321 -0.04360741 1.090593 Tracked 84589965
0.1052256 -0.06177633 1.117794 Tracked 84589999
0.107713 -0.0605077 1.112637 Tracked 84590033
0.1090007 -0.0626623 1.112403 Tracked 84590065
0.1127768 -0.07766639 1.111016 Tracked 84590099
0.1125732 -0.082813 1.110462 Tracked 84590132
0.1055877 -0.1344359 1.124298 Tracked 84590165
0.1730133 -0.08657156 1.15929 Tracked 84590199
0.1745521 -0.08718194 1.164477 Tracked 84590233
0.180873 -0.08932245 1.166476 Tracked 84590265
0.1863483 -0.09273764 1.179423 Tracked 84590300
0.1892238 -0.0962064 1.178357 Tracked 84590333
0.1928982 -0.112841 1.164258 Tracked 84590365
0.1945984 -0.1183273 1.16497 Tracked 84590399
0.2147112 -0.1499592 1.173699 Tracked 84590433
0.1993904 -0.1472761 1.167621 Tracked 84590465
0.1973388 -0.1500923 1.167294 Tracked 84590500
0.1963406 -0.1558672 1.162431 Tracked 84590533
0.1948506 -0.1716769 1.157988 Tracked 84590565
0.1963291 -0.1877535 1.147629 Tracked 84590599
0.1965007 -0.1881091 1.148334 Tracked 84590633
0.1965572 -0.1889742 1.149909 Tracked 84590665
0.1957716 -0.1929192 1.147856 Tracked 84590698
0.1952453 -0.1934244 1.147524 Tracked 84590732
0.194323 -0.195917 1.147375 Tracked 84590766
0.1930887 -0.1994333 1.147477 Tracked 84590799
0.1917077 -0.2008247 1.147362 Tracked 84590832
0.1900775 -0.2027598 1.148123 Tracked 84590865
0.1849499 -0.2112885 1.150536 Tracked 84590899
0.1838475 -0.2176069 1.15069 Tracked 84590933
0.1832272 -0.2228338 1.151744 Tracked 84590965
0.183422 -0.2280037 1.150652 Tracked 84590999
0.1827826 -0.2343464 1.149147 Tracked 84591033
0.1818062 -0.2381452 1.148349 Tracked 84591065
0.1812168 -0.2385677 1.148969 Tracked 84591100
0.180564 -0.2394634 1.148559 Tracked 84591132
0.1792077 -0.2404378 1.149067 Tracked 84591166
0.1786854 -0.2412414 1.150111 Tracked 84591199
0.1762665 -0.24366 1.150327 Tracked 84591233
0.1755878 -0.2450537 1.15248 Tracked 84591265
0.1750588 -0.2457255 1.153125 Tracked 84591300
0.1743347 -0.2460695 1.154004 Tracked 84591333
0.1735948 -0.2464862 1.154267 Tracked 84591366
0.1728795 -0.2473245 1.155125 Tracked 84591398
0.1720186 -0.2476297 1.155113 Tracked 84591433
0.1711768 -0.2479955 1.154742 Tracked 84591465
0.1709567 -0.2481093 1.154838 Tracked 84591499
0.1701837 -0.2483087 1.154539 Tracked 84591533
0.1695781 -0.2482014 1.154992 Tracked 84591566
0.1684983 -0.247483 1.15524 Tracked 84591599
0.1672948 -0.2466822 1.155731 Tracked 84591632
0.1665228 -0.2464418 1.155336 Tracked 84591665
0.1656336 -0.2462331 1.15647 Tracked 84591699
0.166074 -0.244686 1.157306 Tracked 84591734
0.1662418 -0.2442149 1.158002 Tracked 84591766
0.1658249 -0.243381 1.158135 Tracked 84591798
0.1657588 -0.2433131 1.158224 Tracked 84591833
0.1657109 -0.2431334 1.158272 Tracked 84591865
0.1632445 -0.2433487 1.156528 Tracked 84591899
0.1624279 -0.2431874 1.156528 Tracked 84591933
0.162342 -0.2430254 1.156392 Tracked 84591965
0.1637615 -0.242411 1.158473 Tracked 84591999
0.1639608 -0.2420851 1.15853 Tracked 84592033
0.164024 -0.242276 1.158502 Tracked 84592065
0.1638401 -0.2420157 1.158079 Tracked 84592099
0.1639262 -0.2418798 1.157887 Tracked 84592132
0.1638753 -0.2416319 1.157916 Tracked 84592165
0.1643613 -0.2410315 1.158827 Tracked 84592199
0.1648379 -0.2408043 1.158721 Tracked 84592232
0.1652531 -0.2404641 1.158665 Tracked 84592265
