0.1225786 -0.2137406 1.481518 Tracked 84587600
0.1227659 -0.2137363 1.481492 Tracked 84587634
0.1228907 -0.2137241 1.481419 Tracked 84587665
0.1230233 -0.2137498 1.481383 Tracked 84587698
0.1231778 -0.2137657 1.481364 Tracked 84587733
0.1232254 -0.2137554 1.481347 Tracked 84587765
0.1233518 -0.2137699 1.481194 Tracked 84587799
0.123394 -0.2137785 1.481188 Tracked 84587833
0.1234734 -0.2137832 1.481216 Tracked 84587865
0.1236542 -0.2138162 1.481015 Tracked 84587899
0.123791 -0.2138394 1.481033 Tracked 84587933
0.1240172 -0.213916 1.480834 Tracked 84587965
0.1241135 -0.2139259 1.480928 Tracked 84587999
0.1242529 -0.2139843 1.481002 Tracked 84588033
0.1243181 -0.2140351 1.48104 Tracked 84588065
0.1243488 -0.2140646 1.481047 Tracked 84588100
0.1244344 -0.2141279 1.480951 Tracked 84588132
0.1244582 -0.2141338 1.480966 Tracked 84588165
0.1245545 -0.214207 1.481238 Tracked 84588199
0.1246153 -0.214205 1.481439 Tracked 84588232
0.1246976 -0.2142892 1.481641 Tracked 84588265
0.1246833 -0.2144303 1.482005 Tracked 84588298
0.1247203 -0.2144862 1.482332 Tracked 84588332
0.1248052 -0.2145463 1.483289 Tracked 84588365
0.124958 -0.2146379 1.483668 Tracked 84588398
0.1249624 -0.2146722 1.483773 Tracked 84588433
0.1249852 -0.2146645 1.484719 Tracked 84588466
0.1249977 -0.2146326 1.485672 Tracked 84588500
0.1250301 -0.2145561 1.486697 Tracked 84588532
0.1251236 -0.214547 1.487458 Tracked 84588565
0.1250374 -0.2145293 1.488223 Tracked 84588598
0.125127 -0.2147986 1.489232 Tracked 84588632
0.1253726 -0.2150032 1.49064 Tracked 84588666
0.1253189 -0.2153573 1.491834 Tracked 84588699
0.1254376 -0.2155876 1.493088 Tracked 84588732
0.1255008 -0.2160587 1.494735 Tracked 84588765
0.1256938 -0.2163993 1.496034 Tracked 84588798
0.1256863 -0.2169047 1.497319 Tracked 84588832
0.1258364 -0.2173831 1.498692 Tracked 84588865
0.125989 -0.217837 1.499552 Tracked 84588899
0.1261825 -0.2184539 1.500978 Tracked 84588932
0.1266607 -0.2193742 1.503173 Tracked 84588965
0.1268462 -0.220456 1.505087 Tracked 84588998
0.1272657 -0.2223486 1.507866 Tracked 84589032
0.1277789 -0.2232452 1.509778 Tracked 84589066
0.1279419 -0.2249987 1.512414 Tracked 84589098
0.1285235 -0.2271547 1.515239 Tracked 84589132
0.1289964 -0.2286521 1.517509 Tracked 84589165
0.1300222 -0.2322288 1.521174 Tracked 84589198
0.1309714 -0.2343886 1.523465 Tracked 84589234
0.1320212 -0.2369834 1.525591 Tracked 84589265
0.1337246 -0.241753 1.528839 Tracked 84589299
0.1347821 -0.2471077 1.531023 Tracked 84589333
0.1361665 -0.2537938 1.53347 Tracked 84589365
0.1381378 -0.2619674 1.53511 Tracked 84589399
0.1392521 -0.2703523 1.536801 Tracked 84589432
0.1408164 -0.2818518 1.539192 Tracked 84589465
0.1435154 -0.2951661 1.542646 Tracked 84589499
0.1463672 -0.3068729 1.54485 Tracked 84589532
0.1477827 -0.3159429 1.547626 Tracked 84589565
0.1479164 -0.3234315 1.549535 Tracked 84589599
0.1479873 -0.3271084 1.549634 Tracked 84589632
0.1493145 -0.3311265 1.550857 Tracked 84589666
0.1536053 -0.3564395 1.560674 Tracked 84589700
0.1566782 -0.3734244 1.575887 Tracked 84589732
0.1616807 -0.3759041 1.579235 Tracked 84589765
0.174488 -0.3818259 1.582417 Tracked 84589799
0.1767633 -0.3295802 1.566894 Tracked 84589833
0.1671603 -0.3347239 1.566802 Tracked 84589865
0.1649709 -0.3412588 1.571286 Tracked 84589899
0.1637155 -0.3438956 1.56683 Tracked 84589933
0.1630286 -0.3439709 1.563189 Tracked 84589965
0.1695379 -0.3575673 1.60205 Tracked 84589999
0.1864293 -0.2664892 1.651613 Tracked 84590033
0.187299 -0.2675106 1.653315 Tracked 84590065
0.1798199 -0.4168807 1.646371 Tracked 84590099
0.1803515 -0.4253212 1.657235 Tracked 84590132
0.1854117 -0.4498599 1.678879 Tracked 84590165
0.2964828 -0.3365958 1.731855 Tracked 84590199
0.2991362 -0.3330517 1.740771 Tracked 84590233
0.3069713 -0.3300002 1.744771 Tracked 84590265
0.3064601 -0.3262013 1.750624 Tracked 84590300
0.3071312 -0.3263561 1.750718 Tracked 84590333
0.3098422 -0.3347343 1.74379 Tracked 84590365
0.3116585 -0.3400933 1.744153 Tracked 84590399
0.3284303 -0.3633299 1.748704 Tracked 84590433
0.3196771 -0.364948 1.747114 Tracked 84590465
0.315244 -0.3757468 1.748683 Tracked 84590500
0.3149747 -0.3797452 1.745962 Tracked 84590533
0.3141125 -0.3932203 1.74272 Tracked 84590565
0.3186349 -0.4085402 1.737818 Tracked 84590599
0.3200253 -0.4083581 1.738427 Tracked 84590633
0.3231828 -0.4009481 1.744412 Tracked 84590665
0.3234748 -0.4003186 1.744038 Tracked 84590698
0.3233864 -0.3977301 1.743953 Tracked 84590732
0.3233567 -0.3976163 1.744084 Tracked 84590766
0.3232009 -0.3977803 1.744298 Tracked 84590799
0.3225722 -0.3977028 1.744488 Tracked 84590832
0.3214875 -0.3980432 1.745386 Tracked 84590865
0.3171786 -0.4034165 1.748133 Tracked 84590899
0.3142389 -0.4117336 1.751967 Tracked 84590933
0.3130735 -0.4162458 1.754905 Tracked 84590965
0.3130805 -0.4198353 1.755369 Tracked 84590999
0.3126146 -0.4243092 1.755391 Tracked 84591033
0.3119457 -0.4264105 1.755164 Tracked 84591065
0.3118325 -0.4264166 1.755489 Tracked 84591100
0.3115878 -0.4262278 1.75481 Tracked 84591132
0.3109668 -0.426225 1.754747 Tracked 84591166
0.310774 -0.4263129 1.755046 Tracked 84591199
0.3183725 -0.4284011 1.753104 Tracked 84591233
0.3259598 -0.4293085 1.755098 Tracked 84591265
0.3277235 -0.4294716 1.755259 Tracked 84591300
0.3291201 -0.4292506 1.755676 Tracked 84591333
0.3294394 -0.4292389 1.755651 Tracked 84591366
0.3289863 -0.4301693 1.758213 Tracked 84591398
0.3284552 -0.430132 1.758989 Tracked 84591433
0.3279078 -0.430337 1.759646 Tracked 84591465
0.3277584 -0.4299668 1.760092 Tracked 84591499
0.3271617 -0.4299273 1.760639 Tracked 84591533
0.3262784 -0.4290882 1.762398 Tracked 84591566
0.3252167 -0.427626 1.763706 Tracked 84591599
0.3239502 -0.4253793 1.764619 Tracked 84591632
0.3236008 -0.4250883 1.764724 Tracked 84591665
0.3226713 -0.4241576 1.766208 Tracked 84591699
0.3235388 -0.4205858 1.767195 Tracked 84591734
0.324845 -0.4194032 1.767714 Tracked 84591766
0.3250832 -0.4178303 1.767599 Tracked 84591798
0.3251655 -0.417419 1.76755 Tracked 84591833
0.3253499 -0.4168074 1.767474 Tracked 84591865
0.3231768 -0.41742 1.767061 Tracked 84591899
0.3225817 -0.4170975 1.767108 Tracked 84591933
0.3225484 -0.416641 1.766877 Tracked 84591965
0.3248295 -0.415471 1.768248 Tracked 84591999
0.3256267 -0.4148197 1.768191 Tracked 84592033
0.3259563 -0.4150099 1.768038 Tracked 84592065
0.3260832 -0.414762 1.767668 Tracked 84592099
0.326495 -0.4145318 1.767405 Tracked 84592132
0.326641 -0.4141576 1.767431 Tracked 84592165
0.327406 -0.4132742 1.768168 Tracked 84592199
0.3285828 -0.4122907 1.767472 Tracked 84592232
0.3291862 -0.4118891 1.767434 Tracked 84592265
