0.120416 0.04529488 1.436736 Tracked 84587600
0.1204736 0.04529038 1.436747 Tracked 84587634
0.1205349 0.04529335 1.436742 Tracked 84587665
0.1206139 0.04528251 1.436748 Tracked 84587698
0.1207519 0.04525318 1.436764 Tracked 84587733
0.1209322 0.04523203 1.436774 Tracked 84587765
0.121083 0.04520499 1.436701 Tracked 84587799
0.121295 0.04518089 1.436754 Tracked 84587833
0.1215084 0.04517204 1.4368 Tracked 84587865
0.1216891 0.04510176 1.436571 Tracked 84587899
0.1219219 0.04502314 1.436616 Tracked 84587933
0.1221665 0.04490222 1.436382 Tracked 84587965
0.1222621 0.04487224 1.436455 Tracked 84587999
0.1224395 0.0448119 1.436498 Tracked 84588033
0.1225321 0.04474407 1.436476 Tracked 84588065
0.1226151 0.04467048 1.43644 Tracked 84588100
0.1227134 0.0445197 1.436243 Tracked 84588132
0.1227578 0.04446678 1.43621 Tracked 84588165
0.1228355 0.04436571 1.436268 Tracked 84588199
0.1229191 0.04428429 1.436315 Tracked 84588232
0.1230157 0.04413861 1.436257 Tracked 84588265
0.1230369 0.04400136 1.436269 Tracked 84588298
0.123045 0.0438542 1.436207 Tracked 84588332
0.1231161 0.04366263 1.436211 Tracked 84588365
0.123222 0.04335733 1.435964 Tracked 84588398
0.1232689 0.04272236 1.435143 Tracked 84588433
0.1232507 0.0423554 1.434853 Tracked 84588466
0.1232261 0.04197282 1.434592 Tracked 84588500
0.1232232 0.04196701 1.434625 Tracked 84588532
0.1232296 0.04194719 1.434621 Tracked 84588565
0.1231931 0.04041458 1.433107 Tracked 84588598
0.123194 0.04032388 1.433153 Tracked 84588632
0.1232219 0.04021839 1.433209 Tracked 84588666
0.1231464 0.0368631 1.43044 Tracked 84588699
0.1231815 0.03682145 1.4306 Tracked 84588732
0.1233332 0.0331979 1.428145 Tracked 84588765
0.1230502 0.03409635 1.419253 Tracked 84588798
0.1233341 0.02988995 1.41881 Tracked 84588832
0.123009 0.03226294 1.415867 Tracked 84588865
0.1228968 0.03251654 1.412143 Tracked 84588899
0.1227976 0.03219806 1.40965 Tracked 84588932
0.1228224 0.03151335 1.407748 Tracked 84588965
0.1226043 0.02857651 1.403876 Tracked 84588998
0.1227408 0.02106789 1.397547 Tracked 84589032
0.122863 0.0203146 1.396662 Tracked 84589066
0.1228052 0.01129353 1.39049 Tracked 84589098
0.1231544 0.004588596 1.386285 Tracked 84589132
0.1235585 -1.277175E-07 1.383572 Tracked 84589165
0.1246459 -0.009253598 1.379067 Tracked 84589198
0.1250814 -0.01214617 1.377713 Tracked 84589234
0.1257946 -0.01702525 1.37521 Tracked 84589265
0.1286715 -0.03541721 1.365487 Tracked 84589299
0.129553 -0.04457382 1.360392 Tracked 84589333
0.1305748 -0.05503953 1.355635 Tracked 84589365
0.13146 -0.06712498 1.350223 Tracked 84589399
0.132212 -0.07903422 1.346497 Tracked 84589432
0.1325819 -0.09340655 1.343043 Tracked 84589465
0.1327044 -0.1082222 1.341908 Tracked 84589499
0.1329464 -0.1215272 1.340275 Tracked 84589532
0.1332384 -0.1338508 1.339341 Tracked 84589565
0.1328569 -0.144001 1.337395 Tracked 84589599
0.1349514 -0.1514133 1.335608 Tracked 84589632
0.1376775 -0.1593466 1.334028 Tracked 84589666
0.1388416 -0.1765026 1.332047 Tracked 84589700
0.1376836 -0.1913906 1.336065 Tracked 84589732
0.1408185 -0.1972605 1.336025 Tracked 84589765
0.1514669 -0.207117 1.334584 Tracked 84589799
0.1321405 -0.1530549 1.32092 Tracked 84589833
0.1268814 -0.156236 1.317376 Tracked 84589865
0.1257204 -0.16518 1.317812 Tracked 84589899
0.1282345 -0.1655722 1.315759 Tracked 84589933
0.129137 -0.1704103 1.299277 Tracked 84589965
0.1330633 -0.1865846 1.330977 Tracked 84589999
0.1420177 -0.155996 1.339538 Tracked 84590033
0.1431873 -0.1561722 1.342095 Tracked 84590065
0.1437118 -0.2304289 1.34331 Tracked 84590099
0.1434863 -0.2325823 1.346422 Tracked 84590132
0.1411535 -0.2672904 1.36581 Tracked 84590165
0.2265397 -0.1938719 1.408983 Tracked 84590199
0.2284723 -0.1930082 1.41549 Tracked 84590233
0.2351618 -0.1929987 1.418291 Tracked 84590265
0.2375897 -0.1924774 1.427319 Tracked 84590300
0.2395979 -0.1942086 1.427163 Tracked 84590333
0.2433796 -0.2075766 1.416802 Tracked 84590365
0.2453153 -0.213458 1.417409 Tracked 84590399
0.2642446 -0.2417379 1.424254 Tracked 84590433
0.2521028 -0.2412665 1.42048 Tracked 84590465
0.2489981 -0.2466896 1.420633 Tracked 84590500
0.2481778 -0.2519803 1.416694 Tracked 84590533
0.2467916 -0.267124 1.412759 Tracked 84590565
0.249528 -0.2827382 1.404957 Tracked 84590599
0.2500442 -0.2830293 1.405789 Tracked 84590633
0.2507924 -0.2821023 1.408187 Tracked 84590665
0.2508174 -0.2826318 1.407667 Tracked 84590698
0.2506402 -0.282399 1.407559 Tracked 84590732
0.2504042 -0.282864 1.407598 Tracked 84590766
0.2497552 -0.2844113 1.407798 Tracked 84590799
0.248722 -0.2851071 1.40781 Tracked 84590832
0.2472768 -0.2864287 1.408601 Tracked 84590865
0.2422903 -0.2940074 1.411125 Tracked 84590899
0.240483 -0.3012389 1.412591 Tracked 84590933
0.2395968 -0.3062786 1.414452 Tracked 84590965
0.2396833 -0.3108157 1.414101 Tracked 84590999
0.239103 -0.3164301 1.413289 Tracked 84591033
0.2382423 -0.319524 1.412731 Tracked 84591065
0.237965 -0.3197023 1.41315 Tracked 84591100
0.2375633 -0.3200233 1.412664 Tracked 84591132
0.2365302 -0.3205256 1.412859 Tracked 84591166
0.2361241 -0.3210129 1.413552 Tracked 84591199
0.2365617 -0.3223482 1.413296 Tracked 84591233
0.2384349 -0.3237369 1.415017 Tracked 84591265
0.238964 -0.32427 1.415395 Tracked 84591300
0.2392871 -0.3244682 1.415888 Tracked 84591333
0.2393135 -0.3246259 1.415966 Tracked 84591366
0.2389814 -0.3257256 1.417517 Tracked 84591398
0.2385849 -0.3259295 1.417822 Tracked 84591433
0.2381669 -0.3262307 1.417953 Tracked 84591465
0.2380782 -0.326247 1.41814 Tracked 84591499
0.2376088 -0.3263889 1.41825 Tracked 84591533
0.2369712 -0.3261462 1.419165 Tracked 84591566
0.2360167 -0.3252893 1.419839 Tracked 84591599
0.2348545 -0.324047 1.420556 Tracked 84591632
0.2343568 -0.3238118 1.420475 Tracked 84591665
0.2334472 -0.3233256 1.421818 Tracked 84591699
0.2340662 -0.3210144 1.422791 Tracked 84591734
0.2346209 -0.3203021 1.423443 Tracked 84591766
0.2344687 -0.3192 1.42351 Tracked 84591798
0.2344562 -0.3190305 1.423566 Tracked 84591833
0.2344923 -0.3186761 1.423587 Tracked 84591865
0.2322914 -0.3190119 1.422523 Tracked 84591899
0.2315829 -0.3187563 1.42254 Tracked 84591933
0.2315137 -0.3184664 1.42236 Tracked 84591965
0.2332705 -0.3175955 1.4241 Tracked 84591999
0.2336942 -0.31712 1.424123 Tracked 84592033
0.2338498 -0.3172935 1.424055 Tracked 84592065
0.2338178 -0.3170327 1.423663 Tracked 84592099
0.2340321 -0.3168491 1.423438 Tracked 84592132
0.2340641 -0.3165448 1.423465 Tracked 84592165
0.2346863 -0.3158071 1.4243 Tracked 84592199
0.2354484 -0.3153012 1.423989 Tracked 84592232
0.2359713 -0.3149066 1.42393 Tracked 84592265
