-0.02071755 0.2177506 1.748882 Tracked 76466385
-0.02050181 0.2177931 1.748937 Tracked 76466418
-0.02047073 0.2178 1.748943 Tracked 76466452
-0.0203612 0.2177986 1.749038 Tracked 76466484
-0.02022255 0.2179014 1.749295 Tracked 76466518
-0.02016965 0.2179032 1.749302 Tracked 76466552
-0.02009358 0.2179239 1.749327 Tracked 76466584
-0.01993328 0.2179644 1.74951 Tracked 76466618
-0.01985011 0.2179858 1.749593 Tracked 76466652
-0.01978911 0.218036 1.749699 Tracked 76466684
-0.01963447 0.2180163 1.749768 Tracked 76466724
-0.01960094 0.2180247 1.749773 Tracked 76466759
-0.0195488 0.2180291 1.749788 Tracked 76466787
-0.01952088 0.2180492 1.749825 Tracked 76466822
-0.01951317 0.218075 1.749826 Tracked 76466861
-0.01945884 0.2181199 1.749902 Tracked 76466890
-0.01936108 0.218109 1.749867 Tracked 76466920
-0.01930129 0.2181413 1.749903 Tracked 76466952
-0.01925394 0.2181765 1.749901 Tracked 76466984
-0.01910657 0.2182064 1.749917 Tracked 76467018
-0.01900881 0.21825 1.749888 Tracked 76467051
-0.01883885 0.2182676 1.749868 Tracked 76467084
-0.01864496 0.2182876 1.749861 Tracked 76467118
-0.01851485 0.218306 1.749715 Tracked 76467156
-0.01836108 0.2182938 1.749619 Tracked 76467189
-0.01822202 0.2182921 1.749348 Tracked 76467222
-0.01810129 0.2183461 1.749215 Tracked 76467256
-0.0179989 0.2183903 1.749099 Tracked 76467289
-0.01767086 0.2184811 1.748654 Tracked 76467320
-0.01748119 0.2186987 1.748401 Tracked 76467352
-0.01726601 0.2188677 1.748137 Tracked 76467384
-0.01674233 0.2191943 1.747591 Tracked 76467418
-0.01637902 0.2194064 1.746999 Tracked 76467451
-0.01584017 0.2197345 1.746707 Tracked 76467485
-0.01482483 0.2204833 1.745834 Tracked 76467518
-0.01290818 0.2210972 1.744784 Tracked 76467551
-0.01081591 0.221269 1.743147 Tracked 76467585
-0.008257559 0.2216941 1.741526 Tracked 76467618
-0.005271845 0.2211863 1.739788 Tracked 76467652
-0.0006936556 0.2183678 1.737818 Tracked 76467685
0.005411698 0.2138313 1.735453 Tracked 76467725
0.005817668 0.2112256 1.736268 Tracked 76467753
0.01914113 0.1859691 1.729196 Tracked 76467785
0.02112547 0.1770887 1.729268 Tracked 76467818
0.03330516 0.136438 1.72467 Tracked 76467852
0.03621099 0.1164633 1.722527 Tracked 76467884
0.0412055 0.08432384 1.720355 Tracked 76467919
0.04579046 0.05893666 1.719339 Tracked 76467952
0.04337026 0.03976442 1.720488 Tracked 76467985
0.0478404 0.002477149 1.717192 Tracked 76468019
0.04657469 -0.0165519 1.716057 Tracked 76468052
0.04279834 -0.02584066 1.714369 Tracked 76468084
0.03553041 -0.04087261 1.71095 Tracked 76468118
0.03268974 -0.05238354 1.708846 Tracked 76468151
0.02913156 -0.06534474 1.706559 Tracked 76468185
0.02385296 -0.07185666 1.704532 Tracked 76468218
0.02012412 -0.08751757 1.70203 Tracked 76468252
0.01599437 -0.09419811 1.700392 Tracked 76468285
0.0147106 -0.1034448 1.699233 Tracked 76468318
0.01352059 -0.1072718 1.698518 Tracked 76468352
0.01175291 -0.1126986 1.697463 Tracked 76468384
0.01167097 -0.1140479 1.696847 Tracked 76468418
0.01188727 -0.1147435 1.696565 Tracked 76468451
0.01200011 -0.1141942 1.696301 Tracked 76468484
0.01309824 -0.1079733 1.695564 Tracked 76468518
0.01538449 -0.09730584 1.695205 Tracked 76468552
0.02539006 -0.07684828 1.696776 Tracked 76468584
0.04203345 -0.05293239 1.714185 Tracked 76468618
0.04302813 -0.04527631 1.709373 Tracked 76468652
0.046016 -0.01916172 1.705185 Tracked 76468684
0.04457456 0.01782641 1.70694 Tracked 76468719
0.04838758 0.03321274 1.706836 Tracked 76468751
0.05236197 0.03777225 1.706351 Tracked 76468785
0.0579036 0.08029534 1.70698 Tracked 76468818
0.05743816 0.09751031 1.707194 Tracked 76468852
0.05536018 0.116687 1.707308 Tracked 76468885
0.05024574 0.1423045 1.707774 Tracked 76468924
0.04560997 0.160778 1.710071 Tracked 76468959
0.04186859 0.1730945 1.711782 Tracked 76468990
0.03802571 0.185912 1.711754 Tracked 76469020
0.03502284 0.1949514 1.712934 Tracked 76469052
0.03338702 0.2013503 1.713327 Tracked 76469085
0.03230238 0.2064236 1.71399 Tracked 76469119
0.03123957 0.2093039 1.714336 Tracked 76469155
0.03034653 0.2128607 1.714713 Tracked 76469185
0.02984555 0.2140222 1.714891 Tracked 76469218
0.02947412 0.2153788 1.715235 Tracked 76469252
0.02915443 0.2162581 1.715258 Tracked 76469285
0.02902398 0.2167902 1.715243 Tracked 76469318
0.028817 0.2180175 1.715626 Tracked 76469351
0.0286354 0.2187013 1.715636 Tracked 76469383
0.02859502 0.2191838 1.715763 Tracked 76469418
0.02859109 0.2196753 1.715788 Tracked 76469451
0.02884545 0.2201049 1.715778 Tracked 76469484
0.02900629 0.2203855 1.715546 Tracked 76469521
0.02972825 0.2209185 1.715041 Tracked 76469554
0.0308005 0.2212031 1.714466 Tracked 76469586
0.03322269 0.2213215 1.713044 Tracked 76469619
0.03620436 0.220352 1.711644 Tracked 76469652
0.0407474 0.2173973 1.709166 Tracked 76469684
0.04756564 0.2092498 1.706481 Tracked 76469719
0.05340655 0.1997444 1.703396 Tracked 76469753
0.06095424 0.1798044 1.697728 Tracked 76469785
0.07000986 0.1551972 1.694108 Tracked 76469819
0.07603846 0.1300651 1.693223 Tracked 76469851
0.07697581 0.09610317 1.692741 Tracked 76469884
0.08030435 0.07385592 1.691625 Tracked 76469918
0.07674798 0.04548168 1.690737 Tracked 76469951
0.07551479 0.0096779 1.690644 Tracked 76469984
0.07004011 -0.01700697 1.69137 Tracked 76470018
0.06400034 -0.02685893 1.690597 Tracked 76470051
0.05395887 -0.04276254 1.689221 Tracked 76470084
0.04621406 -0.06017573 1.688761 Tracked 76470118
0.03752737 -0.07415697 1.689136 Tracked 76470151
0.0338138 -0.09285373 1.687663 Tracked 76470184
0.02317462 -0.0982268 1.687062 Tracked 76470218
0.01849055 -0.1068541 1.687651 Tracked 76470251
0.0150523 -0.1113764 1.687494 Tracked 76470285
0.01344082 -0.1131739 1.687579 Tracked 76470318
0.0119214 -0.1126662 1.687852 Tracked 76470352
0.009923656 -0.1088958 1.688728 Tracked 76470384
0.009533227 -0.103285 1.689966 Tracked 76470418
0.008174661 -0.08500791 1.692262 Tracked 76470452
0.01493776 -0.07327667 1.696811 Tracked 76470485
0.02107985 -0.05586436 1.702129 Tracked 76470518
0.02453493 -0.03009983 1.706289 Tracked 76470551
0.02738956 -0.001289263 1.70882 Tracked 76470584
0.0297351 0.02988168 1.710342 Tracked 76470619
0.03424586 0.04276785 1.709942 Tracked 76470652
0.03961174 0.07065959 1.710433 Tracked 76470685
0.03805348 0.09282776 1.711898 Tracked 76470719
0.03610313 0.1169814 1.71139 Tracked 76470752
0.03184739 0.1395796 1.712823 Tracked 76470785
0.03079293 0.1560292 1.712672 Tracked 76470819
0.0276112 0.1712574 1.713419 Tracked 76470852
0.02460462 0.1797158 1.713418 Tracked 76470885
0.021708 0.1903583 1.714004 Tracked 76470919
0.01951201 0.1979065 1.713805 Tracked 76470952
0.01861198 0.2018857 1.713212 Tracked 76470985
0.01744887 0.2043448 1.71296 Tracked 76471019
0.01640747 0.2060559 1.713073 Tracked 76471052
0.01523365 0.2076516 1.713035 Tracked 76471085
0.01361314 0.209337 1.713157 Tracked 76471118
0.01244924 0.210823 1.712833 Tracked 76471152
0.01162836 0.2115727 1.712901 Tracked 76471185
0.01092931 0.2119529 1.712726 Tracked 76471219
0.01019968 0.2129456 1.712837 Tracked 76471252
0.009356076 0.213695 1.712934 Tracked 76471289
0.008860157 0.2144305 1.71282 Tracked 76471321
0.00860003 0.2149911 1.712847 Tracked 76471352
0.008445638 0.2157803 1.712863 Tracked 76471385
0.008532677 0.216494 1.71297 Tracked 76471422
0.008981376 0.2171953 1.71286 Tracked 76471458
0.01011259 0.218032 1.712768 Tracked 76471487
0.01162582 0.2182326 1.71257 Tracked 76471523
0.01420999 0.2170865 1.712038 Tracked 76471555
0.02073204 0.2114046 1.710538 Tracked 76471588
0.02792269 0.2013783 1.70823 Tracked 76471623
0.03558577 0.1872397 1.705493 Tracked 76471658
0.0397445 0.165866 1.704493 Tracked 76471692
0.04538854 0.1337596 1.704696 Tracked 76471723
0.04869422 0.1092872 1.706213 Tracked 76471753
0.04998406 0.07542669 1.708405 Tracked 76471785
0.04873611 0.05126022 1.709758 Tracked 76471818
0.04673925 0.02539905 1.709829 Tracked 76471852
0.04397627 -0.0005407796 1.712165 Tracked 76471885
0.04130667 -0.03057268 1.710057 Tracked 76471918
0.03588091 -0.04048725 1.710237 Tracked 76471951
0.0289317 -0.05458698 1.71137 Tracked 76471984
0.0217847 -0.0692814 1.710071 Tracked 76472018
0.01279393 -0.08006977 1.708966 Tracked 76472051
0.005397359 -0.08784635 1.709236 Tracked 76472084
-0.0006828208 -0.09503384 1.709134 Tracked 76472118
-0.003708362 -0.09983405 1.708413 Tracked 76472151
-0.005839847 -0.1022679 1.708532 Tracked 76472185
-0.00676278 -0.1031839 1.708853 Tracked 76472219
-0.007086575 -0.103388 1.709184 Tracked 76472252
-0.007494139 -0.1022189 1.70947 Tracked 76472284
-0.007954361 -0.09625552 1.710156 Tracked 76472318
-0.00508793 -0.08260248 1.7138 Tracked 76472351
0.002359414 -0.07013518 1.71893 Tracked 76472384
0.004506114 -0.04040374 1.723868 Tracked 76472418
0.008478925 -0.02660004 1.724386 Tracked 76472452
0.01541557 0.007302518 1.725965 Tracked 76472484
0.01823514 0.03213741 1.724161 Tracked 76472518
0.02320324 0.0488343 1.725425 Tracked 76472552
0.02623751 0.07967993 1.724891 Tracked 76472585
0.02682014 0.09746054 1.723575 Tracked 76472619
0.02359181 0.1364228 1.74328 Tracked 76472652
0.02365746 0.1361388 1.740301 Tracked 76472685
0.01585292 0.172749 1.729615 Tracked 76472719
0.01447104 0.1782778 1.728265 Tracked 76472752
0.01138273 0.1896578 1.726172 Tracked 76472785
0.009101639 0.196163 1.725376 Tracked 76472819
0.006969947 0.2017813 1.72479 Tracked 76472852
0.005315222 0.2046642 1.723673 Tracked 76472885
0.003472506 0.2064442 1.722791 Tracked 76472918
0.0009784228 0.2085174 1.72139 Tracked 76472952
-0.001219805 0.2099816 1.720295 Tracked 76472984
-0.00298692 0.2110793 1.719922 Tracked 76473019
-0.005278913 0.2122187 1.719203 Tracked 76473051
-0.006779238 0.2129619 1.718787 Tracked 76473084
-0.007989239 0.2134349 1.718612 Tracked 76473119
-0.009253702 0.2139351 1.718256 Tracked 76473152
-0.01020388 0.2143583 1.717938 Tracked 76473186
-0.01104485 0.2146842 1.717522 Tracked 76473218
-0.01144592 0.2149879 1.717456 Tracked 76473252
-0.01163808 0.2153666 1.717147 Tracked 76473284
-0.01154558 0.2157281 1.716899 Tracked 76473319
-0.0108231 0.2162469 1.716316 Tracked 76473352
-0.008789821 0.2167545 1.715293 Tracked 76473384
-0.005519987 0.2167601 1.714528 Tracked 76473419
-8.32381E-05 0.215799 1.712819 Tracked 76473452
0.005526237 0.2125085 1.711137 Tracked 76473484
0.01711059 0.2013114 1.708646 Tracked 76473518
0.02357041 0.189283 1.706464 Tracked 76473552
0.03584897 0.1663366 1.703699 Tracked 76473585
0.04555337 0.1376883 1.698211 Tracked 76473618
0.05346134 0.1050546 1.698647 Tracked 76473652
0.06159643 0.05739435 1.69755 Tracked 76473684
0.05993968 0.04662792 1.698035 Tracked 76473719
0.05742428 0.003322873 1.697452 Tracked 76473754
0.05437175 -0.006443728 1.697132 Tracked 76473791
0.04723898 -0.03385791 1.695202 Tracked 76473827
0.04290776 -0.05351912 1.692419 Tracked 76473855
0.03595313 -0.07078648 1.689656 Tracked 76473885
0.02653561 -0.08736224 1.688688 Tracked 76473919
0.02137598 -0.1018925 1.686399 Tracked 76473952
0.0167208 -0.1120766 1.683524 Tracked 76473986
0.01611368 -0.1237719 1.682861 Tracked 76474019
0.01385263 -0.1291308 1.682638 Tracked 76474052
0.01279971 -0.1311257 1.682603 Tracked 76474085
0.01275325 -0.132681 1.68293 Tracked 76474119
0.01268107 -0.1326355 1.683044 Tracked 76474157
0.012005 -0.1280267 1.683529 Tracked 76474192
0.01089553 -0.1144233 1.685836 Tracked 76474227
0.0132565 -0.09503448 1.685406 Tracked 76474261
0.02637825 -0.06550646 1.705526 Tracked 76474287
0.03289168 -0.0489481 1.709818 Tracked 76474318
0.04105533 -0.02624422 1.714345 Tracked 76474352
0.03911215 0.01454272 1.703447 Tracked 76474384
0.03957694 0.04347508 1.702868 Tracked 76474421
0.04448843 0.05714646 1.704323 Tracked 76474455
0.04676322 0.09699215 1.705728 Tracked 76474486
0.04342408 0.1135726 1.706869 Tracked 76474519
0.03499563 0.1595897 1.731174 Tracked 76474552
0.03098195 0.1553307 1.726723 Tracked 76474585
0.02627967 0.183252 1.720535 Tracked 76474618
0.02383244 0.1905677 1.719986 Tracked 76474654
0.01988709 0.1982514 1.72025 Tracked 76474688
0.01791663 0.2068346 1.721294 Tracked 76474719
0.01622601 0.2107194 1.721776 Tracked 76474752
0.01416907 0.2135062 1.722342 Tracked 76474785
0.01238664 0.2148842 1.722927 Tracked 76474819
0.01119612 0.2160208 1.723188 Tracked 76474852
0.01001588 0.2169699 1.723424 Tracked 76474885
0.008982485 0.2176513 1.723716 Tracked 76474918
0.008493796 0.2179564 1.723794 Tracked 76474952
0.007878515 0.2182877 1.723654 Tracked 76474984
0.007611404 0.218582 1.723629 Tracked 76475019
0.007370408 0.2189422 1.723304 Tracked 76475056
0.007372302 0.219286 1.72281 Tracked 76475091
0.007745531 0.2198157 1.722228 Tracked 76475126
0.009231604 0.2203938 1.721026 Tracked 76475153
0.01232698 0.2210108 1.719319 Tracked 76475186
0.01715306 0.2213603 1.716874 Tracked 76475219
0.02397532 0.2196475 1.713283 Tracked 76475253
0.03028766 0.2164608 1.710724 Tracked 76475286
0.04032274 0.2082071 1.707455 Tracked 76475320
0.04921228 0.1973168 1.705136 Tracked 76475353
0.05900605 0.1784667 1.699086 Tracked 76475386
0.06849352 0.1538969 1.694783 Tracked 76475419
0.07773127 0.1196366 1.693099 Tracked 76475453
0.08573734 0.08065651 1.693557 Tracked 76475486
0.08687261 0.06554414 1.693799 Tracked 76475520
0.08619101 0.02055342 1.692291 Tracked 76475554
0.08276345 -0.007433661 1.691737 Tracked 76475586
0.07734703 -0.02234865 1.689864 Tracked 76475619
0.0704694 -0.03980952 1.68829 Tracked 76475653
0.06249807 -0.05709575 1.685697 Tracked 76475686
0.05624731 -0.07609991 1.6841 Tracked 76475719
0.05368738 -0.09828299 1.683882 Tracked 76475753
0.04990033 -0.1102837 1.684598 Tracked 76475785
0.04389581 -0.1176603 1.68268 Tracked 76475818
0.04418879 -0.1228681 1.68694 Tracked 76475851
0.04450989 -0.1273086 1.690134 Tracked 76475885
0.04369274 -0.1286512 1.690781 Tracked 76475918
0.04213832 -0.1293861 1.691916 Tracked 76475952
0.04091456 -0.1280898 1.692815 Tracked 76475984
0.03907156 -0.1215579 1.694268 Tracked 76476029
0.03552546 -0.1047004 1.695458 Tracked 76476058
0.03112071 -0.08685125 1.685014 Tracked 76476091
0.03680077 -0.07763217 1.685395 Tracked 76476124
0.04263948 -0.06073374 1.687997 Tracked 76476158
0.04673791 -0.03782501 1.691642 Tracked 76476188
0.04929478 -0.008035534 1.694939 Tracked 76476219
0.05356204 0.02357079 1.695784 Tracked 76476253
0.05583305 0.03567769 1.695757 Tracked 76476286
0.05888405 0.07711679 1.697011 Tracked 76476319
0.05740899 0.09495274 1.69661 Tracked 76476353
0.05303255 0.1200866 1.696775 Tracked 76476386
0.04734798 0.1455452 1.696106 Tracked 76476420
0.04282299 0.1648627 1.698059 Tracked 76476454
0.03797816 0.1778268 1.697699 Tracked 76476486
0.03317092 0.1900112 1.698262 Tracked 76476520
0.03023323 0.1984994 1.6985 Tracked 76476553
0.02755304 0.2041009 1.69786 Tracked 76476586
0.02478927 0.2082898 1.69795 Tracked 76476621
0.02186337 0.2118777 1.697718 Tracked 76476652
0.01903398 0.2136374 1.69765 Tracked 76476684
0.0165248 0.2152328 1.697606 Tracked 76476719
0.01427939 0.215884 1.697396 Tracked 76476752
0.01220841 0.2164819 1.697238 Tracked 76476785
0.009937746 0.2169119 1.69675 Tracked 76476819
0.007988058 0.2170491 1.696534 Tracked 76476853
0.006399666 0.2171676 1.69638 Tracked 76476886
0.005549135 0.2173333 1.696042 Tracked 76476919
0.004836793 0.2175352 1.695763 Tracked 76476952
0.004371549 0.2178321 1.695582 Tracked 76476985
0.004261244 0.2180545 1.695494 Tracked 76477018
0.004541785 0.2184757 1.69493 Tracked 76477052
0.005666285 0.2190034 1.693972 Tracked 76477085
0.008267255 0.2192643 1.693178 Tracked 76477119
0.0116017 0.2187729 1.691598 Tracked 76477152
0.01899633 0.2146387 1.68899 Tracked 76477185
0.02723349 0.2066644 1.686637 Tracked 76477218
0.03574802 0.1933876 1.683366 Tracked 76477252
0.04435664 0.1769 1.678238 Tracked 76477285
0.05933776 0.1371782 1.674322 Tracked 76477319
0.06397229 0.1126718 1.672071 Tracked 76477352
0.07077782 0.07526933 1.670907 Tracked 76477385
0.07189826 0.05399995 1.671289 Tracked 76477419
0.07175025 0.00789531 1.668453 Tracked 76477451
0.06833304 -0.001424326 1.668371 Tracked 76477485
0.0601147 -0.03001859 1.666473 Tracked 76477518
0.05718866 -0.04687004 1.664549 Tracked 76477552
0.05336638 -0.06868404 1.664055 Tracked 76477585
0.0469228 -0.07750224 1.661612 Tracked 76477619
0.04474174 -0.100322 1.654237 Tracked 76477652
0.03992119 -0.1093266 1.651706 Tracked 76477684
0.03739314 -0.117676 1.650993 Tracked 76477719
0.03703763 -0.1226025 1.649478 Tracked 76477751
0.03696258 -0.1253313 1.648526 Tracked 76477784
0.03763869 -0.1285889 1.647415 Tracked 76477818
0.03688076 -0.1301155 1.647344 Tracked 76477852
0.03720335 -0.1298807 1.647005 Tracked 76477884
0.03591936 -0.1252999 1.647344 Tracked 76477918
0.03381207 -0.1195258 1.648701 Tracked 76477952
0.03079451 -0.1004619 1.651797 Tracked 76477984
0.03132133 -0.08492616 1.652819 Tracked 76478018
0.04227028 -0.05185214 1.672071 Tracked 76478052
0.04017656 -0.04014303 1.667712 Tracked 76478085
0.04540858 -0.02482618 1.668316 Tracked 76478118
0.05001833 0.009531165 1.671078 Tracked 76478152
0.05167044 0.0399502 1.673149 Tracked 76478185
0.05450969 0.05170174 1.672713 Tracked 76478219
0.05277099 0.09078085 1.673978 Tracked 76478252
0.04637301 0.117502 1.675186 Tracked 76478285
0.04460936 0.1338398 1.673218 Tracked 76478319
0.03797033 0.1556424 1.674171 Tracked 76478352
0.03418852 0.1683668 1.67379 Tracked 76478386
0.02858173 0.1790252 1.67545 Tracked 76478419
0.02233386 0.190334 1.677613 Tracked 76478452
0.01759513 0.1967073 1.678325 Tracked 76478486
0.01498889 0.2004863 1.678655 Tracked 76478518
0.01213396 0.2038443 1.678866 Tracked 76478553
0.009219338 0.2060921 1.67928 Tracked 76478588
0.006147075 0.2077358 1.679611 Tracked 76478622
0.003543335 0.2091257 1.680041 Tracked 76478655
0.0008061333 0.210503 1.680253 Tracked 76478689
-0.001396352 0.2113762 1.680645 Tracked 76478720
-0.003108714 0.2120993 1.680834 Tracked 76478753
-0.00451048 0.2127123 1.681025 Tracked 76478786
-0.005177709 0.2130212 1.680738 Tracked 76478819
-0.005476471 0.213346 1.680612 Tracked 76478852
-0.005494413 0.2135689 1.680486 Tracked 76478885
-0.005204942 0.2137978 1.680365 Tracked 76478919
-0.004143795 0.2142143 1.679986 Tracked 76478952
-0.00191766 0.2140578 1.678921 Tracked 76478985
0.001593141 0.213509 1.677795 Tracked 76479018
0.006632726 0.2110763 1.675894 Tracked 76479053
0.01532782 0.2045559 1.674066 Tracked 76479085
0.02627504 0.1934148 1.671806 Tracked 76479119
0.0380573 0.1759019 1.668472 Tracked 76479152
0.05237159 0.1506205 1.664611 Tracked 76479186
0.06319425 0.1067374 1.663783 Tracked 76479218
0.07099929 0.0708722 1.666009 Tracked 76479252
0.07519714 0.04859544 1.665001 Tracked 76479286
0.07962967 0.003071354 1.661492 Tracked 76479319
0.08064205 -0.0137763 1.65866 Tracked 76479352
0.07553425 -0.03447955 1.66087 Tracked 76479385
0.07109588 -0.05102283 1.658086 Tracked 76479418
0.06685243 -0.07071766 1.656127 Tracked 76479452
0.06574462 -0.09526753 1.654076 Tracked 76479484
0.06071745 -0.1048082 1.652899 Tracked 76479518
0.05909171 -0.1107207 1.650076 Tracked 76479551
0.05713492 -0.1267402 1.650101 Tracked 76479584
0.05606984 -0.1291056 1.649545 Tracked 76479618
0.05610926 -0.130155 1.648457 Tracked 76479652
0.05709692 -0.1316443 1.648296 Tracked 76479684
0.05685972 -0.1318046 1.648544 Tracked 76479718
0.0577084 -0.1290836 1.64808 Tracked 76479752
0.05749532 -0.1225957 1.648723 Tracked 76479785
0.05616324 -0.1139646 1.650418 Tracked 76479818
0.05635377 -0.102835 1.651326 Tracked 76479852
0.05602299 -0.08468099 1.65306 Tracked 76479885
0.06091831 -0.06693544 1.657056 Tracked 76479918
0.06335985 -0.04834897 1.658146 Tracked 76479952
0.0683234 -0.0384878 1.662321 Tracked 76479985
0.07095538 -0.01707131 1.667384 Tracked 76480019
0.07277873 0.0204251 1.674079 Tracked 76480064
0.07171003 0.04692902 1.674522 Tracked 76480085
0.07358515 0.05562016 1.674567 Tracked 76480118
0.07437339 0.08613027 1.675803 Tracked 76480152
0.06948814 0.114147 1.675427 Tracked 76480186
0.06643 0.1337459 1.674063 Tracked 76480219
0.06334604 0.1451843 1.672645 Tracked 76480252
0.05221151 0.1725987 1.677198 Tracked 76480285
0.04721862 0.1815543 1.678639 Tracked 76480318
0.04171543 0.1902659 1.679053 Tracked 76480352
0.03715696 0.1971315 1.680626 Tracked 76480385
0.03443282 0.2011881 1.680864 Tracked 76480419
0.03184659 0.2039756 1.681348 Tracked 76480452
0.02901878 0.206085 1.681547 Tracked 76480485
0.02676857 0.2078418 1.681557 Tracked 76480519
0.02450847 0.2089998 1.681281 Tracked 76480552
0.02251948 0.2098488 1.681473 Tracked 76480585
0.02039 0.2104445 1.681544 Tracked 76480618
0.01872298 0.2108487 1.681735 Tracked 76480652
0.01735757 0.2111858 1.682 Tracked 76480685
0.01648938 0.2116717 1.68227 Tracked 76480718
0.01616634 0.2121245 1.682346 Tracked 76480752
0.01604297 0.2124067 1.68246 Tracked 76480785
0.01620766 0.2127673 1.682463 Tracked 76480819
0.01678809 0.2130887 1.682344 Tracked 76480852
0.01891303 0.2130898 1.682322 Tracked 76480885
0.02208838 0.211951 1.681728 Tracked 76480919
0.0265294 0.2085461 1.680866 Tracked 76480952
0.03439865 0.199392 1.679767 Tracked 76480985
0.04329662 0.1857696 1.679332 Tracked 76481019
0.05416026 0.160425 1.674513 Tracked 76481063
0.06531446 0.1230586 1.674303 Tracked 76481085
0.07093123 0.09629614 1.674907 Tracked 76481119
0.07732995 0.06307034 1.675601 Tracked 76481156
0.07486479 0.03587048 1.676144 Tracked 76481189
0.07064164 -0.01124148 1.675931 Tracked 76481223
0.06853456 -0.00918539 1.676864 Tracked 76481253
0.05951181 -0.03882078 1.676623 Tracked 76481286
0.05199362 -0.0479071 1.674492 Tracked 76481318
0.04542648 -0.06893563 1.675078 Tracked 76481356
0.04469847 -0.1016943 1.670088 Tracked 76481389
0.0382642 -0.112276 1.667894 Tracked 76481423
0.03336988 -0.1219499 1.668532 Tracked 76481457
0.03693539 -0.1287087 1.67346 Tracked 76481491
0.03407185 -0.1339714 1.677629 Tracked 76481519
0.03261143 -0.1357331 1.679347 Tracked 76481554
0.03261872 -0.1371578 1.680564 Tracked 76481586
0.03089325 -0.1373129 1.683339 Tracked 76481624
0.03036968 -0.1362363 1.684923 Tracked 76481656
0.03026628 -0.1342447 1.686344 Tracked 76481688
0.03022651 -0.1265553 1.69031 Tracked 76481719
0.03056337 -0.1143128 1.691951 Tracked 76481752
0.02625622 -0.0925011 1.683625 Tracked 76481787
0.03121505 -0.07762635 1.683973 Tracked 76481822
0.03669545 -0.06375801 1.688562 Tracked 76481855
0.04378621 -0.04147981 1.691523 Tracked 76481889
0.04626089 -0.02301433 1.692782 Tracked 76481920
0.04704806 0.0217174 1.696533 Tracked 76481952
0.04803981 0.03505445 1.696946 Tracked 76481986
0.05106382 0.05208108 1.697597 Tracked 76482020
0.04976377 0.07950519 1.700204 Tracked 76482052
0.04492979 0.1045933 1.698787 Tracked 76482097
0.03835971 0.1441981 1.71696 Tracked 76482118
0.03505478 0.144039 1.712899 Tracked 76482153
0.02697514 0.1759355 1.704479 Tracked 76482185
0.02415263 0.1848737 1.704104 Tracked 76482219
0.01991685 0.1969132 1.705204 Tracked 76482252
0.01677826 0.2032745 1.704876 Tracked 76482285
0.01339779 0.2081978 1.704469 Tracked 76482319
0.009943498 0.2111498 1.704588 Tracked 76482352
0.006823545 0.2129253 1.704152 Tracked 76482385
0.004629259 0.2140839 1.703992 Tracked 76482421
0.002639874 0.2146441 1.703756 Tracked 76482455
0.0004231961 0.2145857 1.703876 Tracked 76482488
