680483016
680483051
680483126
680483207
680483269
680483341
680483394
680483454
680483529
680483612
680483663
680483731
680483791
680483858
680483944
680483998
680484068
680484134
680484191
680484284
680484345
680484402
680484476
680484528
680484601
680484681
680484741
680484806
680484871
680484935
680485008
680485081
680485135
680485211
680485263
680485338
680485418
680485471
680485544
680485606
680485672
680485754
680485811
680485872
680485947
680486000
680486092
680486155
680486212
680486282
680486335
680486410
680486495
680486541
680486613
680486672
680486743
680486829
680486880
680486952
680487007
680487078
680487146
680487217
680487290
680487351
680487421
680487480
680487562
680487629
680487680
680487754
680487806
680487898
680487954
680488028
680488080
680488141
680488215
680488292
680488360
680488425
680488482
680488553
680488634
680488697
680488751
680488828
680488887
680488955
680489033
680489091
680489165
680489226
680489280
680489372
680489431
680489486
680489562
680489621
680489709
680489758
680489824
680489898
680489960
680490028
680490100
680490163
680490227
680490299
680490350
680490429
680490506
680490562
680490634
680490689
680490779
680490834
680490898
680490958
680491024
680491085
680491175
680491229
680491294
680491364
680491431
680491505
680491571
680491634
680491706
680491774
680491842
680491907
680491981
680492032
680492100
680492167
680492244
680492312
680492370
680492441
680492498
680492585
680492642
680492707
680492764
680492837
680492896
680492987
680493049
680493103
680493182
680493229
680493324
680493381
680493447
680493501
680493573
680493658
680493714
680493788
680493840
680493904
680493969
680494057
680494112
680494176
680494249
680494303
680494391
680494448
680494523
680494577
680494646
680494722
680494785
680494861
680494925
680494977
680495042
680495133
680495185
680495258
680495316
680495380
680495466
680495519
680495595
680495655
680495715
680495786
680495853
680495916
680495997
680496051
680496110
680496199
680496265
680496327
680496396
680496444
680496541
680496593
680496663
680496719
680496787
680496845
680496937
680496990
680497058
680497120
680497195
680497270
680497333
680497390
680497468
680497526
680497585
680497675
680497732
680497795
680497858
680497931
680498010
680498066
680498141
680498194
680498252
680498345
680498396
680498475
680498529
680498591
680498667
680498733
680498794
680498867
680498927
680498999
680499084
680499138
680499213
680499261
680499338
680499420
680499482
680499538
680499612
680499666
680499727
680499817
680499872
680499945
680500005
680500074
680500153
680500207
680500278
680500341
680500414
680500460
680500555
680500611
680500685
680500738
680500799
680500891
680500943
680501010
680501077
680501135
680501226
680501279
680501343
680501404
680501483
680501546
680501623
680501683
680501755
680501812
680501875
680501962
680502011
680502085
680502155
680502210
680502298
680502357
680502419
680502489
680502546
680502609
680502698
680502757
680502823
680502886
680502950
680503024
680503091
680503153
680503225
680503281
680503354
680503434
680503488
680503546
680503629
680503684
680503768
680503823
680503892
680503954
680504019
680504109
680504169
680504221
680504296
680504361
680504429
680504505
680504562
680504632
680504694
680504755
680504838
680504910
680504956
680505036
680505083
680505180
680505229
680505299
680505365
680505427
680505485
680505576
680505630
680505707
680505767
680505830
680505908
680505973
680506036
680506103
680506158
680506231
680506313
680506376
680506431
680506502
680506562
680506637
680506715
680506768
680506835
680506906
680506980
680507039
680507101
680507176
680507237
680507303
680507386
680507438
680507512
680507572
680507642
680507721
680507776
680507845
680507916
680507967
680508032
680508126
680508172
680508254
680508313
680508373
680508460
680508514
680508574
680508650
680508715
680508799
680508849
680508923
680508979
680509040
680509116
680509195
680509252
680509317
680509384
680509441
680509533
680509595
680509649
680509711
680509773
680509866
680509922
680509988
680510047
680510116
680510184
680510251
680510314
680510378
680510442
680510506
680510586
680510650
680510715
680510778
680510842
680510906
680510986
680511050
680511114
680511178
680511243
680511338
680511392
680511464
680511532
680511582
680511677
680511731
680511790
680511869
680511931
680511988
680512069
680512138
680512195
680512269
680512324
680512407
680512465
680512526
680512593
680512657
680512749
680512796
680512867
680512929
680513002
680513063
680513141
680513206
680513272
680513341
680513390
680513484
680513536
680513609
680513662
680513739
680513792
680513881
680513936
680513998
680514073
680514133
680514220
680514274
680514330
680514399
680514472
680514545
680514604
680514667
680514731
680514795
680514860
680514939
680515006
680515068
680515131
680515196
680515279
680515339
680515417
680515472
680515539
680515626
680515676
680515752
680515806
680515869
680515949
680516015
680516091
680516144
680516218
680516277
680516364
680516418
680516493
680516541
680516617
680516671
680516760
680516815
680516888
680516944
680517010
680517098
680517151
680517229
680517288
680517345
680517422
680517489
680517554
680517621
680517693
680517748
680517836
680517894
680517951
680518028
680518080
680518170
680518229
680518292
680518356
680518415
680518478
680518574
680518625
680518693
680518759
680518815
680518908
680518958
680519025
680519098
680519161
680519239
680519307
680519373
680519427
680519491
680519554
680519642
680519698
680519764
680519835
680519895
680519974
680520030
680520098
680520166
680520224
680520316
680520371
680520440
680520492
680520572
680520621
680520713
680520770
680520845
680520896
680520963
680521053
680521114
680521171
680521245
680521305
680521367
680521453
680521505
680521573
680521642
680521696
680521788
680521848
680521909
680521969
680522031
680522119
680522188
680522251
680522306
680522370
680522442
680522523
680522577
680522646
680522701
680522765
680522857
680522913
680522979
680523045
680523109
680523188
680523254
680523319
680523388
680523443
680523503
680523594
680523653
680523722
680523778
680523848
680523930
680523983
680524059
680524109
680524183
680524245
680524330
680524388
680524450
680524524
680524581
680524667
680524723
680524793
680524851
680524914
680525002
680525063
680525117
680525196
680525251
680525315
680525403
680525454
680525521
680525588
680525649
680525739
680525797
680525857
680525929
680525987
680526079
680526137
680526193
680526267
680526323
680526397
680526473
680526533
680526608
680526652
680526729
680526810
680526863
680526936
680526999
680527054
680527121
680527210
680527264
680527325
680527403
680527456
680527550
680527605
680527665
680527733
680527803
680527876
680527948
680528000
680528075
680528134
680528189
680528283
680528332
680528407
680528463
680528532
680528613
680528672
680528735
680528804
680528873
680528940
680529011
680529073
680529148
680529209
680529267
680529353
680529418
680529476
680529539
680529608
680529695
680529740
680529817
680529871
680529942
680530000
680530085
680530153
680530210
680530282
680530337
680530430
680530487
680530558
680530612
680530675
680530765
680530820
680530890
680530943
680531016
680531073
680531163
680531219
680531276
680531358
680531412
680531502
680531555
680531619
680531689
680531744
680531818
680531897
680531958
680532028
680532083
680532143
680532234
680532294
680532361
680532418
680532492
680532571
680532628
680532700
680532757
680532813
680532885
680532961
680533031
680533090
680533159
680533223
680533296
680533362
680533433
680533488
680533557
680533643
680533695
680533774
680533822
680533893
680533953
680534043
680534095
680534167
680534227
680534286
680534366
680534433
680534504
680534566
680534633
680534697
680534775
680534834
680534903
680534967
680535026
680535114
680535173
680535245
680535305
680535363
680535450
680535508
680535578
680535634
680535705
680535762
680535849
680535899
680535967
680536042
680536098
680536187
680536244
680536316
680536377
680536442
680536511
680536589
680536651
680536704
680536768
680536841
680536922
680536977
680537039
680537114
680537169
680537257
680537312
680537379
680537440
680537513
680537577
680537655
680537720
680537779
680537843
680537917
680537992
680538058
680538123
680538176
680538247
680538331
680538395
680538450
680538520
680538576
680538648
680538723
680538786
680538856
680538916
680538974
680539065
680539121
680539185
680539253
680539318
680539387
680539462
680539531
680539586
680539647
680539721
680539795
680539855
680539920
680539992
680540051
680540138
680540191
680540267
680540320
680540387
680540459
680540526
680540593
680540669
680540720
680540794
680540872
680540938
680540992
680541070
680541123
680541204
680541267
680541330
680541397
680541457
680541525
680541610
680541664
680541725
680541802
680541853
680541946
680542007
680542061
680542142
680542191
680542261
680542350
680542400
680542467
680542527
680542600
680542671
680542739
680542810
680542864
680542936
680543017
680543074
680543138
680543204
680543268
680543338
680543416
680543476
680543548
680543598
680543673
680543755
680543811
680543872
680543937
680544008
680544085
680544157
680544207
680544271
680544346
680544400
680544488
680544539
680544608
680544670
680544750
680544824
680544888
680544953
680545011
680545076
680545136
680545226
680545284
680545353
680545412
680545473
680545562
680545616
680545688
680545745
680545804
680545898
680545952
680546016
680546085
680546150
680546209
680546299
680546362
680546419
680546482
680546557
680546628
680546685
680546765
680546814
680546882
680546973
680547022
680547092
680547159
680547215
680547280
680547371
680547426
680547490
680547562
680547616
680547709
680547762
680547835
680547895
680547953
680548025
680548107
680548161
680548220
680548294
680548354
680548443
680548495
680548562
680548626
680548695
680548767
680548828
680548899
680548963
680549023
680549098
680549170
680549232
680549302
680549366
680549428
680549511
680549565
680549644
680549699
680549757
680549826
680549910
680549966
680550034
680550097
680550158
680550253
680550304
680550369
680550441
680550502
680550589
680550643
680550706
680550781
680550832
680550898
680550986
680551048
680551102
680551173
680551233
680551313
680551389
680551443
680551502
680551576
680551658
680551711
680551785
680551853
680551906
680551979
680552056
680552111
680552188
680552254
680552303
680552394
680552457
680552516
680552580
680552649
680552704
680552794
680552844
680552920
680552979
680553047
680553120
680553188
680553243
680553319
680553380
680553462
680553521
680553593
680553648
680553715
680553777
680553866
680553925
680553992
680554058
680554114
680554204
680554259
680554328
680554385
680554445
680554533
680554602
680554658
680554722
680554788
680554858
680554937
680554992
680555067
680555119
680555196
680555268
680555339
680555392
680555462
680555525
680555585
680555677
680555730
680555794
680555857
680555919
680556009
680556063
680556130
680556199
680556259
680556346
680556407
680556477
680556528
680556602
680556664
680556746
680556813
680556862
680556933
680556992
680557082
680557137
680557200
680557266
680557328
680557417
680557469
680557533
680557609
680557670
680557729
680557819
680557876
680557950
680558007
680558072
680558154
680558209
680558274
680558348
680558398
680558464
680558554
680558610
680558684
680558738
680558807
680558881
680558951
680559008
680559074
680559136
680559226
680559280
680559354
680559415
680559476
680559539
680559625
680559689
680559747
680559818
680559872
680559964
680560015
680560092
680560144
680560211
680560275
680560362
680560419
680560484
680560546
680560613
680560698
680560755
680560826
680560893
680560952
680561035
680561087
680561165
680561214
680561287
680561349
680561435
680561485
680561561
680561616
680561687
680561762
680561832
680561893
680561953
680562026
680562095
680562161
680562226
680562298
680562360
680562425
680562507
680562560
680562636
680562687
680562752
680562845
680562892
680562954
680563035
680563092
680563154
680563242
680563303
680563362
680563437
680563496
680563579
680563629
680563709
680563758
680563837
680563908
680563981
680564036
680564100
680564161
680564218
680564316
680564368
680564437
680564498
680564561
680564649
680564704
680564779
680564842
680564901
680564984
680565043
680565116
680565163
680565238
680565296
680565386
680565446
680565511
680565578
680565634
680565723
680565772
680565848
680565903
680565971
680566033
680566125
680566184
680566243
680566316
680566367
680566461
680566518
680566572
680566645
680566701
680566794
680566854
680566925
680566973
680567051
680567104
680567197
680567247
680567317
680567385
680567445
680567528
680567581
680567656
680567714
680567787
680567845
680567927
680567989
680568050
680568114
680568189
680568255
680568333
680568383
680568453
680568512
680568604
680568655
680568727
680568818
680568851
680568912
680568994
680569058
680569119
680569191
680569261
680569327
680569399
680569470
680569523
680569594
680569670
680569733
680569788
680569867
680569919
680569996
680570074
680570127
680570199
680570263
680570326
680570405
680570464
680570537
680570602
680570655
680570725
680570809
680570869
680570928
680571003
680571056
680571147
680571200
680571259
680571323
680571386
680571467
680571530
680571594
680571659
680571723
680571787
680571868
680571931
680571995
680572059
680572123
680572203
680572276
680572347
680572399
680572475
680572551
680572622
680572682
680572735
680572809
680572865
680572954
680573006
680573082
680573138
680573202
680573285
680573342
680573416
680573481
680573549
680573607
680573683
680573754
680573811
680573872
680573948
680574022
680574089
680574145
680574208
680574270
680574361
680574412
680574494
680574549
680574608
680574681
680574760
680574820
680574883
680574953
680575008
680575097
680575163
680575220
680575281
680575357
680575430
680575494
680575553
680575621
680575682
680575746
680575834
680575887
680575949
680576015
680576078
680576169
680576230
680576286
680576356
680576423
680576492
680576570
680576633
680576702
680576750
680576826
680576909
680576967
680577022
680577093
680577155
680577232
680577301
680577362
680577427
680577485
680577553
680577643
680577699
680577759
680577835
680577891
680577979
680578040
680578094
680578173
680578238
680578287
680578382
680578428
680578501
680578563
680578628
680578703
680578770
680578830
680578901
680578969
680579036
680579112
680579169
680579237
680579309
680579366
680579448
680579508
680579571
680579642
680579696
680579787
680579845
680579909
680579982
680580032
680580122
680580180
680580253
680580309
680580371
680580442
680580518
680580575
680580640
680580708
680580782
680580854
680580912
680580987
680581050
680581105
680581172
680581261
680581312
680581386
680581442
680581514
680581586
680581658
680581712
680581782
680581847
680581924
680581983
680582050
680582110
680582187
680582241
680582328
680582398
680582448
680582523
680582578
680582667
680582720
680582791
680582851
680582914
680583001
680583056
680583126
680583182
680583255
680583323
680583403
680583458
680583524
680583583
680583643
680583737
680583801
680583869
680583928
680583982
680584057
680584140
680584192
680584269
680584323
680584384
680584475
680584524
680584590
680584667
680584723
680584814
680584867
680584930
680585001
680585059
680585123
680585202
680585274
680585334
680585397
680585463
680585545
680585604
680585666
680585731
680585796
680585871
680585940
680585997
680586063
680586128
680586195
680586279
680586340
680586409
680586467
680586530
680586617
680586672
680586741
680586814
680586864
680586933
680587015
680587075
680587140
680587202
680587261
680587354
680587407
680587478
680587535
680587607
680587690
680587744
680587817
680587877
680587946
680588000
680588090
680588149
680588211
680588271
680588336
680588428
680588483
680588543
680588621
680588680
680588763
680588815
680588882
680588944
680589012
680589076
680589157
680589219
680589288
680589352
680589410
680589497
680589556
680589617
680589694
680589741
680589807
680589900
680589962
680590015
680590091
680590148
680590234
680590286
680590361
680590419
680590488
680590560
680590627
680590689
680590760
680590816
680590890
680590969
680591035
680591094
680591159
680591221
680591295
680591371
680591424
680591494
680591553
680591616
680591706
680591759
680591825
680591889
680591961
680592042
680592097
680592158
680592233
680592292
680592374
680592442
680592499
680592571
680592626
680592698
680592778
680592832
680592903
680592962
680593022
680593117
680593168
680593241
680593298
680593363
680593449
680593504
680593568
680593640
680593695
680593770
680593840
680593913
680593978
680594036
680594100
680594186
680594240
680594317
680594370
680594431
680594503
680594582
680594637
680594701
680594778
680594840
680594922
680594977
680595048
680595114
680595173
680595259
680595320
680595375
680595452
680595502
680595569
680595662
680595711
680595773
680595837
680595899
680595987
680596053
680596120
680596172
680596237
680596329
680596385
680596454
680596520
680596588
680596648
680596725
680596794
680596848
680596923
680596981
680597066
680597131
680597186
680597248
680597315
680597376
680597453
680597533
680597588
680597651
680597717
680597792
680597866
680597930
680597988
680598051
680598139
680598195
680598270
680598327
680598386
680598462
680598537
680598591
680598659
680598726
680598782
680598876
680598927
680598989
680599058
680599123
680599210
680599265
680599328
680599404
680599464
680599520
680599609
680599672
680599736
680599794
680599857
680599948
680600010
680600067
680600141
680600196
680600262
680600345
680600405
680600463
680600524
680600598
680600675
680600737
680600806
680600875
680600930
680601022
680601083
680601147
680601203
680601277
680601329
680601419
680601485
680601548
680601598
680601665
680601757
680601813
680601877
680601939
680602006
680602063
680602156
680602215
680602285
680602341
680602412
680602493
680602551
680602605
680602684
680602741
680602829
680602886
680602955
680603010
680603073
680603133
680603226
680603276
680603354
680603420
680603472
680603566
680603617
680603677
680603755
680603808
680603901
680603955
680604019
680604090
680604148
680604217
680604299
680604362
680604417
680604487
680604551
680604624
680604694
680604750
680604814
680604891
680604955
680605032
680605097
680605150
680605229
680605279
680605370
680605427
680605499
680605552
680605617
680605707
680605760
680605828
680605890
680605950
680606026
680606102
680606164
680606235
680606294
680606353
680606441
680606499
680606560
680606629
680606686
680606777
680606846
680606905
680606959
680607036
680607094
680607177
680607235
680607310
680607360
680607426
680607516
680607567
680607633
680607706
680607769
680607832
680607912
680607971
680608038
680608109
680608162
680608241
680608313
680608367
680608437
680608503
680608588
680608640
680608714
680608771
680608836
680608897
680608990
680609048
680609100
680609167
680609242
680609311
680609387
680609446
680609505
680609578
680609648
680609717
680609775
680609849
680609906
680609981
680610060
680610121
680610183
680610238
680610318
680610394
680610447
680610515
680610578
680610641
680610705
680610795
680610850
680610917
680610979
680611050
680611128
680611199
680611252
680611310
680611383
680611467
680611522
680611595
680611648
680611711
680611778
680611869
680611921
680611995
680612054
680612121
680612200
680612255
680612331
680612384
680612458
680612526
680612592
680612659
680612728
680612796
680612845
680612938
680612998
680613057
680613131
680613187
680613274
680613328
680613393
680613456
680613526
680613594
680613670
680613730
680613802
680613856
680613922
680614013
680614070
680614140
680614197
680614268
680614349
680614398
680614473
680614532
680614600
680614656
680614745
680614797
680614864
680614927
680615000
680615085
680615139
680615206
680615274
680615335
680615395
680615479
680615536
680615610
680615665
680615740
680615821
680615877
680615933
680616011
680616064
680616156
680616211
680616273
680616339
680616402
680616474
680616548
680616612
680616679
680616738
680616799
680616889
680616953
680617020
680617073
680617142
680617226
680617279
680617343
680617421
680617475
680617532
680617626
680617680
680617754
680617811
680617879
680617959
680618021
680618089
680618148
680618209
680618285
680618363
680618430
680618483
680618544
680618617
680618700
680618754
680618829
680618883
680618947
680619024
680619093
680619151
680619219
680619277
680619348
680619434
680619496
680619557
680619628
680619686
680619765
680619829
680619901
680619965
680620017
680620109
680620167
680620223
680620287
680620365
680620417
680620509
680620560
680620628
680620685
680620760
680620831
680620895
680620969
680621025
680621100
680621151
680621246
680621303
680621357
680621437
680621490
680621581
680621646
680621704
680621761
680621827
680621914
680621975
680622030
680622095
680622160
680622234
680622317
680622373
680622435
680622506
680622571
680622650
680622713
680622777
680622842
680622899
680622959
680623050
680623105
680623165
680623246
680623296
680623385
680623439
680623515
680623573
680623638
680623719
680623779
680623841
680623916
680623970
680624042
680624124
680624185
680624247
680624318
680624371
680624458
680624526
680624577
680624646
680624705
680624797
680624850
680624920
680624979
680625043
680625118
680625181
680625252
680625321
680625384
680625446
680625521
680625593
680625655
680625709
680625788
680625841
680625934
680625982
680626057
680626112
680626177
680626265
680626319
680626392
680626449
680626516
680626599
680626656
680626718
680626786
680626858
680626915
680627002
680627067
680627124
680627188
680627250
680627340
680627395
680627465
680627521
680627587
680627674
680627727
680627798
680627859
680627919
680627995
680628074
680628133
680628202
680628259
680628331
680628399
680628476
680628529
680628599
680628657
680628718
680628812
680628861
680628933
680629000
680629058
680629146
680629200
680629271
680629331
680629392
680629482
680629541
680629608
680629668
680629731
680629798
680629880
680629935
680630011
680630074
680630128
680630220
680630275
680630338
680630410
680630463
680630557
680630615
680630670
680630737
680630795
680630861
680630944
680631010
680631083
680631140
680631203
680631293
680631345
680631420
680631476
680631538
680631605
680631692
680631738
680631816
680631874
680631938
680632026
680632080
680632144
680632204
680632267
680632347
680632411
680632475
680632539
680632603
680632667
680632747
680632811
680632875
680632939
680633003
680633083
680633147
680633215
680633283
680633343
680633405
680633499
680633555
680633618
680633681
680633755
680633828
680633895
680633963
680634026
680634086
680634165
680634238
680634289
680634357
680634419
680634479
680634570
680634638
680634691
680634757
680634814
680634907
680634969
680635027
680635086
680635153
680635246
680635303
680635359
680635432
680635497
680635553
680635640
680635694
680635769
680635823
680635891
680635971
680636034
680636102
680636159
680636234
680636291
680636381
680636439
680636498
680636568
680636624
680636714
680636771
680636836
680636905
680636971
680637039
680637114
680637171
680637245
680637300
680637374
680637445
680637507
680637568
680637644
680637696
680637786
680637839
680637914
680637974
680638033
680638113
680638187
680638244
680638305
680638381
680638437
680638523
680638585
680638643
680638714
680638768
680638862
680638916
680638988
680639049
680639100
680639169
680639258
680639313
680639380
680639446
680639506
680639593
680639651
680639715
680639785
680639840
680639924
680639997
680640060
680640116
680640186
680640240
680640330
680640387
680640447
680640525
680640580
680640652
680640725
680640782
680640857
680640922
680640994
680641057
680641120
680641193
680641257
680641315
680641404
680641462
680641530
680641597
680641645
680641738
680641795
680641867
680641919
680641986
680642053
680642140
680642190
680642254
680642325
680642391
680642464
680642537
680642601
680642656
680642731
680642802
680642863
680642939
680643002
680643057
680643129
680643212
680643265
680643336
680643393
680643453
680643545
680643600
680643668
680643725
680643795
680643867
680643940
680644006
680644066
680644141
680644200
680644281
680644339
680644413
680644468
680644528
680644620
680644676
680644735
680644808
680644862
680644938
680645011
680645071
680645146
680645207
680645262
680645354
680645419
680645483
680645548
680645597
680645690
680645757
680645811
680645879
680645937
680646007
680646090
680646143
680646210
680646285
680646340
680646426
680646482
680646547
680646606
680646671
680646745
680646813
680646885
680646956
680647007
680647077
680647161
680647221
680647291
680647345
680647421
680647491
680647551
680647622
680647680
680647753
680647807
680647897
680647959
680648019
680648084
680648155
680648223
680648288
680648349
680648427
680648478
680648573
680648630
680648693
680648760
680648816
680648881
680648971
680649026
680649102
680649155
680649220
680649310
680649364
680649428
680649487
680649561
680649625
680649705
680649762
680649827
680649887
680649966
680650036
680650107
680650165
680650237
680650290
680650378
680650437
680650495
680650559
680650634
680650690
680650765
680650829
680650896
680650967
680651031
680651111
680651173
680651237
680651308
680651360
680651443
680651516
680651568
680651643
680651702
680651768
680651845
680651912
680651971
680652042
680652103
680652180
680652251
680652310
680652370
680652436
680652506
680652583
680652643
680652711
680652769
680652833
680652924
680652973
680653050
680653107
680653180
680653257
680653320
680653382
680653447
680653502
680653570
680653657
680653710
680653787
680653846
680653908
680653993
680654051
680654117
680654183
680654241
680654331
680654389
680654463
680654507
680654585
680654644
680654733
680654790
680654847
680654915
680654983
680655070
680655123
680655181
680655248
680655315
680655382
680655468
680655527
680655596
680655656
680655713
680655800
680655864
680655922
680655997
680656046
680656139
680656205
680656256
680656322
680656381
680656457
680656533
680656596
680656655
680656725
680656785
680656872
680656928
680656996
680657069
680657128
680657190
680657275
680657328
680657403
680657454
680657521
680657597
680657675
680657728
680657802
680657859
680657946
680657999
680658076
680658128
680658192
680658268
680658344
680658406
680658464
680658522
680658588
680658667
680658731
680658802
680658859
680658937
680659013
680659081
680659132
680659211
680659262
680659323
680659418
680659480
680659539
680659604
680659666
680659739
680659810
680659874
680659947
680660000
680660070
680660155
680660220
680660272
680660336
680660398
680660492
680660543
680660610
680660668
680660738
680660825
680660880
680660943
680661006
680661078
680661138
680661229
680661281
680661347
680661417
680661481
680661551
680661621
680661677
680661745
680661817
680661901
680661956
680662026
680662079
680662154
680662208
680662293
680662353
680662424
680662483
680662557
680662628
680662694
680662753
680662829
680662882
680662955
680663028
