1192219470
1192219544
1192219609
1192219677
1192219733
1192219800
1192219884
1192219946
1192220015
1192220071
1192220132
1192220202
1192220280
1192220343
1192220405
1192220472
1192220540
1192220615
1192220679
1192220745
1192220812
1192220878
1192220936
1192221017
1192221084
1192221145
1192221208
1192221275
1192221354
1192221413
1192221487
1192221542
1192221619
1192221696
1192221751
1192221814
1192221889
1192221942
1192222011
1192222086
1192222149
1192222216
1192222280
1192222352
1192222429
1192222484
1192222552
1192222614
1192222682
1192222763
1192222823
1192222891
1192222949
1192223014
1192223079
1192223164
1192223225
1192223284
1192223350
1192223416
1192223496
1192223558
1192223620
1192223685
1192223751
1192223817
1192223904
1192223959
1192224026
1192224087
1192224152
1192224230
1192224300
1192224358
1192224424
1192224492
1192224573
1192224637
1192224693
1192224761
1192224827
1192224891
1192224967
1192225044
1192225097
1192225161
1192225221
1192225307
1192225367
1192225431
1192225495
1192225559
1192225624
1192225715
1192225768
1192225830
1192225904
1192225961
1192226040
1192226109
1192226169
1192226230
1192226298
1192226380
1192226440
1192226511
1192226565
1192226632
1192226696
1192226776
1192226847
1192226907
1192226964
1192227031
1192227108
1192227172
1192227236
1192227300
1192227364
1192227444
1192227508
1192227572
1192227636
1192227700
1192227764
1192227844
1192227908
1192227972
1192228037
1192228105
1192228195
1192228249
1192228310
1192228375
1192228442
1192228500
1192228583
1192228650
1192228712
1192228775
1192228838
1192228919
1192228995
1192229044
1192229111
1192229183
1192229252
1192229321
1192229386
1192229448
1192229511
1192229577
1192229659
1192229721
1192229784
1192229846
1192229910
1192229999
1192230059
1192230123
1192230186
1192230247
1192230333
1192230396
1192230456
1192230523
1192230581
1192230650
1192230726
1192230790
1192230857
1192230921
1192230985
1192231067
1192231133
1192231190
1192231256
1192231324
1192231380
1192231464
1192231536
1192231589
1192231660
1192231723
1192231802
1192231862
1192231932
1192231992
1192232058
1192232135
1192232200
1192232262
1192232330
1192232390
1192232467
1192232533
1192232612
1192232668
1192232733
1192232793
1192232873
1192232933
1192233002
1192233067
1192233126
1192233217
1192233269
1192233336
1192233398
1192233475
1192233531
1192233616
1192233670
1192233743
1192233802
1192233869
1192233947
1192234012
1192234071
1192234136
1192234208
1192234265
1192234346
1192234405
1192234472
1192234536
1192234602
1192234682
1192234741
1192234815
1192234874
1192234940
1192235019
1192235078
1192235144
1192235209
1192235273
1192235335
1192235418
1192235479
1192235556
1192235608
1192235672
1192235751
1192235827
1192235880
1192235945
1192236005
1192236072
1192236153
1192236228
1192236281
1192236343
1192236407
1192236492
1192236548
1192236617
1192236681
1192236744
1192236835
1192236885
1192236951
1192237021
1192237081
1192237141
1192237224
1192237289
1192237354
1192237418
1192237478
1192237559
1192237626
1192237686
1192237759
1192237821
1192237899
1192237971
1192238021
1192238088
1192238162
1192238216
1192238293
1192238360
1192238421
1192238489
1192238550
1192238643
1192238699
1192238765
1192238823
1192238886
1192238960
1192239029
1192239093
1192239158
1192239225
1192239294
1192239375
1192239428
1192239499
1192239559
1192239624
1192239702
1192239768
1192239831
1192239896
1192239960
1192240025
1192240104
1192240167
1192240231
1192240300
1192240359
1192240438
1192240507
1192240567
1192240633
1192240694
1192240774
1192240841
1192240906
1192240967
1192241032
1192241105
1192241176
1192241239
1192241306
1192241368
1192241429
1192241524
1192241575
1192241650
1192241707
1192241768
1192241836
1192241909
1192241976
1192242041
1192242100
1192242169
1192242257
1192242317
1192242376
1192242441
1192242505
1192242586
1192242648
1192242721
1192242774
1192242840
1192242903
1192242985
1192243048
1192243113
1192243179
1192243240
1192243328
1192243388
1192243447
1192243517
1192243576
1192243652
1192243721
1192243784
1192243856
1192243913
1192243978
1192244064
1192244122
1192244188
1192244245
1192244320
1192244392
1192244460
1192244521
1192244585
1192244649
1192244718
1192244799
1192244861
1192244924
1192244988
1192245048
1192245130
1192245188
1192245257
1192245321
1192245385
1192245464
1192245530
1192245590
1192245653
1192245721
1192245785
1192245866
1192245932
1192245991
1192246056
1192246117
1192246204
1192246263
1192246327
1192246392
1192246456
1192246543
1192246602
1192246661
1192246726
1192246794
1192246857
1192246944
1192247001
1192247066
1192247129
1192247196
1192247272
1192247336
1192247398
1192247463
1192247538
1192247590
1192247683
1192247739
1192247807
1192247863
1192247928
1192248006
1192248068
1192248139
1192248196
1192248264
1192248350
1192248409
1192248470
1192248534
1192248598
1192248663
1192248744
1192248809
1192248872
1192248934
1192249001
1192249077
1192249144
1192249209
1192249277
1192249338
1192249399
1192249481
1192249553
1192249610
1192249671
1192249732
1192249817
1192249888
1192249946
1192250009
1192250076
1192250151
1192250217
1192250282
1192250343
1192250411
1192250470
1192250554
1192250618
1192250679
1192250744
1192250810
1192250886
1192250954
1192251015
1192251079
1192251153
1192251223
1192251287
1192251352
1192251415
1192251480
1192251553
1192251620
1192251689
1192251753
1192251815
1192251890
1192251967
1192252022
1192252088
1192252151
1192252220
1192252283
1192252359
1192252427
1192252487
1192252556
1192252613
1192252698
1192252759
1192252826
1192252888
1192252952
1192253032
1192253101
1192253158
1192253228
1192253285
1192253351
1192253445
1192253501
1192253565
1192253622
1192253687
1192253773
1192253829
1192253904
1192253965
1192254024
1192254112
1192254164
1192254232
1192254301
1192254357
1192254428
1192254504
1192254566
1192254635
1192254694
1192254763
1192254846
1192254903
1192254969
1192255034
1192255101
1192255156
1192255244
1192255314
1192255373
1192255428
1192255498
1192255586
1192255645
1192255708
1192255768
1192255836
1192255912
1192255976
1192256044
1192256106
1192256167
1192256231
1192256324
1192256373
1192256440
1192256502
1192256568
1192256647
1192256722
1192256773
1192256840
1192256904
1192256991
1192257050
1192257116
1192257180
1192257241
1192257307
1192257386
1192257446
1192257513
1192257572
1192257641
1192257730
1192257784
1192257845
1192257913
1192257974
1192258046
1192258121
1192258180
1192258250
1192258309
1192258377
1192258461
1192258520
1192258587
1192258647
1192258711
1192258798
1192258854
1192258918
1192258981
1192259054
1192259112
1192259193
1192259255
1192259321
1192259383
1192259449
1192259532
1192259594
1192259657
1192259721
1192259783
1192259847
1192259932
1192259995
1192260064
1192260124
1192260191
1192260263
1192260329
1192260390
1192260454
1192260527
1192260599
1192260661
1192260727
1192260802
1192260856
1192260922
1192261003
1192261063
1192261136
1192261190
1192261267
1192261339
1192261400
1192261466
1192261525
1192261589
1192261681
1192261736
1192261804
1192261860
1192261928
1192261988
1192262074
1192262135
1192262199
1192262267
1192262337
1192262407
1192262471
1192262538
1192262601
1192262668
1192262727
1192262807
1192262872
1192262949
1192262998
1192263069
1192263148
1192263213
1192263273
1192263336
1192263405
1192263482
1192263540
1192263609
1192263676
1192263734
1192263802
1192263881
1192263943
1192264010
1192264071
1192264133
1192264217
1192264282
1192264350
1192264412
1192264474
1192264556
1192264617
1192264681
1192264743
1192264809
1192264874
1192264963
1192265019
1192265078
1192265142
1192265217
1192265292
1192265354
1192265413
1192265480
1192265545
1192265609
1192265687
1192265754
1192265817
1192265879
1192265952
1192266021
1192266089
1192266149
1192266217
1192266281
1192266370
1192266421
1192266491
1192266554
1192266615
1192266679
1192266759
1192266825
1192266887
1192266954
1192267020
1192267103
1192267161
1192267228
1192267284
1192267352
1192267434
1192267500
1192267560
1192267622
1192267687
1192267753
1192267841
1192267900
1192267958
1192268024
1192268088
1192268176
1192268228
1192268300
1192268363
1192268423
1192268490
1192268568
1192268642
1192268696
1192268767
1192268824
1192268911
1192268969
1192269031
1192269095
1192269158
1192269250
1192269301
1192269369
1192269433
1192269498
1192269564
1192269638
1192269703
1192269768
1192269838
1192269895
1192269984
1192270041
1192270115
1192270164
1192270236
1192270293
1192270377
1192270439
1192270515
1192270564
1192270635
1192270720
1192270778
1192270837
1192270904
1192270973
1192271047
1192271111
1192271177
1192271239
1192271309
1192271367
1192271454
1192271517
1192271574
1192271639
1192271705
1192271792
1192271850
1192271915
1192271976
1192272040
1192272121
1192272182
1192272248
1192272318
1192272379
1192272444
1192272521
1192272583
1192272647
1192272711
1192272772
1192272857
1192272921
1192272984
1192273049
1192273113
1192273174
1192273252
1192273316
1192273385
1192273444
1192273509
1192273588
1192273652
1192273716
1192273780
1192273844
1192273924
1192273989
1192274052
1192274116
1192274180
1192274244
1192274324
1192274388
1192274455
1192274516
1192274586
1192274664
1192274724
1192274790
1192274856
1192274921
1192275001
1192275060
1192275125
1192275188
1192275253
1192275317
1192275397
1192275460
1192275525
1192275588
1192275654
1192275732
1192275797
1192275860
1192275925
1192275988
1192276052
1192276132
1192276196
1192276260
1192276324
1192276388
1192276468
1192276532
1192276596
1192276660
1192276724
1192276805
1192276869
1192276933
1192276997
1192277060
1192277124
1192277204
1192277268
1192277332
1192277396
1192277460
1192277540
1192277604
1192277668
1192277732
1192277796
1192277876
1192277940
1192278005
1192278068
1192278132
1192278196
1192278276
1192278341
1192278404
1192278469
1192278533
1192278612
1192278677
1192278740
1192278804
1192278869
1192278932
1192279012
1192279077
1192279140
1192279205
1192279268
1192279348
1192279412
1192279477
1192279540
1192279604
1192279684
1192279748
1192279812
1192279876
1192279940
1192280005
1192280085
1192280148
1192280221
1192280276
1192280340
1192280432
1192280491
1192280553
1192280614
1192280679
1192280759
1192280822
1192280889
1192280951
1192281014
1192281078
1192281161
1192281229
1192281292
1192281352
1192281420
1192281495
1192281559
1192281624
1192281686
1192281751
1192281817
1192281892
1192281959
1192282022
1192282089
1192282151
1192282242
1192282298
1192282356
1192282422
1192282488
1192282566
1192282644
1192282696
1192282759
1192282826
1192282889
1192282976
1192283035
1192283095
1192283164
1192283225
1192283306
1192283367
1192283428
1192283497
1192283561
1192283625
1192283702
1192283770
1192283830
1192283893
1192283959
1192284040
1192284104
1192284174
1192284232
1192284297
1192284386
1192284439
1192284515
1192284568
1192284632
1192284695
1192284778
1192284843
1192284903
1192284969
1192285037
1192285110
1192285178
1192285241
1192285304
1192285368
1192285453
1192285512
1192285577
1192285645
1192285700
1192285766
1192285856
1192285915
1192285976
1192286044
1192286110
1192286187
1192286247
1192286313
1192286373
1192286441
1192286506
1192286587
1192286648
1192286711
1192286775
1192286839
1192286921
1192286983
1192287048
1192287113
1192287173
1192287252
1192287316
1192287385
1192287449
1192287509
1192287576
1192287655
1192287721
1192287787
1192287848
1192287919
1192287991
1192288053
1192288116
1192288180
1192288244
1192288324
1192288388
1192288452
1192288516
1192288580
1192288644
1192288724
1192288788
1192288852
1192288916
1192288980
1192289066
1192289127
1192289194
1192289268
1192289319
1192289384
1192289462
1192289525
1192289591
1192289664
1192289721
1192289814
1192289864
1192289927
1192289994
1192290067
1192290137
1192290201
1192290262
1192290328
1192290391
1192290455
1192290542
1192290600
1192290664
1192290727
1192290796
1192290874
1192290936
1192291002
1192291061
1192291127
1192291216
1192291270
1192291345
1192291398
1192291473
1192291525
1192291618
1192291670
1192291736
1192291804
1192291863
1192291946
1192292010
1192292072
1192292135
1192292208
1192292260
1192292347
1192292406
1192292472
1192292540
1192292596
1192292677
1192292755
1192292807
1192292872
1192292936
1192293020
1192293087
1192293142
1192293207
1192293275
1192293334
1192293417
1192293481
1192293554
1192293611
1192293669
1192293751
1192293816
1192293878
1192293941
1192294011
1192294093
1192294148
1192294213
1192294278
1192294353
1192294406
1192294490
1192294549
1192294616
1192294680
1192294748
1192294835
1192294890
1192294959
1192295020
1192295079
1192295144
1192295231
1192295290
1192295356
1192295419
1192295484
1192295560
1192295622
1192295686
1192295756
1192295816
1192295896
1192295961
1192296021
1192296096
1192296154
1192296217
1192296297
1192296363
1192296426
1192296489
1192296554
1192296633
1192296695
1192296768
1192296826
1192296888
1192296959
1192297031
1192297095
1192297159
1192297223
1192297291
1192297375
1192297429
1192297509
1192297559
1192297626
1192297711
1192297766
1192297839
1192297903
1192297959
1192298032
1192298106
1192298167
1192298231
1192298298
1192298374
1192298440
1192298501
1192298568
1192298632
1192298696
1192298778
1192298839
1192298907
1192298972
1192299041
1192299093
1192299180
1192299241
1192299309
1192299369
1192299435
1192299519
1192299573
1192299640
1192299705
1192299767
1192299834
1192299913
1192299974
1192300040
1192300113
1192300170
1192300246
1192300314
1192300377
1192300441
1192300505
1192300585
1192300651
1192300713
1192300784
1192300845
1192300902
1192300995
1192301045
1192301113
1192301173
1192301249
1192301317
1192301381
1192301447
1192301523
1192301579
1192301668
1192301716
1192301781
1192301847
1192301912
1192301978
1192302066
1192302118
1192302186
1192302248
1192302316
1192302394
1192302456
1192302518
1192302582
1192302656
1192302710
1192302793
1192302861
1192302916
1192302987
1192303051
1192303129
1192303189
1192303263
1192303316
1192303394
1192303466
1192303530
1192303592
1192303656
1192303725
1192303789
1192303866
1192303932
1192303992
1192304054
1192304121
1192304199
1192304269
1192304327
1192304390
1192304463
1192304546
1192304601
1192304664
1192304728
1192304799
1192304852
1192304942
1192305000
1192305064
1192305128
1192305196
1192305283
1192305337
1192305401
1192305461
1192305532
1192305592
1192305669
1192305738
1192305799
1192305872
1192305932
1192306010
1192306074
1192306134
1192306200
1192306263
1192306349
1192306406
1192306474
1192306544
1192306598
1192306665
1192306743
1192306811
1192306871
1192306935
1192307002
1192307080
1192307144
1192307215
1192307275
1192307339
1192307425
1192307482
1192307544
1192307617
1192307677
1192307736
1192307813
1192307878
1192307944
1192308012
1192308078
1192308158
1192308220
1192308289
1192308343
1192308409
1192308481
1192308555
1192308619
1192308678
1192308743
1192308813
1192308892
1192308951
1192309016
1192309089
1192309143
1192309225
1192309287
1192309351
1192309414
1192309479
1192309544
1192309623
1192309691
1192309750
1192309814
1192309881
1192309967
1192310021
1192310087
1192310161
1192310215
1192310283
1192310360
1192310427
1192310487
1192310557
1192310614
1192310706
1192310760
1192310823
1192310896
1192310950
1192311043
1192311107
1192311164
1192311225
1192311293
1192311356
1192311432
1192311495
1192311567
1192311629
1192311689
1192311778
1192311835
1192311893
1192311961
1192312021
1192312115
1192312165
1192312233
1192312305
1192312361
1192312425
1192312500
1192312577
1192312634
1192312696
1192312759
1192312841
1192312902
1192312978
1192313028
1192313095
1192313159
1192313239
1192313304
1192313366
1192313432
1192313504
1192313573
1192313642
1192313706
1192313769
1192313833
1192313912
1192313975
1192314038
1192314102
1192314169
1192314230
1192314311
1192314378
1192314450
1192314509
1192314570
1192314648
1192314711
1192314773
1192314841
1192314905
1192314983
1192315048
1192315113
1192315176
1192315240
1192315306
1192315385
1192315447
1192315511
1192315573
1192315640
1192315723
1192315786
1192315849
1192315913
1192315977
1192316050
1192316119
1192316186
1192316248
1192316314
1192316375
1192316463
1192316524
1192316583
1192316647
1192316711
1192316800
1192316859
1192316919
1192316983
1192317047
1192317109
1192317192
1192317265
1192317316
1192317385
1192317453
1192317529
1192317593
1192317659
1192317720
1192317782
1192317847
1192317937
1192317988
1192318057
1192318127
1192318182
1192318265
1192318327
1192318400
1192318455
1192318523
1192318599
1192318660
1192318726
1192318791
1192318857
1192318922
1192319008
1192319061
1192319128
1192319191
1192319256
1192319346
1192319405
1192319466
1192319528
1192319596
1192319669
1192319739
1192319800
1192319865
1192319936
1192319990
1192320074
1192320136
1192320205
1192320266
1192320327
1192320411
1192320473
1192320545
1192320597
1192320667
1192320726
1192320819
1192320876
1192320937
1192321001
1192321064
1192321155
1192321209
1192321275
1192321339
1192321400
1192321491
1192321540
1192321608
1192321671
1192321736
1192321800
1192321887
1192321941
1192322011
1192322072
1192322136
1192322216
1192322290
1192322343
1192322406
1192322473
1192322553
1192322615
1192322681
1192322743
1192322812
1192322871
1192322959
1192323021
1192323079
1192323152
1192323204
1192323286
1192323352
1192323431
1192323477
1192323542
1192323613
1192323700
1192323757
1192323819
1192323881
1192323942
1192324028
1192324087
1192324151
1192324225
1192324279
1192324363
1192324429
1192324492
1192324555
1192324616
1192324679
1192324760
1192324822
1192324887
1192324951
1192325015
1192325097
1192325164
1192325234
1192325287
1192325360
1192325436
1192325503
1192325558
1192325624
1192325688
1192325756
1192325833
1192325897
1192325961
1192326031
1192326089
1192326169
1192326245
1192326293
1192326361
1192326424
1192326485
1192326569
1192326633
1192326706
1192326760
1192326820
1192326900
1192326964
1192327028
1192327093
1192327156
1192327236
1192327300
1192327365
1192327428
1192327493
1192327556
1192327636
1192327700
1192327764
1192327828
1192327892
1192327972
1192328036
1192328101
1192328165
1192328229
1192328293
1192328373
1192328436
1192328500
1192328564
1192328631
1192328720
1192328779
1192328840
1192328904
1192328966
1192329046
1192329113
1192329180
1192329238
1192329305
1192329366
1192329453
1192329511
1192329575
1192329646
1192329704
1192329786
1192329848
1192329921
1192329977
1192330044
1192330121
1192330183
1192330245
1192330320
1192330380
1192330449
1192330518
1192330583
1192330649
1192330708
1192330776
1192330855
1192330923
1192330986
1192331046
1192331112
1192331176
1192331267
1192331316
1192331385
1192331447
1192331513
1192331598
1192331654
1192331721
1192331782
1192331849
1192331937
1192331991
1192332055
1192332119
1192332192
1192332248
1192332336
1192332390
1192332457
1192332525
1192332583
1192332665
1192332732
1192332793
1192332858
1192332921
1192333001
1192333065
1192333132
1192333206
1192333254
1192333319
1192333400
1192333465
1192333534
1192333591
1192333657
1192333744
1192333798
1192333870
1192333925
1192333993
1192334065
1192334139
1192334200
1192334265
1192334331
1192334390
1192334472
1192334537
1192334598
1192334666
1192334732
1192334813
1192334869
1192334938
1192334999
1192335066
1192335132
1192335219
1192335268
1192335339
1192335401
1192335462
1192335547
1192335608
1192335670
1192335734
1192335801
1192335884
1192335945
1192336006
1192336076
1192336140
1192336204
1192336280
1192336340
1192336413
1192336473
1192336538
1192336625
1192336679
1192336743
1192336810
1192336872
1192336935
1192337014
1192337078
1192337145
1192337216
1192337270
1192337365
1192337416
1192337487
1192337542
1192337615
1192337686
1192337753
1192337814
1192337880
1192337954
1192338007
1192338092
1192338149
1192338224
1192338282
1192338344
1192338424
1192338488
1192338554
1192338616
1192338688
1192338747
1192338829
1192338885
1192338953
1192339020
1192339078
1192339165
1192339229
1192339286
1192339355
1192339427
1192339493
1192339559
1192339626
1192339692
1192339753
1192339816
1192339905
1192339960
1192340032
1192340084
1192340153
1192340243
1192340292
1192340359
1192340432
1192340487
1192340578
1192340633
1192340700
1192340761
1192340825
1192340889
1192340977
1192341028
1192341097
1192341159
1192341224
1192341312
1192341370
1192341428
1192341496
1192341564
1192341622
1192341705
1192341776
1192341832
1192341897
1192341967
1192342038
1192342103
1192342166
1192342231
1192342296
1192342384
1192342445
1192342505
1192342569
1192342630
1192342696
1192342777
1192342856
1192342904
1192342970
1192343037
1192343109
1192343177
1192343244
1192343306
1192343369
1192343456
1192343510
1192343585
1192343639
1192343706
1192343767
1192343856
1192343910
1192343985
1192344039
1192344104
1192344195
1192344247
1192344311
1192344373
1192344445
1192344501
1192344585
1192344645
1192344712
1192344781
1192344841
1192344921
1192344984
1192345047
1192345110
1192345174
1192345263
1192345316
1192345391
1192345450
1192345515
1192345578
1192345656
1192345718
1192345784
1192345847
1192345913
1192346004
1192346052
1192346121
1192346181
1192346248
1192346336
1192346395
1192346458
1192346522
1192346584
1192346648
1192346728
1192346800
1192346861
1192346916
1192346985
1192347063
1192347128
1192347192
1192347265
1192347318
1192347382
1192347473
1192347536
1192347592
1192347657
1192347716
1192347804
1192347867
1192347929
1192347993
1192348061
1192348137
1192348208
1192348266
1192348333
1192348396
1192348460
1192348536
1192348598
1192348665
1192348731
1192348792
1192348871
1192348943
1192348997
1192349060
1192349125
1192349188
1192349268
1192349332
1192349396
1192349460
1192349524
1192349604
1192349668
1192349732
1192349796
1192349860
1192349940
1192350004
1192350072
1192350138
1192350198
1192350264
1192350344
1192350418
1192350473
1192350536
1192350598
1192350680
1192350745
1192350806
1192350877
1192350940
1192351015
1192351079
1192351145
1192351207
1192351270
1192351339
1192351417
1192351478
1192351554
1192351607
1192351671
1192351762
1192351817
1192351885
1192351948
1192352010
1192352072
1192352158
1192352215
1192352283
1192352343
1192352411
1192352491
1192352551
1192352615
1192352690
1192352740
1192352832
1192352887
1192352954
1192353017
1192353084
1192353141
1192353226
1192353289
1192353358
1192353412
1192353480
1192353561
1192353628
1192353688
1192353759
1192353820
1192353894
1192353966
1192354021
1192354098
1192354155
1192354217
1192354305
1192354358
1192354427
1192354489
1192354559
1192354635
1192354692
1192354757
1192354820
1192354884
1192354948
1192355028
1192355092
1192355156
1192355220
1192355284
1192355364
1192355432
1192355494
1192355559
1192355623
1192355705
1192355766
1192355834
1192355901
1192355961
1192356024
1192356109
1192356171
1192356232
1192356298
1192356361
1192356450
1192356503
1192356565
1192356633
1192356697
1192356777
1192356847
1192356900
1192356968
1192357041
1192357093
1192357183
1192357240
1192357306
1192357367
1192357436
1192357512
1192357578
1192357642
1192357704
1192357770
1192357831
1192357911
1192357975
1192358039
1192358108
1192358171
1192358246
1192358313
1192358375
1192358439
1192358501
1192358595
1192358652
1192358712
1192358775
1192358839
1192358903
1192358986
1192359054
1192359109
1192359179
1192359243
1192359324
1192359385
1192359452
1192359510
1192359576
1192359658
1192359721
1192359789
1192359849
1192359912
1192359974
1192360057
1192360121
1192360183
1192360256
1192360315
1192360396
1192360457
1192360527
1192360589
1192360650
1192360712
1192360792
1192360857
1192360920
1192360982
1192361054
1192361129
1192361193
1192361260
1192361322
1192361384
1192361467
1192361524
1192361590
1192361657
1192361718
1192361792
1192361862
1192361928
1192361992
1192362061
1192362122
1192362207
1192362264
1192362331
1192362392
1192362456
1192362522
1192362607
1192362664
1192362728
1192362797
1192362856
1192362941
1192363004
1192363062
1192363126
1192363192
1192363274
1192363345
1192363399
1192363463
1192363530
1192363589
1192363674
1192363748
1192363798
1192363870
1192363927
1192364016
1192364069
1192364144
1192364200
1192364267
1192364351
1192364406
1192364472
1192364534
1192364600
1192364665
1192364749
1192364810
1192364872
1192364937
1192365000
1192365083
1192365147
1192365207
1192365273
1192365336
1192365402
1192365480
1192365541
1192365613
1192365680
1192365735
1192365828
1192365878
1192365947
1192366021
1192366068
1192366151
1192366213
1192366280
1192366343
1192366407
1192366477
1192366557
1192366616
1192366679
1192366745
1192366808
1192366888
1192366960
1192367017
1192367081
1192367145
1192367233
1192367291
1192367351
1192367417
1192367481
1192367544
1192367621
1192367696
1192367748
1192367815
1192367880
1192367956
1192368034
1192368087
1192368152
1192368218
1192368276
1192368364
1192368422
1192368492
1192368555
1192368616
1192368707
1192368760
1192368823
1192368886
1192368957
1192369030
1192369101
1192369156
1192369227
1192369296
1192369349
1192369441
1192369499
1192369561
1192369629
1192369690
1192369776
1192369836
1192369897
1192369964
1192370022
1192370105
1192370177
1192370233
1192370299
1192370359
1192370434
1192370504
1192370572
1192370629
1192370693
1192370762
1192370841
1192370903
1192370972
1192371033
1192371097
1192371161
1192371245
1192371302
1192371376
1192371433
1192371501
1192371581
1192371643
1192371706
1192371768
1192371832
1192371917
1192371974
1192372040
1192372103
1192372169
1192372229
1192372312
1192372375
1192372441
1192372504
1192372568
1192372654
1192372710
1192372776
1192372849
1192372901
1192372992
1192373052
1192373116
1192373179
1192373246
1192373307
1192373389
1192373456
1192373509
1192373577
1192373649
1192373718
1192373783
1192373846
1192373919
1192373977
1192374042
1192374130
1192374187
1192374250
1192374313
1192374378
1192374461
1192374524
1192374581
1192374646
1192374710
1192374805
1192374857
1192374922
1192374983
1192375047
1192375111
1192375195
1192375255
1192375319
1192375389
1192375445
1192375530
1192375594
1192375656
1192375728
1192375783
1192375855
1192375926
1192375992
1192376057
1192376120
1192376190
1192376263
1192376327
1192376393
1192376459
1192376518
1192376609
1192376661
1192376728
1192376792
1192376854
1192376921
1192377002
1192377060
1192377132
1192377197
1192377254
1192377335
1192377401
1192377463
1192377531
1192377588
1192377673
1192377735
1192377804
1192377866
1192377927
1192377991
1192378084
1192378139
1192378198
1192378264
1192378328
1192378409
1192378473
1192378544
1192378599
1192378676
1192378730
1192378810
1192378873
1192378937
1192379002
1192379063
1192379155
1192379208
1192379270
1192379334
1192379402
1192379490
1192379543
1192379607
1192379676
1192379734
1192379798
1192379877
1192379944
1192380011
1192380076
1192380141
1192380218
1192380277
1192380345
1192380407
1192380473
1192380553
1192380614
1192380680
1192380744
1192380805
1192380871
1192380955
1192381015
1192381079
1192381148
1192381206
1192381294
1192381352
1192381412
1192381484
1192381542
1192381609
1192381695
1192381756
1192381831
1192381876
1192381955
1192382026
1192382088
1192382152
1192382226
1192382288
1192382363
1192382427
1192382493
1192382555
1192382617
1192382681
1192382764
1192382823
1192382900
1192382948
1192383013
1192383097
1192383165
1192383225
1192383292
1192383353
1192383430
1192383495
1192383559
1192383621
1192383690
1192383757
1192383833
1192383904
1192383961
1192384025
1192384086
1192384176
1192384232
1192384296
1192384360
1192384425
1192384484
1192384573
1192384636
1192384698
1192384760
1192384824
1192384914
1192384967
1192385041
1192385094
1192385160
1192385250
1192385303
1192385366
1192385435
1192385505
1192385563
1192385641
1192385703
1192385768
1192385831
1192385895
1192385977
1192386038
1192386103
1192386175
1192386233
1192386294
1192386387
1192386437
1192386505
1192386573
1192386629
1192386724
1192386775
1192386840
1192386903
1192386968
1192387056
1192387110
1192387175
1192387245
1192387305
1192387368
1192387460
1192387512
1192387572
1192387638
1192387705
1192387791
1192387845
1192387910
1192387977
1192388042
1192388130
1192388188
1192388256
1192388313
1192388375
1192388440
1192388525
1192388596
1192388653
1192388711
1192388775
1192388859
1192388924
1192388986
1192389050
1192389110
1192389174
1192389266
1192389324
1192389388
1192389447
1192389514
1192389593
1192389658
1192389722
1192389787
1192389847
1192389935
1192389991
1192390058
1192390119
1192390193
1192390251
1192390336
1192390392
1192390465
1192390525
1192390589
1192390664
1192390731
1192390788
1192390866
1192390919
1192391001
1192391063
1192391136
1192391195
1192391259
1192391326
1192391401
1192391464
1192391526
1192391593
1192391657
1192391740
1192391798
1192391865
1192391931
1192391993
1192392058
1192392137
1192392197
1192392276
1192392329
1192392395
1192392478
1192392534
1192392599
1192392663
1192392731
1192392816
1192392869
1192392934
1192393001
1192393062
1192393136
1192393207
1192393272
1192393336
1192393399
1192393465
1192393556
1192393608
1192393677
1192393732
1192393807
1192393880
1192393945
1192394006
1192394071
1192394137
1192394205
1192394286
1192394345
1192394407
1192394473
1192394537
1192394617
1192394683
1192394752
1192394806
1192394873
1192394937
1192395024
1192395080
1192395146
1192395212
1192395270
1192395351
1192395420
1192395478
1192395548
1192395606
1192395691
1192395752
1192395813
1192395881
1192395940
1192396009
1192396089
1192396164
1192396216
1192396281
1192396345
1192396425
1192396489
1192396560
1192396616
1192396680
1192396764
1192396827
1192396888
1192396953
1192397016
1192397079
1192397160
1192397226
1192397288
1192397364
1192397418
1192397501
1192397558
1192397624
1192397693
1192397753
1192397815
1192397904
1192397961
1192398025
1192398086
1192398151
1192398232
1192398296
1192398359
1192398421
1192398487
1192398568
1192398635
1192398692
1192398771
1192398823
1192398895
1192398971
1192399030
1192399095
1192399161
1192399227
1192399312
1192399371
1192399433
1192399498
1192399561
1192399626
1192399702
1192399771
1192399835
1192399894
1192399957
1192400044
1192400104
1192400167
1192400231
1192400303
1192400376
1192400439
1192400506
1192400571
1192400632
1192400696
1192400779
1192400849
1192400901
1192400973
1192401031
1192401113
1192401181
1192401240
1192401303
1192401366
1192401448
1192401512
1192401577
1192401640
1192401704
1192401770
1192401848
1192401922
1192401972
1192402039
1192402101
1192402185
1192402248
1192402309
1192402381
1192402439
1192402503
1192402589
1192402644
1192402712
1192402787
1192402841
1192402919
1192402980
1192403047
1192403113
1192403179
1192403263
1192403317
1192403386
1192403451
1192403511
1192403576
1192403665
1192403718
1192403785
1192403846
1192403910
1192403994
1192404055
1192404130
1192404183
1192404250
1192404332
1192404395
1192404454
1192404521
1192404582
1192404648
1192404729
1192404789
1192404858
1192404921
1192404985
1192405066
1192405129
1192405194
1192405258
1192405320
1192405393
1192405467
1192405531
1192405592
1192405656
1192405719
1192405799
1192405864
1192405933
1192405990
1192406057
1192406145
1192406203
1192406268
1192406334
1192406393
1192406458
1192406543
1192406601
1192406675
1192406731
1192406791
1192406880
1192406942
1192407008
1192407068
1192407130
1192407213
1192407270
1192407336
1192407402
1192407477
1192407525
1192407608
1192407681
1192407740
1192407806
1192407865
1192407944
1192408007
1192408073
1192408136
1192408208
1192408266
1192408355
1192408408
1192408477
1192408538
1192408609
1192408681
1192408747
1192408808
1192408872
1192408936
1192409016
1192409076
1192409143
1192409207
1192409273
1192409341
1192409416
1192409481
1192409544
1192409605
1192409673
1192409750
1192409818
1192409878
1192409944
1192410009
1192410084
1192410148
1192410212
1192410276
1192410340
1192410404
1192410484
1192410548
1192410612
1192410676
1192410740
1192410820
1192410884
1192410948
1192411012
1192411084
1192411140
1192411226
1192411299
1192411351
1192411418
1192411482
1192411558
1192411622
1192411687
1192411761
1192411820
1192411899
1192411969
1192412023
1192412087
1192412149
1192412218
1192412304
1192412357
1192412425
1192412490
1192412554
1192412633
1192412697
1192412762
1192412826
1192412887
1192412954
1192413040
1192413102
1192413160
1192413233
1192413287
1192413376
1192413432
1192413498
1192413560
1192413632
1192413700
1192413771
1192413832
1192413904
1192413960
1192414023
1192414107
1192414168
1192414231
1192414296
1192414368
1192414439
1192414503
1192414568
1192414637
1192414696
1192414776
1192414839
1192414903
1192414968
1192415032
1192415106
1192415177
1192415238
1192415304
1192415377
1192415429
1192415514
1192415576
1192415640
1192415704
1192415778
1192415835
1192415911
1192415984
1192416043
1192416107
1192416166
1192416256
1192416311
1192416386
1192416438
1192416502
1192416585
1192416649
1192416713
1192416773
1192416841
1192416905
1192416995
1192417052
1192417121
1192417173
1192417239
1192417329
1192417382
1192417448
1192417512
1192417579
1192417657
1192417722
1192417784
1192417849
1192417910
1192417978
1192418057
1192418127
1192418186
1192418249
1192418310
1192418400
1192418458
1192418533
1192418586
1192418649
1192418711
1192418793
1192418857
1192418927
1192418984
1192419048
1192419128
1192419197
1192419258
1192419321
1192419384
1192419467
1192419526
1192419593
1192419660
1192419724
1192419785
1192419863
1192419928
1192419994
1192420058
1192420116
1192420202
1192420269
1192420333
1192420395
1192420460
1192420534
1192420600
1192420665
1192420727
1192420792
1192420858
1192420937
1192421007
1192421067
1192421128
1192421191
1192421271
1192421332
1192421399
1192421471
1192421528
1192421591
1192421672
1192421733
1192421802
1192421867
1192421933
1192422009
1192422084
1192422136
1192422203
1192422270
1192422343
1192422409
1192422469
1192422537
1192422601
1192422666
1192422753
1192422806
1192422870
1192422939
1192422998
1192423086
1192423142
1192423206
1192423272
1192423340
1192423418
1192423490
1192423542
1192423608
1192423672
1192423736
1192423826
1192423880
1192423946
1192424007
1192424071
1192424151
1192424217
1192424276
1192424347
1192424404
1192424472
1192424563
1192424618
1192424678
1192424744
1192424808
1192424889
1192424954
1192425015
1192425078
1192425144
1192425224
1192425290
1192425354
1192425413
1192425481
1192425543
1192425627
1192425687
1192425751
1192425820
1192425879
1192425956
1192426024
1192426089
1192426152
1192426213
1192426285
1192426364
1192426427
1192426487
1192426551
1192426615
1192426704
1192426760
1192426823
1192426892
1192426948
1192427034
1192427096
1192427160
1192427224
1192427286
1192427351
1192427433
1192427494
1192427566
1192427624
1192427688
1192427773
1192427832
1192427896
1192427964
1192428022
1192428104
1192428168
1192428232
1192428298
1192428363
1192428423
1192428504
1192428576
1192428635
1192428693
1192428760
1192428841
1192428902
1192428970
1192429030
1192429109
1192429157
1192429240
1192429300
1192429373
1192429434
1192429494
1192429579
1192429640
1192429704
1192429768
1192429844
1192429909
1192429974
1192430047
1192430106
1192430168
1192430232
1192430312
1192430384
1192430442
1192430505
1192430565
1192430653
1192430710
1192430779
1192430840
1192430904
1192430983
1192431047
1192431120
1192431176
1192431248
1192431304
1192431396
1192431447
1192431512
1192431576
1192431648
1192431718
1192431781
1192431852
1192431916
1192431977
1192432041
1192432122
1192432184
1192432252
1192432314
1192432379
1192432467
1192432516
1192432583
1192432647
1192432710
1192432793
1192432862
1192432925
1192432988
1192433051
1192433110
1192433193
1192433254
1192433323
1192433385
1192433451
1192433526
1192433589
1192433657
1192433727
1192433787
1192433866
1192433933
1192433988
1192434065
1192434119
1192434185
1192434276
1192434326
1192434390
1192434457
1192434520
1192434602
1192434661
1192434737
1192434793
1192434856
1192434928
1192435001
1192435071
1192435125
1192435192
1192435258
1192435345
1192435398
1192435465
1192435535
1192435594
1192435672
1192435741
1192435798
1192435867
1192435928
1192435998
1192436074
1192436136
1192436208
1192436264
1192436329
1192436415
1192436477
1192436541
1192436599
1192436660
1192436732
1192436818
1192436872
1192436936
1192437008
1192437062
1192437154
1192437209
1192437271
1192437339
1192437397
1192437483
1192437541
1192437608
1192437677
1192437734
1192437802
1192437880
1192437952
1192438010
1192438073
1192438139
1192438214
1192438280
1192438349
1192438409
1192438473
1192438559
1192438612
1192438678
1192438745
1192438806
1192438875
1192438966
1192439018
1192439081
1192439148
1192439205
1192439293
1192439355
1192439425
1192439480
1192439544
1192439605
1192439693
1192439751
1192439817
1192439888
1192439946
1192440026
1192440091
1192440150
1192440216
1192440283
1192440368
1192440421
1192440489
1192440552
1192440624
1192440686
1192440762
1192440821
1192440888
1192440953
1192441013
1192441097
1192441158
1192441227
1192441285
1192441353
1192441431
1192441494
1192441561
1192441627
1192441686
1192441765
1192441835
1192441907
1192441963
1192442024
1192442089
1192442171
1192442231
1192442296
1192442360
1192442424
1192442494
1192442568
1192442640
1192442698
1192442761
1192442823
1192442906
1192442968
1192443032
1192443095
1192443160
1192443249
1192443306
1192443373
1192443440
1192443498
1192443562
1192443642
1192443702
1192443769
1192443834
1192443896
1192443980
1192444047
1192444107
1192444166
1192444230
1192444316
1192444372
1192444441
1192444501
1192444570
1192444630
1192444714
1192444779
1192444840
1192444905
1192444968
1192445048
1192445111
1192445184
1192445237
1192445306
1192445367
1192445449
1192445511
1192445575
1192445650
1192445705
1192445791
1192445848
1192445912
1192445975
1192446041
1192446126
1192446185
1192446248
1192446310
1192446375
1192446440
1192446516
1192446584
1192446657
1192446709
1192446786
1192446854
1192446919
1192446985
1192447054
1192447115
1192447191
1192447256
1192447322
1192447386
1192447446
1192447516
1192447588
1192447666
1192447722
1192447784
1192447859
1192447926
1192447995
1192448056
1192448119
1192448192
1192448254
1192448328
1192448392
1192448456
1192448518
1192448584
1192448674
1192448725
1192448802
1192448858
1192448924
1192448999
1192449064
1192449136
1192449199
1192449258
1192449321
1192449401
1192449468
1192449525
1192449594
1192449657
1192449744
1192449801
1192449877
1192449929
1192449991
1192450056
1192450146
1192450198
1192450271
1192450330
1192450394
1192450474
1192450533
1192450602
1192450666
1192450728
1192450820
1192450877
1192450940
1192451003
1192451062
1192451128
1192451216
1192451271
1192451340
1192451401
1192451464
1192451552
1192451607
1192451673
1192451735
1192451800
1192451884
1192451946
1192452007
1192452071
1192452143
1192452202
1192452280
1192452349
1192452404
1192452473
1192452537
1192452629
1192452679
1192452745
1192452807
1192452872
1192452936
1192453014
1192453085
1192453145
1192453207
1192453270
1192453352
1192453412
1192453480
1192453544
1192453610
1192453689
1192453750
1192453824
1192453880
1192453944
1192454018
1192454086
1192454161
1192454212
1192454279
1192454344
1192454436
1192454485
1192454555
1192454613
1192454685
1192454761
1192454824
1192454886
1192454953
1192455026
1192455079
1192455162
1192455229
1192455287
1192455350
1192455417
1192455497
1192455563
1192455624
1192455689
1192455753
1192455812
1192455904
1192455958
1192456024
1192456087
1192456149
1192456232
1192456296
1192456365
1192456421
1192456497
1192456566
1192456628
1192456695
1192456761
1192456829
1192456887
1192456968
1192457040
1192457093
1192457162
1192457223
1192457306
1192457373
1192457431
1192457503
1192457561
1192457647
1192457703
1192457774
1192457833
1192457894
1192457961
1192458039
1192458103
1192458165
1192458233
1192458294
1192458386
1192458440
1192458505
1192458571
1192458639
1192458695
1192458785
1192458840
1192458908
1192458965
1192459031
1192459116
1192459186
1192459240
1192459302
1192459369
1192459449
1192459516
1192459579
1192459652
1192459700
1192459767
1192459855
1192459910
1192459976
1192460037
1192460100
1192460194
1192460245
1192460310
1192460376
1192460437
1192460501
1192460580
1192460645
1192460709
1192460772
1192460839
1192460924
1192460983
1192461049
1192461116
1192461174
1192461253
1192461321
1192461381
1192461452
1192461508
1192461578
1192461658
1192461719
1192461786
1192461849
1192461910
1192462003
1192462056
1192462121
1192462189
1192462247
1192462338
1192462395
1192462457
1192462520
1192462584
1192462658
1192462730
1192462789
1192462867
1192462922
1192462983
1192463066
1192463128
1192463199
1192463257
1192463332
1192463385
1192463461
1192463531
1192463594
1192463660
1192463720
1192463801
1192463862
1192463927
1192463989
1192464062
1192464136
1192464199
1192464265
1192464326
1192464391
1192464460
1192464536
1192464601
1192464663
1192464727
1192464793
1192464875
1192464940
1192465003
1192465061
1192465129
1192465209
1192465271
1192465340
1192465400
1192465464
1192465528
1192465609
1192465670
1192465734
1192465796
1192465860
1192465940
1192466004
1192466068
1192466133
1192466197
1192466261
1192466340
1192466405
1192466474
1192466544
1192466609
1192466692
1192466746
1192466805
1192466872
1192466937
1192467024
1192467083
1192467143
1192467217
1192467270
1192467334
1192467422
1192467481
1192467543
1192467607
1192467677
1192467750
1192467819
1192467879
1192467945
1192468009
1192468097
1192468155
1192468213
1192468281
1192468343
1192468409
1192468496
1192468549
1192468620
1192468690
1192468741
1192468827
1192468887
1192468956
1192469018
1192469087
1192469147
1192469236
1192469286
1192469365
1192469416
1192469483
1192469569
1192469621
1192469690
1192469750
1192469814
1192469905
1192469962
1192470022
1192470087
1192470156
1192470226
1192470301
1192470363
1192470421
1192470486
1192470552
1192470644
1192470696
1192470759
1192470825
1192470886
1192470950
1192471034
1192471092
1192471156
1192471220
1192471284
1192471364
1192471429
1192471492
1192471556
1192471620
1192471700
1192471765
1192471828
1192471892
1192471956
1192472020
1192472101
1192472165
1192472228
1192472292
1192472356
1192472436
1192472500
1192472565
1192472628
1192472692
1192472775
1192472840
1192472904
1192472975
1192473029
1192473096
1192473187
1192473237
1192473307
1192473367
1192473434
1192473508
1192473576
1192473650
1192473702
1192473768
1192473832
1192473914
1192473976
1192474040
1192474101
1192474179
1192474258
1192474311
1192474384
1192474438
1192474502
1192474584
1192474647
1192474720
1192474778
1192474840
1192474917
1192474984
1192475048
1192475114
1192475179
1192475240
1192475320
1192475384
1192475451
1192475511
1192475575
1192475661
1192475718
1192475782
1192475846
1192475911
1192475976
1192476068
1192476122
1192476184
1192476251
1192476312
1192476404
1192476455
1192476520
1192476584
1192476647
1192476720
1192476792
1192476857
1192476918
1192476993
1192477051
1192477128
1192477197
1192477256
1192477324
1192477385
1192477477
1192477527
1192477591
1192477656
1192477724
1192477787
1192477869
1192477927
1192477991
1192478055
1192478117
1192478202
1192478265
1192478332
1192478397
1192478456
1192478546
1192478596
1192478664
1192478728
1192478791
1192478857
1192478934
1192479002
1192479066
1192479138
1192479194
1192479280
1192479335
1192479401
1192479463
1192479530
1192479591
1192479677
1192479736
1192479801
1192479866
1192479926
1192480016
1192480070
1192480146
1192480201
1192480265
1192480347
1192480410
1192480470
1192480536
1192480598
1192480668
1192480745
1192480810
1192480870
1192480932
1192480997
1192481081
1192481144
1192481208
1192481280
1192481340
1192481402
1192481480
1192481542
1192481606
1192481670
1192481741
1192481823
1192481882
1192481947
1192482005
1192482072
1192482161
1192482215
1192482282
1192482345
1192482405
1192482472
1192482553
1192482614
1192482678
1192482745
1192482806
1192482890
1192482953
1192483017
1192483079
1192483144
1192483228
1192483284
1192483351
1192483415
1192483490
1192483540
1192483629
1192483687
1192483752
1192483816
1192483880
1192483962
1192484025
1192484084
1192484150
1192484213
1192484279
1192484361
1192484425
1192484487
1192484553
1192484614
1192484705
1192484761
1192484823
1192484888
1192484960
1192485031
1192485093
1192485159
1192485221
1192485289
1192485352
1192485434
1192485493
1192485562
1192485624
1192485697
1192485764
1192485828
1192485898
1192485962
1192486027
1192486116
1192486168
1192486230
1192486294
1192486360
1192486424
1192486513
1192486567
1192486631
1192486697
1192486762
1192486841
1192486908
1192486966
1192487032
1192487096
1192487158
1192487240
1192487302
1192487368
1192487430
1192487500
1192487586
1192487640
1192487708
1192487767
1192487840
1192487908
1192487979
1192488042
1192488102
1192488169
1192488233
1192488323
1192488380
1192488440
1192488505
1192488569
1192488651
1192488713
1192488784
1192488837
1192488905
1192488996
1192489046
1192489113
1192489175
1192489238
1192489305
1192489386
1192489453
1192489514
1192489584
1192489641
1192489720
1192489784
1192489848
1192489916
1192489975
1192490043
1192490119
1192490187
1192490247
1192490314
1192490373
1192490456
1192490527
1192490582
1192490648
1192490721
1192490796
1192490855
1192490921
1192490988
1192491053
1192491115
1192491191
1192491257
1192491321
1192491389
1192491447
1192491537
1192491593
1192491658
1192491719
1192491786
1192491853
1192491925
1192491995
1192492069
1192492122
1192492182
1192492273
1192492328
1192492393
1192492459
1192492525
1192492601
1192492668
1192492733
1192492792
1192492853
1192492921
1192493001
1192493073
1192493126
1192493201
1192493256
1192493333
1192493402
1192493460
1192493537
1192493593
1192493681
1192493741
1192493799
1192493866
1192493925
1192493992
1192494079
1192494134
1192494201
1192494267
1192494329
1192494407
1192494473
1192494535
1192494601
1192494669
1192494728
1192494812
1192494873
1192494944
1192494996
1192495064
1192495155
1192495208
1192495276
1192495339
1192495399
1192495480
1192495543
1192495608
1192495672
1192495736
1192495803
1192495889
1192495943
1192496007
1192496071
1192496135
1192496221
1192496283
1192496343
1192496410
1192496469
1192496555
1192496616
1192496681
1192496751
1192496806
1192496874
1192496951
1192497016
1192497084
1192497149
1192497209
1192497296
1192497351
1192497426
1192497479
1192497547
1192497608
1192497688
1192497752
1192497816
1192497886
1192497941
1192498023
1192498097
1192498150
1192498217
1192498281
1192498369
1192498423
1192498487
1192498557
1192498616
1192498688
1192498762
1192498824
1192498892
1192498955
1192499020
1192499106
1192499159
1192499227
1192499285
1192499352
1192499427
1192499492
1192499556
1192499625
1192499690
1192499753
1192499834
1192499896
1192499968
1192500027
1192500089
1192500175
1192500233
1192500295
1192500361
1192500423
1192500488
1192500584
1192500630
1192500696
1192500766
1192500821
1192500906
1192500964
1192501036
1192501092
1192501159
1192501241
1192501315
1192501369
1192501434
1192501495
1192501560
1192501646
1192501702
1192501777
1192501829
1192501896
1192501987
1192502043
1192502113
1192502174
1192502232
1192502296
1192502386
1192502439
1192502509
1192502574
1192502631
1192502713
1192502778
1192502843
1192502907
1192502970
1192503049
1192503110
1192503177
1192503248
1192503307
1192503371
1192503452
1192503510
1192503581
1192503639
1192503714
1192503784
1192503853
1192503917
1192503979
1192504039
1192504123
1192504182
1192504245
1192504311
1192504377
1192504446
1192504522
1192504581
1192504651
1192504711
1192504775
1192504865
1192504917
1192504986
1192505045
1192505113
1192505174
1192505259
1192505325
1192505383
1192505449
1192505519
1192505594
1192505652
1192505720
1192505784
1192505846
1192505928
1192505993
1192506057
1192506121
1192506185
1192506257
1192506326
1192506390
1192506456
1192506530
1192506584
1192506668
1192506728
1192506797
1192506861
1192506922
1192507008
1192507069
1192507126
1192507195
1192507255
1192507319
1192507400
1192507478
1192507527
1192507593
1192507655
1192507735
1192507802
1192507869
1192507933
1192507992
1192508058
1192508140
1192508204
1192508265
1192508329
1192508394
1192508480
1192508537
1192508606
1192508665
1192508726
1192508813
1192508874
1192508935
1192508999
1192509063
1192509137
1192509204
1192509271
1192509338
1192509400
1192509474
1192509542
1192509606
1192509671
1192509732
1192509803
1192509872
1192509945
1192510011
1192510069
1192510137
1192510203
1192510278
1192510342
1192510406
1192510473
1192510534
1192510616
1192510680
1192510745
1192510811
1192510872
1192510941
1192511021
1192511077
1192511144
1192511205
1192511269
1192511349
1192511417
1192511480
1192511545
1192511609
1192511689
1192511752
1192511812
1192511880
1192511944
1192512013
1192512089
1192512150
1192512220
1192512283
1192512347
1192512424
1192512492
1192512553
1192512616
1192512679
1192512746
1192512824
1192512886
1192512953
1192513015
1192513082
1192513169
1192513227
1192513288
1192513348
1192513415
1192513498
1192513560
1192513624
1192513690
1192513749
1192513825
1192513896
1192513960
1192514025
1192514090
1192514155
1192514232
1192514304
1192514356
1192514428
1192514486
1192514579
1192514632
1192514698
1192514761
1192514832
1192514884
1192514968
1192515033
1192515097
1192515165
1192515226
1192515316
1192515368
1192515437
1192515501
1192515559
1192515625
1192515712
1192515770
1192515829
1192515899
1192515965
1192516042
1192516105
1192516172
1192516229
1192516297
1192516383
1192516436
1192516505
1192516569
1192516631
1192516696
1192516777
1192516841
1192516902
1192516969
1192517033
1192517113
1192517177
1192517242
1192517305
1192517367
1192517453
1192517515
1192517585
1192517643
1192517701
1192517769
1192517850
1192517916
1192517973
1192518038
1192518102
1192518192
1192518248
1192518320
1192518375
1192518441
1192518503
1192518592
1192518646
1192518714
1192518774
1192518837
1192518921
1192518996
1192519044
1192519108
