-0.03411076 0.4070276 2.103562 Tracked 66033360
-0.03203448 0.4069228 2.101259 Tracked 66033394
-0.02844822 0.4071929 2.099066 Tracked 66033427
-0.02493153 0.4077063 2.09781 Tracked 66033460
-0.01839734 0.4076251 2.09476 Tracked 66033493
-0.01229804 0.4057026 2.092325 Tracked 66033526
-0.005075241 0.4036499 2.089565 Tracked 66033561
0.003259344 0.3989219 2.086295 Tracked 66033594
0.01350384 0.3879105 2.081644 Tracked 66033626
0.02163702 0.3761978 2.080405 Tracked 66033659
0.03249591 0.3544837 2.080408 Tracked 66033694
0.04209351 0.3152238 2.083351 Tracked 66033726
0.04731521 0.288188 2.083411 Tracked 66033760
0.0578328 0.2438354 2.085951 Tracked 66033794
0.06158753 0.2209083 2.088793 Tracked 66033826
0.06576893 0.1786726 2.095939 Tracked 66033860
0.06266752 0.1556216 2.092818 Tracked 66033894
0.06031968 0.1355589 2.089709 Tracked 66033927
0.05536295 0.1149543 2.090074 Tracked 66033960
0.05057291 0.1031019 2.090341 Tracked 66033994
0.0453514 0.08954376 2.091532 Tracked 66034027
0.04352783 0.08348209 2.09322 Tracked 66034059
0.04121691 0.07569017 2.093399 Tracked 66034094
0.03678138 0.07076579 2.093077 Tracked 66034127
0.03447433 0.06898416 2.092798 Tracked 66034159
0.03126228 0.07075633 2.092678 Tracked 66034194
0.0271279 0.07949104 2.092459 Tracked 66034227
0.02948105 0.09568354 2.095148 Tracked 66034260
0.02818956 0.1282339 2.096967 Tracked 66034294
0.03420049 0.154459 2.100491 Tracked 66034326
0.04071265 0.1864216 2.102206 Tracked 66034361
0.03983843 0.2138793 2.101082 Tracked 66034393
0.03937639 0.242391 2.10374 Tracked 66034425
0.03638219 0.2869887 2.105417 Tracked 66034460
0.03394756 0.3034968 2.105589 Tracked 66034494
0.0261001 0.342928 2.103772 Tracked 66034527
0.01974611 0.3641574 2.102243 Tracked 66034559
0.01528343 0.3796906 2.101782 Tracked 66034594
0.01013013 0.3887412 2.102425 Tracked 66034626
0.006177968 0.3959777 2.103911 Tracked 66034660
0.001732208 0.4002193 2.105268 Tracked 66034694
-0.002368519 0.4034646 2.106366 Tracked 66034727
-0.007644197 0.4070303 2.108175 Tracked 66034761
-0.01250625 0.4093771 2.109788 Tracked 66034793
-0.01629429 0.4106234 2.110618 Tracked 66034827
-0.01889639 0.4111593 2.111501 Tracked 66034860
-0.02175475 0.4120606 2.113839 Tracked 66034894
-0.02292362 0.4124177 2.114912 Tracked 66034926
-0.02352494 0.4125614 2.115621 Tracked 66034960
-0.02362644 0.4128095 2.116312 Tracked 66034999
-0.02330977 0.4128489 2.117107 Tracked 66035033
-0.02247792 0.413105 2.117412 Tracked 66035061
-0.02090839 0.4132653 2.118161 Tracked 66035093
-0.01838966 0.4135087 2.11913 Tracked 66035126
-0.01007809 0.4136794 2.120586 Tracked 66035161
-0.001869504 0.4125911 2.119542 Tracked 66035193
0.005888526 0.4093304 2.118932 Tracked 66035225
0.01216687 0.4031967 2.118826 Tracked 66035261
0.02232988 0.3898159 2.116355 Tracked 66035293
0.0328847 0.3690067 2.115335 Tracked 66035326
0.04351703 0.3354793 2.116471 Tracked 66035360
0.05363423 0.303098 2.116669 Tracked 66035393
0.06803857 0.2674816 2.118186 Tracked 66035426
0.06693629 0.2405917 2.118346 Tracked 66035460
0.07191299 0.202848 2.117858 Tracked 66035493
0.07190748 0.1721298 2.123118 Tracked 66035526
0.07474244 0.1281255 2.1245 Tracked 66035560
0.06441262 0.128992 2.125685 Tracked 66035593
0.064353 0.1174576 2.126906 Tracked 66035626
0.06466259 0.1011577 2.12773 Tracked 66035661
0.06397531 0.09393824 2.127314 Tracked 66035698
0.06299056 0.09313927 2.12768 Tracked 66035730
0.06224474 0.09245252 2.127803 Tracked 66035763
0.06149303 0.09307371 2.127858 Tracked 66035797
0.06020054 0.09562563 2.128338 Tracked 66035830
0.0362035 0.1406289 2.123869 Tracked 66035864
0.03439948 0.1559895 2.124286 Tracked 66035897
0.03804636 0.1740389 2.126849 Tracked 66035930
0.03611175 0.1985179 2.126317 Tracked 66035963
0.0389941 0.208907 2.124263 Tracked 66035996
0.0325429 0.24437 2.122077 Tracked 66036029
0.02480246 0.2868109 2.128148 Tracked 66036063
0.02233221 0.2993089 2.128968 Tracked 66036096
0.01420951 0.331559 2.130355 Tracked 66036130
0.00863556 0.3517909 2.130777 Tracked 66036164
0.001140029 0.3700894 2.133319 Tracked 66036197
-0.00207716 0.3803342 2.134142 Tracked 66036230
-0.006161457 0.39051 2.134978 Tracked 66036264
-0.009326025 0.3974353 2.135787 Tracked 66036297
-0.01196996 0.4013529 2.136412 Tracked 66036330
-0.01522847 0.40556 2.137098 Tracked 66036364
-0.01634372 0.4069295 2.136678 Tracked 66036410
-0.0196723 0.4101822 2.136451 Tracked 66036430
-0.02172327 0.4115345 2.136474 Tracked 66036465
-0.02296222 0.4119979 2.136196 Tracked 66036498
-0.02340042 0.4126996 2.135785 Tracked 66036531
-0.02349938 0.4132143 2.134866 Tracked 66036564
-0.02280326 0.413844 2.133542 Tracked 66036597
-0.02137843 0.4140317 2.13243 Tracked 66036630
-0.01759036 0.4138483 2.128772 Tracked 66036664
-0.01255488 0.4125105 2.124585 Tracked 66036697
-0.007374161 0.4100898 2.121094 Tracked 66036730
0.0006027017 0.405296 2.117051 Tracked 66036764
0.0105311 0.3941043 2.111509 Tracked 66036797
0.01821822 0.3838822 2.107628 Tracked 66036831
0.0326562 0.3571796 2.102304 Tracked 66036864
0.04436335 0.3288085 2.100964 Tracked 66036897
0.06459557 0.2846534 2.098491 Tracked 66036930
0.0695546 0.256427 2.098453 Tracked 66036964
0.06581177 0.2364623 2.098708 Tracked 66036997
0.07383478 0.1878787 2.105059 Tracked 66037030
0.06941768 0.1793313 2.103833 Tracked 66037064
0.05316842 0.150634 2.101814 Tracked 66037097
0.04886609 0.134829 2.100383 Tracked 66037131
0.04592231 0.1184271 2.098236 Tracked 66037165
0.04452284 0.1067755 2.096858 Tracked 66037197
0.043134 0.09294584 2.095632 Tracked 66037229
0.04209156 0.08797251 2.094069 Tracked 66037263
0.04146624 0.08584953 2.093676 Tracked 66037296
0.04131566 0.08556853 2.093233 Tracked 66037329
0.04118169 0.08660453 2.093054 Tracked 66037364
0.04136182 0.09165275 2.092065 Tracked 66037397
0.04213736 0.1035125 2.092244 Tracked 66037430
0.04220956 0.1272528 2.093099 Tracked 66037464
0.04343447 0.1483597 2.092564 Tracked 66037497
0.04912904 0.1796353 2.091692 Tracked 66037531
0.05795908 0.1948079 2.092099 Tracked 66037568
0.06437972 0.2340098 2.092848 Tracked 66037601
0.06561033 0.2478967 2.091451 Tracked 66037635
0.06151935 0.2845832 2.090569 Tracked 66037668
0.05797484 0.3037334 2.089937 Tracked 66037700
0.0521941 0.3281615 2.08928 Tracked 66037733
0.04695486 0.3544294 2.089197 Tracked 66037768
0.04306343 0.367521 2.090097 Tracked 66037802
0.03759663 0.3820814 2.089397 Tracked 66037831
0.03532544 0.3879449 2.089492 Tracked 66037863
0.0329725 0.3930973 2.090313 Tracked 66037896
0.03011788 0.3969758 2.090463 Tracked 66037929
0.02834706 0.398691 2.090657 Tracked 66037964
0.02618422 0.4015643 2.090835 Tracked 66037998
0.02376956 0.4044499 2.091379 Tracked 66038030
0.0224262 0.4059248 2.091184 Tracked 66038064
0.02162626 0.4065927 2.09117 Tracked 66038097
0.02098508 0.4074774 2.09138 Tracked 66038130
0.02057825 0.4079901 2.091365 Tracked 66038164
0.02050501 0.4082238 2.091348 Tracked 66038197
0.02120187 0.4084399 2.090789 Tracked 66038230
0.02222203 0.4087652 2.090555 Tracked 66038264
0.02286745 0.4089726 2.090149 Tracked 66038297
0.02477425 0.4085813 2.089149 Tracked 66038330
0.02808358 0.4073225 2.088719 Tracked 66038364
0.02792076 0.406543 2.09023 Tracked 66038397
0.04095558 0.3878125 2.085396 Tracked 66038432
0.04975909 0.3709243 2.085551 Tracked 66038465
0.05725884 0.350467 2.086182 Tracked 66038497
0.07187775 0.30254 2.089839 Tracked 66038530
0.0780651 0.274347 2.091871 Tracked 66038564
0.07566907 0.2492333 2.09446 Tracked 66038596
0.07434397 0.2246012 2.094742 Tracked 66038630
0.06365526 0.1991945 2.099212 Tracked 66038664
0.05974738 0.1777356 2.100117 Tracked 66038696
0.05314948 0.1463344 2.103305 Tracked 66038730
0.05153649 0.1338966 2.103045 Tracked 66038764
0.04875731 0.1144272 2.103811 Tracked 66038798
0.04570645 0.1057202 2.103724 Tracked 66038831
0.0412323 0.09461445 2.102298 Tracked 66038864
0.03937453 0.08912782 2.101784 Tracked 66038897
0.03750106 0.08457068 2.101816 Tracked 66038931
0.03654088 0.08369529 2.101495 Tracked 66038964
0.03617078 0.08351403 2.101273 Tracked 66038997
0.03584123 0.08420409 2.10078 Tracked 66039031
0.03379529 0.093792 2.09876 Tracked 66039064
0.03500996 0.1125591 2.098895 Tracked 66039097
0.03607501 0.1395092 2.100855 Tracked 66039130
0.03551289 0.1673849 2.099953 Tracked 66039164
0.03977654 0.1936681 2.104065 Tracked 66039199
0.04540325 0.2229934 2.100913 Tracked 66039239
0.04394513 0.2635766 2.097303 Tracked 66039265
0.04291622 0.2755663 2.097864 Tracked 66039297
0.03755733 0.3134879 2.096895 Tracked 66039331
0.03341234 0.3241276 2.096577 Tracked 66039361
0.0236874 0.3527326 2.096456 Tracked 66039393
0.01885046 0.3686377 2.095042 Tracked 66039427
0.01386214 0.3805993 2.095011 Tracked 66039459
0.01015357 0.3877766 2.096023 Tracked 66039494
0.007535577 0.3912916 2.095326 Tracked 66039527
0.003971556 0.3954986 2.093863 Tracked 66039560
0.002343269 0.3983066 2.093081 Tracked 66039595
0.0001593041 0.399869 2.09268 Tracked 66039627
-0.002118482 0.4016934 2.092196 Tracked 66039659
-0.00389512 0.4024532 2.091761 Tracked 66039695
-0.005099572 0.4031005 2.091287 Tracked 66039727
-0.004811289 0.4034361 2.090625 Tracked 66039760
-0.006293377 0.4042588 2.090732 Tracked 66039795
-0.006788068 0.4048909 2.090426 Tracked 66039828
-0.006922199 0.4053599 2.090381 Tracked 66039860
-0.005494998 0.4056768 2.089868 Tracked 66039894
-0.00483235 0.4061504 2.089665 Tracked 66039928
-0.0033462 0.4063926 2.089559 Tracked 66039961
-0.0007423566 0.4064271 2.089132 Tracked 66039994
0.003447167 0.4058845 2.088802 Tracked 66040027
0.008634152 0.4035075 2.088213 Tracked 66040060
0.0146551 0.3971686 2.088175 Tracked 66040095
0.0223371 0.3808974 2.089075 Tracked 66040127
0.03341283 0.3464868 2.092867 Tracked 66040159
0.04199374 0.3187112 2.092678 Tracked 66040194
0.05365146 0.2593525 2.09619 Tracked 66040226
0.05067135 0.2405469 2.09833 Tracked 66040260
0.05314664 0.1958961 2.106661 Tracked 66040294
0.04098142 0.1433853 2.105864 Tracked 66040326
0.03801288 0.1345553 2.109821 Tracked 66040361
0.02665302 0.107515 2.110643 Tracked 66040394
0.01195834 0.102484 2.110002 Tracked 66040425
0.008289742 0.08820488 2.111676 Tracked 66040460
0.005310724 0.07534021 2.114855 Tracked 66040495
0.002843039 0.06723212 2.116932 Tracked 66040527
0.001886239 0.06513108 2.117683 Tracked 66040559
0.001620862 0.0645392 2.117744 Tracked 66040594
0.0009671734 0.06525824 2.117887 Tracked 66040625
0.0006928263 0.07055736 2.1178 Tracked 66040659
0.0003144513 0.08266662 2.118794 Tracked 66040693
-0.001688448 0.1051042 2.118644 Tracked 66040726
0.004545832 0.1293412 2.123021 Tracked 66040760
0.008670744 0.1545269 2.124335 Tracked 66040795
0.007994988 0.1820449 2.126889 Tracked 66040825
0.01220942 0.2127721 2.122547 Tracked 66040860
0.01232394 0.2337826 2.120703 Tracked 66040892
0.01527577 0.2654793 2.115694 Tracked 66040924
0.01605325 0.2979023 2.114862 Tracked 66040959
0.01311112 0.3174399 2.113711 Tracked 66040994
0.005436327 0.349483 2.110005 Tracked 66041025
0.00224762 0.3660628 2.108368 Tracked 66041060
-0.0007046175 0.3762337 2.107043 Tracked 66041094
-0.002488925 0.3866245 2.105364 Tracked 66041126
-0.005098587 0.3918227 2.104213 Tracked 66041160
-0.00693326 0.394964 2.10416 Tracked 66041194
-0.008877465 0.3978374 2.103332 Tracked 66041226
-0.007449021 0.3987885 2.100438 Tracked 66041259
-0.01041939 0.4006093 2.100209 Tracked 66041293
-0.01051252 0.4010109 2.099202 Tracked 66041326
-0.01243236 0.4018486 2.09864 Tracked 66041360
-0.01205196 0.401966 2.097729 Tracked 66041394
-0.01272569 0.4024224 2.097711 Tracked 66041426
-0.01309404 0.402943 2.097157 Tracked 66041459
-0.01303887 0.4033315 2.09704 Tracked 66041507
-0.01250288 0.4039805 2.096685 Tracked 66041525
-0.01108342 0.4046757 2.095921 Tracked 66041560
-0.008798138 0.4053922 2.094945 Tracked 66041594
-0.005634454 0.4052692 2.094202 Tracked 66041627
-0.001176753 0.4032955 2.093356 Tracked 66041659
0.004379464 0.3969629 2.09149 Tracked 66041694
0.01087359 0.3848329 2.090236 Tracked 66041727
0.01884795 0.3610836 2.090165 Tracked 66041762
0.02744345 0.3250566 2.093583 Tracked 66041795
0.03189004 0.293515 2.097079 Tracked 66041826
0.04238357 0.2530032 2.103708 Tracked 66041860
0.03809218 0.2294574 2.103279 Tracked 66041894
0.04066124 0.1955552 2.104445 Tracked 66041927
0.04202254 0.1407541 2.105776 Tracked 66041960
0.03813775 0.1452111 2.107684 Tracked 66041994
0.02480004 0.1235804 2.11061 Tracked 66042027
0.01349492 0.09754699 2.109737 Tracked 66042059
0.01194355 0.09104756 2.10966 Tracked 66042095
0.00355476 0.08297274 2.107049 Tracked 66042125
0.001079562 0.07202557 2.108453 Tracked 66042160
-0.0009768868 0.06081153 2.107057 Tracked 66042194
-0.00154791 0.0591724 2.107393 Tracked 66042226
-0.001657748 0.05902363 2.107405 Tracked 66042259
-0.001566612 0.05964756 2.106829 Tracked 66042293
-0.00100441 0.06550644 2.10577 Tracked 66042327
0.0002251885 0.07648516 2.102834 Tracked 66042359
0.003387228 0.1051601 2.10403 Tracked 66042394
0.007131546 0.1223078 2.104768 Tracked 66042425
0.00996675 0.1488264 2.105377 Tracked 66042459
0.01477655 0.1721815 2.105082 Tracked 66042507
0.0162778 0.2028415 2.107204 Tracked 66042525
0.02383551 0.2156567 2.104253 Tracked 66042560
0.02257834 0.2712317 2.104981 Tracked 66042593
0.02004984 0.2905803 2.103787 Tracked 66042627
0.01714934 0.316379 2.103994 Tracked 66042659
0.01190656 0.3465597 2.102154 Tracked 66042695
0.009575978 0.3614334 2.101675 Tracked 66042727
0.005337775 0.3771414 2.100737 Tracked 66042761
0.002785428 0.3854798 2.099777 Tracked 66042794
0.00120932 0.3909755 2.099367 Tracked 66042827
-0.0005592128 0.395 2.098641 Tracked 66042861
-0.001712783 0.3974143 2.098481 Tracked 66042895
-0.003350667 0.4000787 2.097704 Tracked 66042927
-0.004647393 0.4022022 2.097496 Tracked 66042960
-0.005204341 0.4030337 2.097163 Tracked 66042994
-0.005302318 0.4031449 2.097145 Tracked 66043025
-0.005267782 0.4034379 2.096857 Tracked 66043060
-0.005074351 0.403907 2.096614 Tracked 66043094
-0.004310195 0.4043903 2.096302 Tracked 66043126
-0.002105667 0.4053335 2.095642 Tracked 66043160
0.001015697 0.4062355 2.094404 Tracked 66043194
0.005695906 0.407335 2.093808 Tracked 66043226
0.01113028 0.4068783 2.093177 Tracked 66043259
0.01936772 0.4034039 2.090765 Tracked 66043294
0.027068 0.3976147 2.089129 Tracked 66043327
0.0377551 0.3851052 2.087658 Tracked 66043359
0.0409532 0.3743123 2.08925 Tracked 66043394
0.05945792 0.3217446 2.09269 Tracked 66043426
0.06640292 0.2990162 2.092552 Tracked 66043461
0.07698826 0.2507211 2.096194 Tracked 66043494
0.07555703 0.2326573 2.098413 Tracked 66043526
0.07953298 0.1754284 2.106857 Tracked 66043560
0.07392901 0.1675587 2.103321 Tracked 66043593
0.05924895 0.144902 2.103024 Tracked 66043627
0.05406227 0.1253218 2.102403 Tracked 66043661
0.04755798 0.1093021 2.10238 Tracked 66043695
0.04253945 0.09219989 2.10173 Tracked 66043726
0.03969691 0.082284 2.101888 Tracked 66043760
0.03768593 0.0743927 2.102881 Tracked 66043792
0.03714038 0.06713528 2.102844 Tracked 66043825
0.03667605 0.0643961 2.103212 Tracked 66043859
0.03651602 0.06442405 2.103328 Tracked 66043893
0.035571 0.06837399 2.103797 Tracked 66043925
0.03340296 0.07866761 2.103097 Tracked 66043960
0.03207368 0.09525078 2.102041 Tracked 66043993
0.03168629 0.1153011 2.10151 Tracked 66044025
0.03025865 0.1441073 2.106025 Tracked 66044061
0.03183996 0.1699297 2.106556 Tracked 66044093
0.03707851 0.1930388 2.108019 Tracked 66044127
0.03928725 0.218928 2.105969 Tracked 66044160
0.0322598 0.2427883 2.107919 Tracked 66044194
0.03642526 0.2723537 2.107333 Tracked 66044225
0.03248155 0.2931019 2.108648 Tracked 66044259
0.02677617 0.3137933 2.11076 Tracked 66044292
0.01890734 0.3481219 2.110981 Tracked 66044325
0.0144927 0.362008 2.109971 Tracked 66044361
0.01031304 0.3749017 2.110777 Tracked 66044393
0.007856454 0.3853819 2.111161 Tracked 66044426
0.004531359 0.3911521 2.111404 Tracked 66044459
0.001142575 0.3970085 2.111114 Tracked 66044492
-0.001652394 0.3995993 2.111115 Tracked 66044525
-0.002322161 0.4009027 2.110947 Tracked 66044559
-0.005574075 0.4030879 2.111468 Tracked 66044593
-0.005631804 0.4036947 2.110897 Tracked 66044626
-0.009738166 0.4061497 2.111506 Tracked 66044660
-0.011538 0.4071332 2.111723 Tracked 66044693
-0.01274444 0.4080994 2.112071 Tracked 66044726
-0.01197809 0.4082944 2.111705 Tracked 66044760
-0.01110018 0.4085018 2.111336 Tracked 66044793
-0.01000955 0.408768 2.111172 Tracked 66044826
-0.009825603 0.4091802 2.111209 Tracked 66044860
-0.00895785 0.4095441 2.11146 Tracked 66044897
-0.005892954 0.4101247 2.111153 Tracked 66044926
-0.001157692 0.4094949 2.110224 Tracked 66044959
0.007442689 0.40698 2.108392 Tracked 66044993
0.01527571 0.4010706 2.107729 Tracked 66045026
0.02661804 0.3881353 2.106517 Tracked 66045059
0.03889414 0.3618697 2.105778 Tracked 66045094
0.04896311 0.3288138 2.108257 Tracked 66045127
0.05687342 0.2962425 2.108757 Tracked 66045161
0.06768418 0.2579345 2.110992 Tracked 66045195
0.06685359 0.2278769 2.113594 Tracked 66045226
0.06590354 0.203697 2.121076 Tracked 66045260
0.06363583 0.1780591 2.119726 Tracked 66045292
0.05578544 0.1465911 2.117105 Tracked 66045327
0.05393638 0.1303792 2.115584 Tracked 66045359
0.04785854 0.1008628 2.110746 Tracked 66045393
0.04488016 0.08755194 2.110134 Tracked 66045426
0.03973915 0.07186906 2.112038 Tracked 66045459
0.03495193 0.05752124 2.114982 Tracked 66045493
0.03357343 0.0512471 2.116026 Tracked 66045526
0.03256515 0.0478434 2.116369 Tracked 66045560
0.03240899 0.04670736 2.116266 Tracked 66045592
0.0325009 0.04921604 2.116694 Tracked 66045626
0.0358966 0.05680649 2.112706 Tracked 66045659
0.03965336 0.07079457 2.109251 Tracked 66045692
0.04232568 0.09047801 2.106848 Tracked 66045725
0.04411947 0.1166813 2.1054 Tracked 66045760
0.04531915 0.1335383 2.105753 Tracked 66045794
0.04909884 0.1883456 2.112061 Tracked 66045825
0.04742195 0.2013522 2.110862 Tracked 66045859
0.05536364 0.2327084 2.108311 Tracked 66045895
0.05420318 0.2596573 2.108298 Tracked 66045926
0.05259015 0.281376 2.105594 Tracked 66045960
0.04973332 0.312882 2.104453 Tracked 66045993
0.04779648 0.3188459 2.103105 Tracked 66046026
0.0363647 0.3579614 2.103253 Tracked 66046060
0.03322973 0.3683278 2.102355 Tracked 66046094
0.02780923 0.380541 2.102107 Tracked 66046126
0.02473729 0.3851546 2.101131 Tracked 66046160
0.02024321 0.3913873 2.100902 Tracked 66046194
0.01733818 0.3948168 2.10096 Tracked 66046227
0.01459562 0.3978817 2.10106 Tracked 66046261
0.0120171 0.4003436 2.100869 Tracked 66046294
0.01028191 0.4022123 2.100411 Tracked 66046327
0.008734602 0.4035181 2.100107 Tracked 66046362
0.006942835 0.4046613 2.099759 Tracked 66046394
0.006274976 0.4050702 2.099518 Tracked 66046427
0.005779451 0.4053647 2.099214 Tracked 66046461
0.005591415 0.4059792 2.098647 Tracked 66046495
0.005613355 0.4061028 2.098529 Tracked 66046527
0.005967852 0.4062606 2.098091 Tracked 66046561
0.00729223 0.4061943 2.09777 Tracked 66046594
0.009910115 0.4053592 2.097013 Tracked 66046627
0.01514123 0.4028307 2.095677 Tracked 66046662
0.01612643 0.4017889 2.098024 Tracked 66046694
0.02057046 0.3963673 2.099152 Tracked 66046726
0.04315746 0.3637295 2.094551 Tracked 66046760
0.04902584 0.3459199 2.095888 Tracked 66046796
0.06243964 0.3110952 2.095099 Tracked 66046827
0.07296113 0.2666803 2.097356 Tracked 66046862
0.07249022 0.2484529 2.100021 Tracked 66046894
0.07884935 0.1969582 2.107497 Tracked 66046927
0.07008308 0.1576459 2.101465 Tracked 66046962
0.0644825 0.1509875 2.101223 Tracked 66046996
0.05537303 0.1347838 2.103415 Tracked 66047025
0.04809376 0.1100637 2.102727 Tracked 66047060
0.0419463 0.08994451 2.103036 Tracked 66047093
0.0389672 0.07443044 2.10446 Tracked 66047124
0.0372205 0.05545269 2.106439 Tracked 66047160
0.03460005 0.05268783 2.107067 Tracked 66047194
0.03332089 0.04505597 2.107886 Tracked 66047226
0.03422451 0.04660167 2.119467 Tracked 66047260
0.03327689 0.04938918 2.121654 Tracked 66047294
0.03340371 0.05320072 2.123661 Tracked 66047325
0.02947676 0.08789831 2.125398 Tracked 66047361
0.03001207 0.08922637 2.124819 Tracked 66047394
0.03265948 0.09753127 2.122835 Tracked 66047426
0.02822272 0.1265519 2.108343 Tracked 66047459
0.02999643 0.148175 2.109448 Tracked 66047493
0.03754378 0.1727728 2.111078 Tracked 66047526
0.04614234 0.1956691 2.111075 Tracked 66047560
0.04949052 0.2334341 2.11175 Tracked 66047592
0.05024279 0.2475138 2.110096 Tracked 66047625
0.05007977 0.2845504 2.109815 Tracked 66047660
0.04758532 0.3060369 2.106267 Tracked 66047692
0.04493454 0.3235126 2.105696 Tracked 66047726
0.03999639 0.3469859 2.104448 Tracked 66047759
0.03764169 0.3613683 2.103394 Tracked 66047792
0.03334228 0.3718248 2.102766 Tracked 66047825
0.03315908 0.3747056 2.101063 Tracked 66047860
0.03318918 0.3771563 2.099257 Tracked 66047892
0.02687943 0.3888173 2.100732 Tracked 66047925
0.02377115 0.3921272 2.099712 Tracked 66047960
0.02115529 0.3947499 2.100213 Tracked 66047992
0.01926938 0.3968345 2.100142 Tracked 66048025
0.01801882 0.3979926 2.100263 Tracked 66048059
0.01686794 0.3990194 2.100189 Tracked 66048092
0.0158809 0.4000174 2.1001 Tracked 66048125
0.0154238 0.4004771 2.099921 Tracked 66048159
0.01506068 0.401109 2.099456 Tracked 66048194
0.01505 0.4012957 2.099346 Tracked 66048225
0.01519805 0.4013466 2.099277 Tracked 66048259
0.01659292 0.4011437 2.098712 Tracked 66048292
0.01882365 0.4004515 2.098228 Tracked 66048326
0.02337454 0.397145 2.097171 Tracked 66048360
0.02893695 0.3902296 2.095777 Tracked 66048395
0.03699148 0.3762289 2.092951 Tracked 66048426
0.04648216 0.3464021 2.094641 Tracked 66048460
0.05380269 0.3149422 2.092714 Tracked 66048494
0.05829306 0.2761057 2.094417 Tracked 66048526
0.06123883 0.2427783 2.098154 Tracked 66048561
0.06670645 0.2062859 2.103919 Tracked 66048593
0.04725809 0.1742604 2.102551 Tracked 66048626
0.04743474 0.1560258 2.101645 Tracked 66048660
0.04010218 0.1332913 2.100615 Tracked 66048693
0.0359242 0.1068937 2.100683 Tracked 66048725
0.03039992 0.09234478 2.100806 Tracked 66048763
0.02527484 0.07858355 2.100579 Tracked 66048796
0.02123459 0.07276912 2.101927 Tracked 66048829
0.01849792 0.06930509 2.101544 Tracked 66048862
0.01715021 0.06670817 2.101604 Tracked 66048896
0.01629747 0.06632017 2.10175 Tracked 66048926
0.01429304 0.07200762 2.10222 Tracked 66048960
0.01228066 0.07880719 2.100586 Tracked 66048993
0.01117423 0.09273811 2.102474 Tracked 66049026
