-0.02911283 0.0814558 2.125246 Tracked 66033360
-0.02869363 0.08147238 2.125118 Tracked 66033394
-0.02744316 0.08165831 2.12565 Tracked 66033427
-0.02597287 0.08250532 2.128158 Tracked 66033460
-0.02485497 0.08286639 2.129716 Tracked 66033493
-0.02495941 0.08251537 2.13361 Tracked 66033526
-0.02610534 0.08268209 2.140289 Tracked 66033561
-0.02927019 0.08124904 2.150193 Tracked 66033594
-0.03521066 0.07731314 2.162664 Tracked 66033626
-0.04674343 0.07165383 2.182652 Tracked 66033659
-0.05635045 0.06591429 2.19864 Tracked 66033694
-0.07311617 0.03845082 2.228822 Tracked 66033726
-0.07810023 0.0250487 2.240051 Tracked 66033760
-0.08294233 -0.004826881 2.263572 Tracked 66033794
-0.08687361 -0.01253233 2.272728 Tracked 66033826
-0.0903974 -0.03277864 2.289952 Tracked 66033860
-0.1031533 -0.05018076 2.293997 Tracked 66033894
-0.1082078 -0.0541185 2.291936 Tracked 66033927
-0.1233388 -0.05924936 2.294102 Tracked 66033960
-0.1412627 -0.0577851 2.29717 Tracked 66033994
-0.1562225 -0.05954344 2.300413 Tracked 66034027
-0.15997 -0.0572603 2.302634 Tracked 66034059
-0.1642607 -0.05767255 2.302821 Tracked 66034094
-0.178151 -0.0578424 2.301299 Tracked 66034127
-0.1819017 -0.05832155 2.300314 Tracked 66034159
-0.1856178 -0.05503528 2.298545 Tracked 66034194
-0.1869816 -0.05061783 2.29731 Tracked 66034227
-0.1756296 -0.04078144 2.297661 Tracked 66034260
-0.1722225 -0.03002157 2.296721 Tracked 66034294
-0.1531164 -0.01738007 2.295584 Tracked 66034326
-0.1344212 -0.008085983 2.290838 Tracked 66034361
-0.127868 -0.002524127 2.283169 Tracked 66034393
-0.1185504 0.00173933 2.275282 Tracked 66034425
-0.09863531 0.02512057 2.257797 Tracked 66034460
-0.09077101 0.03110577 2.246658 Tracked 66034494
-0.07820466 0.05183434 2.222024 Tracked 66034527
-0.06862979 0.06853059 2.204389 Tracked 66034559
-0.05795084 0.07538439 2.188263 Tracked 66034594
-0.04919058 0.07576846 2.174664 Tracked 66034626
-0.03759464 0.07832564 2.161719 Tracked 66034660
-0.0317667 0.07650343 2.154051 Tracked 66034694
-0.02685418 0.07714841 2.147195 Tracked 66034727
-0.0236476 0.07753789 2.141315 Tracked 66034761
-0.02225431 0.07787804 2.136744 Tracked 66034793
-0.02135027 0.07734769 2.133315 Tracked 66034827
-0.02078982 0.07664574 2.131168 Tracked 66034860
-0.02051228 0.07655401 2.130729 Tracked 66034894
-0.02032586 0.07644561 2.130309 Tracked 66034926
-0.02021546 0.07626303 2.130212 Tracked 66034960
-0.02008163 0.07619182 2.130268 Tracked 66034999
-0.01967784 0.07605734 2.130883 Tracked 66035033
-0.0190571 0.07653373 2.132392 Tracked 66035061
-0.01810242 0.07690702 2.136339 Tracked 66035093
-0.01707763 0.07782595 2.141994 Tracked 66035126
-0.01766128 0.07923175 2.149681 Tracked 66035161
-0.01928318 0.08049579 2.156941 Tracked 66035193
-0.02605493 0.08032425 2.171771 Tracked 66035225
-0.03891257 0.07931771 2.191506 Tracked 66035261
-0.04569769 0.07793962 2.202819 Tracked 66035293
-0.05597765 0.07020888 2.220284 Tracked 66035326
-0.06700641 0.05390917 2.242559 Tracked 66035360
-0.07280941 0.0307168 2.261908 Tracked 66035393
-0.06720994 0.012286 2.27835 Tracked 66035426
-0.07808554 -0.0002353871 2.289021 Tracked 66035460
-0.07928165 -0.01821385 2.300393 Tracked 66035493
-0.08698829 -0.0418347 2.316976 Tracked 66035526
-0.08716432 -0.07282934 2.323011 Tracked 66035560
-0.135373 -0.04395966 2.333647 Tracked 66035593
-0.1183826 -0.06255792 2.337193 Tracked 66035626
-0.1154228 -0.07234522 2.338359 Tracked 66035661
-0.1151173 -0.0778424 2.338623 Tracked 66035698
-0.1168038 -0.07688241 2.339794 Tracked 66035730
-0.1171221 -0.07717866 2.339919 Tracked 66035763
-0.1172038 -0.07703656 2.339895 Tracked 66035797
-0.1170829 -0.07736481 2.339736 Tracked 66035830
-0.1513701 -0.03209395 2.322062 Tracked 66035864
-0.1508351 -0.01852336 2.320025 Tracked 66035897
-0.1399985 -0.01320842 2.319241 Tracked 66035930
-0.1355121 -0.007823936 2.313072 Tracked 66035963
-0.1162582 -0.01650792 2.297817 Tracked 66035996
-0.1148311 -0.01371 2.290731 Tracked 66036029
-0.1084275 0.01879901 2.279429 Tracked 66036063
-0.1031453 0.02583065 2.270094 Tracked 66036096
-0.09440836 0.04422157 2.253087 Tracked 66036130
-0.08693056 0.05619667 2.240035 Tracked 66036164
-0.08197994 0.06564601 2.230661 Tracked 66036197
-0.07053473 0.07200153 2.217839 Tracked 66036230
-0.06297166 0.07685076 2.207119 Tracked 66036264
-0.05543778 0.07948449 2.197733 Tracked 66036297
-0.04937144 0.07890475 2.191006 Tracked 66036330
-0.04546006 0.07937726 2.185215 Tracked 66036364
-0.04284938 0.07943328 2.180021 Tracked 66036410
-0.04089556 0.08039716 2.174741 Tracked 66036430
-0.03968651 0.08029085 2.172058 Tracked 66036465
-0.03857058 0.07967855 2.168932 Tracked 66036498
-0.03728893 0.08064365 2.16648 Tracked 66036531
-0.03645079 0.0808998 2.16519 Tracked 66036564
-0.03569008 0.08119443 2.164617 Tracked 66036597
-0.03490308 0.08113241 2.16495 Tracked 66036630
-0.0345368 0.08134546 2.165498 Tracked 66036664
-0.03413585 0.08153754 2.167199 Tracked 66036697
-0.03551687 0.08209318 2.17161 Tracked 66036730
-0.0386263 0.08271234 2.180629 Tracked 66036764
-0.04336741 0.08078232 2.190587 Tracked 66036797
-0.0513841 0.07964262 2.204013 Tracked 66036831
-0.05938332 0.07189071 2.215536 Tracked 66036864
-0.06590016 0.05254925 2.23567 Tracked 66036897
-0.06378387 0.02650448 2.251479 Tracked 66036930
-0.07006755 0.002104011 2.266587 Tracked 66036964
-0.08966756 0.0008011463 2.27725 Tracked 66036997
-0.08913477 -0.01361807 2.291732 Tracked 66037030
-0.1050656 -0.01531314 2.297401 Tracked 66037064
-0.1484976 -0.01968587 2.299325 Tracked 66037097
-0.152908 -0.02202567 2.298982 Tracked 66037131
-0.1594838 -0.02752793 2.298437 Tracked 66037165
-0.1656666 -0.03171795 2.297148 Tracked 66037197
-0.1735315 -0.04113768 2.29428 Tracked 66037229
-0.1774536 -0.04419887 2.292155 Tracked 66037263
-0.1796709 -0.04539667 2.291352 Tracked 66037296
-0.1805467 -0.04517208 2.289798 Tracked 66037329
-0.1803579 -0.04408006 2.289266 Tracked 66037364
-0.178514 -0.04112199 2.287629 Tracked 66037397
-0.1748332 -0.03598585 2.285843 Tracked 66037430
-0.169601 -0.02311789 2.283833 Tracked 66037464
-0.1628754 -0.01429834 2.281887 Tracked 66037497
-0.1462606 0.002550817 2.276818 Tracked 66037531
-0.1067495 -0.001521755 2.274103 Tracked 66037568
-0.09639595 0.01166362 2.270841 Tracked 66037601
-0.08823935 0.01323052 2.264179 Tracked 66037635
-0.07774182 0.02291559 2.253756 Tracked 66037668
-0.06677055 0.03379095 2.238507 Tracked 66037700
-0.05902272 0.04532546 2.22185 Tracked 66037733
-0.04855665 0.0603136 2.205436 Tracked 66037768
-0.04227414 0.06603484 2.19585 Tracked 66037802
-0.03402549 0.07403577 2.179276 Tracked 66037831
-0.02498969 0.07395329 2.167661 Tracked 66037863
-0.01774402 0.07360227 2.159271 Tracked 66037896
-0.01212304 0.07276436 2.150212 Tracked 66037929
-0.007228833 0.0710531 2.142911 Tracked 66037964
-0.003273031 0.07180938 2.137984 Tracked 66037998
-0.0006613112 0.07211645 2.13409 Tracked 66038030
0.002053306 0.07231165 2.130133 Tracked 66038064
0.003587613 0.07191207 2.127949 Tracked 66038097
0.005167924 0.07263076 2.127137 Tracked 66038130
0.005869999 0.07273506 2.126583 Tracked 66038164
0.006312266 0.07286868 2.126488 Tracked 66038197
0.00653997 0.07308391 2.1266 Tracked 66038230
0.007193025 0.07438081 2.128195 Tracked 66038264
0.006382701 0.07561047 2.13024 Tracked 66038297
0.003157511 0.07745513 2.135528 Tracked 66038330
-0.003191362 0.08057749 2.147379 Tracked 66038364
-0.01677592 0.0819348 2.162845 Tracked 66038397
-0.02490658 0.07870061 2.171186 Tracked 66038432
-0.03603926 0.06800131 2.188377 Tracked 66038465
-0.04611219 0.0625032 2.200755 Tracked 66038497
-0.05854493 0.02328718 2.231745 Tracked 66038530
-0.06029344 0.006467771 2.242746 Tracked 66038564
-0.08051131 -0.006913182 2.259373 Tracked 66038596
-0.09045922 -0.01128196 2.266051 Tracked 66038630
-0.1303574 -0.01111788 2.286801 Tracked 66038664
-0.1327635 -0.01213705 2.286993 Tracked 66038696
-0.1460662 -0.02584063 2.291592 Tracked 66038730
-0.1511326 -0.03011241 2.293715 Tracked 66038764
-0.1571523 -0.03894915 2.296296 Tracked 66038798
-0.1675121 -0.04184059 2.297005 Tracked 66038831
-0.1784223 -0.04647059 2.29511 Tracked 66038864
-0.1837804 -0.04788193 2.293776 Tracked 66038897
-0.1887359 -0.05001902 2.293927 Tracked 66038931
-0.192337 -0.04986865 2.292629 Tracked 66038964
-0.1929744 -0.05001283 2.292156 Tracked 66038997
-0.1928988 -0.0502186 2.29129 Tracked 66039031
-0.1916998 -0.04549327 2.287796 Tracked 66039064
-0.185919 -0.03692873 2.285627 Tracked 66039097
-0.1801301 -0.02460356 2.283563 Tracked 66039130
-0.1746112 -0.01178371 2.278416 Tracked 66039164
-0.1560891 -0.0006293806 2.279755 Tracked 66039199
-0.1290448 0.008338764 2.266345 Tracked 66039239
-0.1212142 0.02635412 2.252501 Tracked 66039265
-0.1142735 0.02552284 2.248256 Tracked 66039297
-0.09774803 0.03605299 2.229232 Tracked 66039331
-0.09116261 0.03748637 2.21681 Tracked 66039361
-0.08010729 0.05236941 2.196404 Tracked 66039393
-0.0719827 0.0626854 2.181654 Tracked 66039427
-0.06516156 0.06791334 2.170378 Tracked 66039459
-0.05792448 0.06933171 2.162288 Tracked 66039494
-0.04795496 0.06733394 2.149061 Tracked 66039527
-0.04267929 0.06719161 2.140521 Tracked 66039560
-0.03657516 0.06833878 2.133904 Tracked 66039595
-0.03148276 0.06831823 2.127593 Tracked 66039627
-0.02698584 0.06798187 2.122615 Tracked 66039659
-0.02469024 0.0678745 2.11994 Tracked 66039695
-0.02193199 0.06777091 2.116969 Tracked 66039727
-0.0208279 0.06757297 2.116122 Tracked 66039760
-0.02006186 0.06740849 2.115984 Tracked 66039795
-0.01913805 0.06757233 2.115592 Tracked 66039828
-0.01826242 0.0677952 2.11597 Tracked 66039860
-0.01757192 0.06805581 2.11659 Tracked 66039894
-0.01655057 0.06989111 2.119155 Tracked 66039928
-0.01728215 0.07068192 2.122642 Tracked 66039961
-0.01981755 0.07329048 2.131512 Tracked 66039994
-0.02458568 0.0761176 2.143793 Tracked 66040027
-0.03187101 0.07922114 2.158956 Tracked 66040060
-0.04639611 0.08121076 2.17983 Tracked 66040095
-0.05846698 0.07857437 2.196488 Tracked 66040127
-0.07300392 0.06514648 2.220169 Tracked 66040159
-0.07839343 0.05208123 2.233676 Tracked 66040194
-0.08722768 0.001903466 2.263299 Tracked 66040226
-0.09941152 -0.001116235 2.271612 Tracked 66040260
-0.1060902 -0.01292183 2.291313 Tracked 66040294
-0.1365422 -0.06157894 2.298913 Tracked 66040326
-0.1445624 -0.05845496 2.304681 Tracked 66040361
-0.1637646 -0.06339189 2.306475 Tracked 66040394
-0.2269294 -0.03405644 2.300548 Tracked 66040425
-0.2225841 -0.04505867 2.303597 Tracked 66040460
-0.2245682 -0.05360481 2.306915 Tracked 66040495
-0.2267365 -0.05808772 2.308367 Tracked 66040527
-0.2287638 -0.05974081 2.309077 Tracked 66040559
-0.2296106 -0.06092821 2.308917 Tracked 66040594
-0.2298143 -0.06101125 2.308612 Tracked 66040625
-0.22879 -0.0602528 2.307641 Tracked 66040659
-0.2254346 -0.05719652 2.305547 Tracked 66040693
-0.2225911 -0.04759185 2.302799 Tracked 66040726
-0.2050211 -0.0334414 2.304579 Tracked 66040760
-0.1947692 -0.02499687 2.303182 Tracked 66040795
-0.1874319 -0.01625274 2.303126 Tracked 66040825
-0.162195 -0.0006565326 2.289061 Tracked 66040860
-0.1553287 0.002941757 2.28268 Tracked 66040892
-0.1346182 0.01282797 2.265376 Tracked 66040924
-0.1145984 0.03020622 2.253861 Tracked 66040959
-0.1042778 0.03911271 2.24077 Tracked 66040994
-0.09186181 0.05786748 2.219271 Tracked 66041025
-0.08101058 0.06816238 2.205962 Tracked 66041060
-0.07046201 0.07160735 2.190836 Tracked 66041094
-0.05382447 0.07728548 2.173944 Tracked 66041126
-0.0467447 0.07701106 2.163396 Tracked 66041160
-0.03957922 0.07609276 2.156223 Tracked 66041194
-0.03281797 0.07646775 2.145995 Tracked 66041226
-0.02687874 0.07602622 2.138245 Tracked 66041259
-0.02464438 0.07587542 2.134137 Tracked 66041293
-0.02225518 0.07539091 2.130416 Tracked 66041326
-0.02022677 0.07500965 2.127118 Tracked 66041360
-0.01853104 0.07457664 2.125067 Tracked 66041394
-0.0174254 0.07423569 2.124386 Tracked 66041426
-0.0164868 0.07421916 2.123594 Tracked 66041459
-0.01610975 0.07432581 2.123831 Tracked 66041507
-0.01558793 0.07483238 2.125289 Tracked 66041525
-0.01546414 0.07559811 2.127733 Tracked 66041560
-0.01826149 0.0781823 2.136441 Tracked 66041594
-0.02370841 0.08159357 2.148228 Tracked 66041627
-0.03197968 0.08328307 2.164025 Tracked 66041659
-0.0446293 0.08315644 2.179468 Tracked 66041694
-0.05795135 0.08033646 2.196603 Tracked 66041727
-0.0700209 0.0722124 2.21248 Tracked 66041762
-0.0838862 0.048832 2.237997 Tracked 66041795
-0.09257403 0.02921479 2.25686 Tracked 66041826
-0.09513643 0.006606796 2.279478 Tracked 66041860
-0.110656 -0.00392884 2.286025 Tracked 66041894
-0.1142595 -0.01634906 2.292326 Tracked 66041927
-0.12122 -0.07206802 2.301682 Tracked 66041960
-0.1344251 -0.05860599 2.308215 Tracked 66041994
-0.1635285 -0.04980341 2.313783 Tracked 66042027
-0.1832201 -0.06386541 2.310108 Tracked 66042059
-0.1870554 -0.0628294 2.31048 Tracked 66042095
-0.2229502 -0.05238215 2.2995 Tracked 66042125
-0.2232574 -0.05611236 2.301491 Tracked 66042160
-0.2247061 -0.06503466 2.301337 Tracked 66042194
-0.2250277 -0.06546834 2.301521 Tracked 66042226
-0.2250856 -0.06556574 2.30152 Tracked 66042259
-0.2244926 -0.06552309 2.300788 Tracked 66042293
-0.2222444 -0.06277841 2.29972 Tracked 66042327
-0.2176187 -0.05953528 2.296403 Tracked 66042359
-0.2073225 -0.0389573 2.295245 Tracked 66042394
-0.1973059 -0.03107934 2.29541 Tracked 66042425
-0.1864482 -0.02386187 2.294466 Tracked 66042459
-0.1683099 -0.01684908 2.289587 Tracked 66042507
-0.1607066 -0.00934751 2.287441 Tracked 66042525
-0.1219382 -0.0184383 2.271607 Tracked 66042560
-0.1165885 0.01049449 2.2661 Tracked 66042593
-0.1102122 0.02553112 2.255723 Tracked 66042627
-0.09933028 0.03671692 2.241078 Tracked 66042659
-0.08809762 0.05552264 2.222129 Tracked 66042695
-0.07736051 0.06480521 2.209073 Tracked 66042727
-0.06502278 0.07420485 2.192238 Tracked 66042761
-0.05506052 0.07761379 2.177152 Tracked 66042794
-0.04363267 0.0797703 2.164922 Tracked 66042827
-0.03461684 0.0801883 2.15443 Tracked 66042861
-0.02688492 0.0792859 2.146341 Tracked 66042895
-0.02160971 0.08008678 2.139075 Tracked 66042927
-0.0181224 0.08068682 2.135224 Tracked 66042960
-0.0142576 0.08026971 2.131103 Tracked 66042994
-0.01149958 0.0789002 2.129288 Tracked 66043025
-0.009062849 0.07803849 2.126975 Tracked 66043060
-0.008104069 0.07783688 2.126624 Tracked 66043094
-0.00726556 0.07775272 2.126794 Tracked 66043126
-0.005761585 0.07800781 2.127709 Tracked 66043160
-0.005132104 0.07835655 2.129436 Tracked 66043194
-0.004453332 0.08050535 2.135126 Tracked 66043226
-0.00651042 0.08254819 2.143636 Tracked 66043259
-0.01056231 0.08201157 2.152578 Tracked 66043294
-0.01876289 0.08059906 2.16501 Tracked 66043327
-0.0289681 0.07621522 2.181058 Tracked 66043359
-0.04541792 0.06688069 2.198444 Tracked 66043394
-0.06262887 0.04026769 2.22357 Tracked 66043426
-0.0651241 0.02292506 2.23657 Tracked 66043461
-0.07375038 -0.00767514 2.257001 Tracked 66043494
-0.0858096 -0.01495369 2.2677 Tracked 66043526
-0.0926706 -0.04997264 2.289052 Tracked 66043560
-0.1149327 -0.04397529 2.283206 Tracked 66043593
-0.1469606 -0.03949679 2.288553 Tracked 66043627
-0.152544 -0.04044207 2.28903 Tracked 66043661
-0.1720029 -0.04011315 2.289923 Tracked 66043695
-0.1841873 -0.04347082 2.289061 Tracked 66043726
-0.1923681 -0.04437702 2.288938 Tracked 66043760
-0.1967088 -0.04547584 2.29025 Tracked 66043792
-0.1976618 -0.04803085 2.290891 Tracked 66043825
-0.1984299 -0.05023345 2.291646 Tracked 66043859
-0.1991036 -0.04975943 2.292212 Tracked 66043893
-0.1988341 -0.04612734 2.293683 Tracked 66043925
-0.1980592 -0.0418826 2.293231 Tracked 66043960
-0.1938584 -0.03610282 2.292113 Tracked 66043993
-0.1885683 -0.02817492 2.290487 Tracked 66044025
-0.1841128 -0.01726609 2.291425 Tracked 66044061
-0.1714546 -0.004100743 2.289565 Tracked 66044093
-0.1508007 0.00200287 2.287053 Tracked 66044127
-0.1341065 0.007825858 2.278989 Tracked 66044160
-0.1346548 0.008922686 2.278436 Tracked 66044194
-0.107793 0.02275423 2.262768 Tracked 66044225
-0.1028095 0.02692363 2.257753 Tracked 66044259
-0.09568065 0.03380985 2.246517 Tracked 66044292
-0.08400503 0.05533067 2.227524 Tracked 66044325
-0.07858821 0.06343352 2.215466 Tracked 66044361
-0.07091165 0.06865498 2.20483 Tracked 66044393
-0.05586265 0.07446445 2.188961 Tracked 66044426
-0.05143128 0.0741555 2.181314 Tracked 66044459
-0.04529895 0.07628046 2.170392 Tracked 66044492
-0.04080412 0.0751805 2.163098 Tracked 66044525
-0.03643472 0.07525365 2.15861 Tracked 66044559
-0.03224805 0.07519291 2.154043 Tracked 66044593
-0.0290783 0.07522595 2.150337 Tracked 66044626
-0.02808867 0.0757013 2.149158 Tracked 66044660
-0.02664918 0.07587403 2.147489 Tracked 66044693
-0.0258643 0.07653993 2.146864 Tracked 66044726
-0.02522783 0.07671475 2.146722 Tracked 66044760
-0.02465665 0.07684749 2.146759 Tracked 66044793
-0.02386042 0.07722279 2.147282 Tracked 66044826
-0.02299914 0.07767449 2.14796 Tracked 66044860
-0.02269387 0.07851055 2.150783 Tracked 66044897
-0.0227279 0.0801391 2.154387 Tracked 66044926
-0.02453861 0.08128519 2.159133 Tracked 66044959
-0.0278649 0.08272264 2.167074 Tracked 66044993
-0.03721533 0.08072314 2.180625 Tracked 66045026
-0.04662184 0.07722842 2.193765 Tracked 66045059
-0.06008558 0.06485464 2.210372 Tracked 66045094
-0.07578579 0.03810006 2.232924 Tracked 66045127
-0.08419879 0.02505244 2.245276 Tracked 66045161
-0.08882648 0.002794258 2.263952 Tracked 66045195
-0.1084376 -0.01163022 2.279306 Tracked 66045226
-0.1227385 -0.01163713 2.303776 Tracked 66045260
-0.1285262 -0.01255299 2.303931 Tracked 66045292
-0.1539041 -0.0211112 2.29999 Tracked 66045327
-0.1609041 -0.02230558 2.298947 Tracked 66045359
-0.184934 -0.03751455 2.291207 Tracked 66045393
-0.1926602 -0.04129005 2.289536 Tracked 66045426
-0.2040835 -0.04637739 2.291212 Tracked 66045459
-0.216515 -0.05641071 2.295465 Tracked 66045493
-0.2192137 -0.05886932 2.296619 Tracked 66045526
-0.2212843 -0.06041113 2.297264 Tracked 66045560
-0.2218424 -0.06110479 2.297378 Tracked 66045592
-0.2215726 -0.05549749 2.300093 Tracked 66045626
-0.2138094 -0.05193229 2.292104 Tracked 66045659
-0.2064486 -0.04664882 2.287409 Tracked 66045692
-0.2006508 -0.04118906 2.285602 Tracked 66045725
-0.1905346 -0.02796737 2.279471 Tracked 66045760
-0.1853589 -0.02631066 2.276863 Tracked 66045794
-0.1645392 0.0073841 2.279897 Tracked 66045825
-0.1624151 0.009159544 2.277511 Tracked 66045859
-0.123425 0.01735136 2.260196 Tracked 66045895
-0.1192055 0.02194105 2.256565 Tracked 66045926
-0.1073308 0.0254549 2.2451 Tracked 66045960
-0.09091397 0.03700883 2.229923 Tracked 66045993
-0.08713967 0.03891718 2.220841 Tracked 66046026
-0.07212737 0.05936196 2.199237 Tracked 66046060
-0.06336626 0.066397 2.189061 Tracked 66046094
-0.05609084 0.07149959 2.179509 Tracked 66046126
-0.0476117 0.07039611 2.169521 Tracked 66046160
-0.04003174 0.07181995 2.159982 Tracked 66046194
-0.03345867 0.07190432 2.15333 Tracked 66046227
-0.02747135 0.07289648 2.147012 Tracked 66046261
-0.02368054 0.07338369 2.142692 Tracked 66046294
-0.0186502 0.07424156 2.13764 Tracked 66046327
-0.01607025 0.07453197 2.134826 Tracked 66046362
-0.01482498 0.07450938 2.133099 Tracked 66046394
-0.01356082 0.07441233 2.131812 Tracked 66046427
-0.01279939 0.07419688 2.13095 Tracked 66046461
-0.01204924 0.07462395 2.130558 Tracked 66046495
-0.01194896 0.07483692 2.130922 Tracked 66046527
-0.01221883 0.07540219 2.132043 Tracked 66046561
-0.01342173 0.07633482 2.136254 Tracked 66046594
-0.01593696 0.07662475 2.142732 Tracked 66046627
-0.02002059 0.07714638 2.151231 Tracked 66046662
-0.02704559 0.07745916 2.164955 Tracked 66046694
-0.03297091 0.0755078 2.175603 Tracked 66046726
-0.04728159 0.06633273 2.196511 Tracked 66046760
-0.0622952 0.05009943 2.216211 Tracked 66046796
-0.06835406 0.03824316 2.228566 Tracked 66046827
-0.07383411 0.001533308 2.25227 Tracked 66046862
-0.0830482 -0.003876084 2.261225 Tracked 66046894
-0.09122599 -0.03170115 2.285075 Tracked 66046927
-0.1197439 -0.06507403 2.278523 Tracked 66046962
-0.1449441 -0.05006607 2.279706 Tracked 66046996
-0.1642168 -0.03749527 2.285916 Tracked 66047025
-0.1725492 -0.03910025 2.285466 Tracked 66047060
-0.1927249 -0.04473588 2.28344 Tracked 66047093
-0.200512 -0.04863749 2.283288 Tracked 66047124
-0.2056354 -0.05693793 2.285419 Tracked 66047160
-0.2138864 -0.05453812 2.28576 Tracked 66047194
-0.2152836 -0.05944442 2.286806 Tracked 66047226
-0.2059618 -0.04320915 2.331636 Tracked 66047260
-0.2074161 -0.04100054 2.330837 Tracked 66047294
-0.2071456 -0.04082141 2.330481 Tracked 66047325
-0.2112912 0.004283152 2.325871 Tracked 66047361
-0.2033896 -0.009067418 2.321555 Tracked 66047394
-0.1927953 -0.01634525 2.318841 Tracked 66047426
-0.1933222 -0.01261663 2.28903 Tracked 66047459
-0.1890869 -0.008898635 2.288929 Tracked 66047493
-0.1615769 -0.003491445 2.288663 Tracked 66047526
-0.1313944 -0.003804633 2.284061 Tracked 66047560
-0.1201428 0.007530981 2.2811 Tracked 66047592
-0.1109266 0.0114543 2.271487 Tracked 66047625
-0.09436852 0.02504405 2.260776 Tracked 66047660
-0.08302932 0.03587815 2.242762 Tracked 66047692
-0.07721205 0.04092983 2.232231 Tracked 66047726
-0.06610711 0.05663223 2.212976 Tracked 66047759
-0.05459792 0.06611848 2.198785 Tracked 66047792
-0.05038982 0.06863871 2.190729 Tracked 66047825
-0.04310792 0.07104404 2.177943 Tracked 66047860
-0.03607097 0.07176152 2.167467 Tracked 66047892
-0.02683191 0.07424022 2.158325 Tracked 66047925
-0.02286579 0.07384919 2.149889 Tracked 66047960
-0.02007204 0.07354461 2.146571 Tracked 66047992
-0.01704757 0.07410623 2.143168 Tracked 66048025
-0.01414545 0.073906 2.140689 Tracked 66048059
-0.01218585 0.07388094 2.138979 Tracked 66048092
-0.01124302 0.07423386 2.138138 Tracked 66048125
-0.0106028 0.0742625 2.137809 Tracked 66048159
-0.01037476 0.07462677 2.137621 Tracked 66048194
-0.0102247 0.07520052 2.138275 Tracked 66048225
-0.01093556 0.07594986 2.140829 Tracked 66048259
-0.01298429 0.07690604 2.14558 Tracked 66048292
-0.01801053 0.07891294 2.155988 Tracked 66048326
-0.02367529 0.07939264 2.165222 Tracked 66048360
-0.03602614 0.07840929 2.180575 Tracked 66048395
-0.04658337 0.0760394 2.189817 Tracked 66048426
-0.06349789 0.05834413 2.213854 Tracked 66048460
-0.07203962 0.04281497 2.225777 Tracked 66048494
-0.08391444 0.01999479 2.245431 Tracked 66048526
-0.0932867 -0.0009926822 2.261083 Tracked 66048561
-0.09583797 -0.02004066 2.281845 Tracked 66048593
-0.1540799 -0.03297025 2.288025 Tracked 66048626
-0.1536688 -0.03337912 2.288045 Tracked 66048660
-0.1640727 -0.03419543 2.288079 Tracked 66048693
-0.1755473 -0.04163015 2.289602 Tracked 66048725
-0.1962108 -0.04673674 2.287565 Tracked 66048763
-0.2075804 -0.05073413 2.285492 Tracked 66048796
-0.216431 -0.05022464 2.2865 Tracked 66048829
-0.2215436 -0.04995186 2.284964 Tracked 66048862
-0.223092 -0.05148872 2.284578 Tracked 66048896
-0.2242232 -0.05183985 2.284478 Tracked 66048926
-0.2259938 -0.04170191 2.284662 Tracked 66048960
-0.2263518 -0.04128203 2.283461 Tracked 66048993
-0.223364 -0.0391951 2.283944 Tracked 66049026
