-0.08359535 0.102956 2.087977 Tracked 64405182
-0.08406942 0.103737 2.08897 Tracked 64405214
-0.08369727 0.1055214 2.090804 Tracked 64405248
-0.08314833 0.1073236 2.095978 Tracked 64405281
-0.0806987 0.1097498 2.102524 Tracked 64405314
-0.07759164 0.1100326 2.116764 Tracked 64405348
-0.07405664 0.1056784 2.13157 Tracked 64405382
-0.06797189 0.09623586 2.148518 Tracked 64405414
-0.06008569 0.07837461 2.166629 Tracked 64405448
-0.05139508 0.05848321 2.190462 Tracked 64405481
-0.05131676 0.03577085 2.204869 Tracked 64405514
-0.04722931 0.02081057 2.227509 Tracked 64405548
-0.04182175 0.01115954 2.239108 Tracked 64405581
-0.03396028 -0.01045797 2.252146 Tracked 64405614
-0.01551482 -0.03250201 2.265595 Tracked 64405648
-0.0091035 -0.04289481 2.274235 Tracked 64405681
-0.001641706 -0.05961198 2.276146 Tracked 64405714
0.03149827 -0.07737554 2.276881 Tracked 64405749
0.04678466 -0.08863193 2.271133 Tracked 64405781
0.08543696 -0.06948261 2.266037 Tracked 64405814
0.08998671 -0.09890537 2.25923 Tracked 64405849
0.08978577 -0.100855 2.258032 Tracked 64405881
0.0899559 -0.1017791 2.256997 Tracked 64405914
0.09004264 -0.1014918 2.256978 Tracked 64405948
0.08961117 -0.1031372 2.257495 Tracked 64405981
0.08343945 -0.09867959 2.255649 Tracked 64406014
0.07435529 -0.08873294 2.255877 Tracked 64406049
0.06575707 -0.08019677 2.257457 Tracked 64406081
0.0568436 -0.06431863 2.261705 Tracked 64406114
0.03954425 -0.04945261 2.269203 Tracked 64406148
0.002347515 -0.04190514 2.269882 Tracked 64406181
-0.005941268 -0.02363801 2.267322 Tracked 64406214
-0.02750815 -0.001100485 2.264127 Tracked 64406248
-0.03633371 0.0114191 2.261555 Tracked 64406282
-0.05005697 0.03061624 2.249258 Tracked 64406314
-0.05264215 0.03721488 2.234642 Tracked 64406348
-0.06072012 0.05886512 2.21427 Tracked 64406382
-0.06553721 0.06835994 2.199489 Tracked 64406415
-0.07256162 0.08414737 2.182122 Tracked 64406448
-0.07929634 0.09636943 2.164956 Tracked 64406481
-0.08311763 0.1030984 2.15087 Tracked 64406514
-0.08843698 0.1058347 2.137913 Tracked 64406548
-0.09243654 0.106315 2.126609 Tracked 64406581
-0.09830172 0.1042134 2.115982 Tracked 64406615
-0.101702 0.1029274 2.110004 Tracked 64406648
-0.1042099 0.1008581 2.104083 Tracked 64406681
-0.1057471 0.09907065 2.099786 Tracked 64406714
-0.1071909 0.09599443 2.095155 Tracked 64406749
-0.1076548 0.0945562 2.092705 Tracked 64406781
-0.1080696 0.09373098 2.091415 Tracked 64406814
-0.1080528 0.09268105 2.089729 Tracked 64406848
-0.1079853 0.09199049 2.088503 Tracked 64406881
-0.1081791 0.09197593 2.088311 Tracked 64406914
-0.1081995 0.09199419 2.0883 Tracked 64406948
-0.1080838 0.0931183 2.089249 Tracked 64406981
-0.1067021 0.09596208 2.092174 Tracked 64407014
-0.1035391 0.0984342 2.096963 Tracked 64407048
-0.09818635 0.1024049 2.106076 Tracked 64407081
-0.09350327 0.1024329 2.115262 Tracked 64407114
-0.08772186 0.1020911 2.129069 Tracked 64407148
-0.07860375 0.09278469 2.14509 Tracked 64407181
-0.06966088 0.07809855 2.163044 Tracked 64407214
-0.06458046 0.05826926 2.17981 Tracked 64407248
-0.0613895 0.04182009 2.193952 Tracked 64407281
-0.05636095 0.01954867 2.220619 Tracked 64407315
-0.04872179 0.01102533 2.228015 Tracked 64407348
-0.04198651 0.002790161 2.236537 Tracked 64407381
-0.02763593 -0.02639853 2.253908 Tracked 64407414
-0.01435663 -0.02855841 2.262873 Tracked 64407448
-0.001190867 -0.05810224 2.266565 Tracked 64407481
0.02244341 -0.07022606 2.26645 Tracked 64407514
0.07643359 -0.05976815 2.250478 Tracked 64407548
0.07412405 -0.06283662 2.251893 Tracked 64407581
0.09019575 -0.08414026 2.245413 Tracked 64407614
0.08961432 -0.09434841 2.24525 Tracked 64407648
0.0900443 -0.09786344 2.245059 Tracked 64407681
0.09015146 -0.09960063 2.245744 Tracked 64407714
0.09032848 -0.09973364 2.24601 Tracked 64407748
0.09036572 -0.09997377 2.246302 Tracked 64407781
0.09042554 -0.09647818 2.247988 Tracked 64407814
0.08196647 -0.06485533 2.256811 Tracked 64407848
0.07536352 -0.06376153 2.257365 Tracked 64407881
0.06288193 -0.03830248 2.259654 Tracked 64407914
0.05466707 -0.02700947 2.260411 Tracked 64407948
0.02711689 0.009266652 2.261743 Tracked 64407981
0.00830634 0.006825041 2.254922 Tracked 64408014
-0.009421214 0.02140215 2.244257 Tracked 64408048
-0.02683307 0.0185652 2.228251 Tracked 64408081
-0.03848717 0.03875307 2.216292 Tracked 64408114
-0.04797501 0.05487265 2.196172 Tracked 64408148
-0.05434322 0.06971515 2.175051 Tracked 64408181
-0.06000178 0.08024534 2.158003 Tracked 64408214
-0.0676473 0.09056371 2.141773 Tracked 64408248
-0.07350779 0.09923622 2.125388 Tracked 64408281
-0.07675253 0.09955141 2.116601 Tracked 64408314
-0.08142497 0.1020178 2.106325 Tracked 64408348
-0.08557823 0.1015761 2.099301 Tracked 64408381
-0.08821388 0.1002099 2.094638 Tracked 64408414
-0.09066679 0.09756386 2.087619 Tracked 64408448
-0.09254663 0.09508344 2.08354 Tracked 64408481
-0.09419461 0.09403882 2.080676 Tracked 64408514
-0.09515226 0.09335819 2.079054 Tracked 64408549
-0.0954886 0.09265194 2.077907 Tracked 64408581
-0.09571482 0.0926099 2.077692 Tracked 64408614
-0.09572187 0.092676 2.077672 Tracked 64408648
-0.09577064 0.09378053 2.078406 Tracked 64408681
-0.09428774 0.09563631 2.080534 Tracked 64408715
-0.08965833 0.0992064 2.087252 Tracked 64408749
-0.08363967 0.1044344 2.097121 Tracked 64408781
-0.07742149 0.1060442 2.109457 Tracked 64408815
-0.06731895 0.102539 2.124169 Tracked 64408848
-0.05965442 0.09073626 2.146073 Tracked 64408881
-0.05563978 0.07675947 2.163464 Tracked 64408914
-0.04857158 0.05717416 2.187651 Tracked 64408948
-0.04383097 0.03790226 2.204474 Tracked 64408981
-0.04040758 0.0110757 2.2313 Tracked 64409015
-0.03141255 0.005143157 2.2402 Tracked 64409052
-0.01144262 -0.01394258 2.254769 Tracked 64409081
0.002572748 -0.02574795 2.260428 Tracked 64409115
0.03393182 -0.03032908 2.261287 Tracked 64409148
0.04069357 -0.05601028 2.26104 Tracked 64409181
0.07628421 -0.04631625 2.256369 Tracked 64409214
0.08619826 -0.04976165 2.258544 Tracked 64409248
0.09033954 -0.04834033 2.261938 Tracked 64409281
0.09750988 -0.05098645 2.265954 Tracked 64409314
0.1069629 -0.1034422 2.263483 Tracked 64409348
0.1063799 -0.1033941 2.263178 Tracked 64409381
0.1063309 -0.1035716 2.263232 Tracked 64409414
0.1049143 -0.1016864 2.26434 Tracked 64409448
0.09413157 -0.08856817 2.261385 Tracked 64409481
0.07496151 -0.06941398 2.264406 Tracked 64409514
0.06626458 -0.03572892 2.265334 Tracked 64409548
0.06259253 -0.02558938 2.265341 Tracked 64409581
0.05019153 -0.00610774 2.262934 Tracked 64409614
0.02101347 0.01752337 2.257485 Tracked 64409648
0.01179813 0.02912077 2.247827 Tracked 64409681
-0.00596557 0.03075212 2.233718 Tracked 64409714
-0.02034795 0.03814238 2.217368 Tracked 64409748
-0.03020208 0.05292877 2.197959 Tracked 64409781
-0.03350113 0.06674121 2.173073 Tracked 64409814
-0.0369908 0.07701027 2.159635 Tracked 64409848
-0.03933968 0.08507036 2.145719 Tracked 64409881
-0.04515582 0.09373698 2.130764 Tracked 64409914
-0.04750411 0.09673271 2.123288 Tracked 64409948
-0.05064885 0.09870923 2.111394 Tracked 64409981
-0.05255817 0.09834884 2.105423 Tracked 64410015
-0.05432041 0.09732883 2.100129 Tracked 64410049
-0.05497735 0.0972917 2.095938 Tracked 64410082
-0.05556208 0.09686366 2.091701 Tracked 64410114
-0.05608976 0.09691055 2.08864 Tracked 64410148
-0.05647285 0.0966332 2.086527 Tracked 64410181
-0.05689897 0.09637742 2.084629 Tracked 64410214
-0.05729134 0.09637484 2.083526 Tracked 64410249
-0.05795608 0.0963321 2.082777 Tracked 64410281
-0.05818764 0.09632044 2.08273 Tracked 64410314
-0.05854519 0.0964021 2.082612 Tracked 64410348
-0.05907432 0.09683152 2.083721 Tracked 64410381
-0.05902195 0.09919412 2.087759 Tracked 64410414
-0.05678093 0.101233 2.093471 Tracked 64410448
-0.05292882 0.1027502 2.100766 Tracked 64410481
-0.04878389 0.1023464 2.110974 Tracked 64410514
-0.04241511 0.09883102 2.126234 Tracked 64410548
-0.03778296 0.09044854 2.140252 Tracked 64410581
-0.02660263 0.07086957 2.164082 Tracked 64410614
-0.02421208 0.06058005 2.179184 Tracked 64410648
-0.02026085 0.03532955 2.201597 Tracked 64410681
-0.003812275 0.02450022 2.216375 Tracked 64410714
-0.001845493 0.006258672 2.232733 Tracked 64410748
0.008317162 -0.015304 2.243921 Tracked 64410781
0.03892452 -0.01034122 2.250989 Tracked 64410814
0.05105944 -0.01284612 2.254384 Tracked 64410848
0.07411516 -0.03069635 2.259776 Tracked 64410881
0.08919942 -0.0511496 2.263474 Tracked 64410914
0.09751924 -0.05744225 2.264524 Tracked 64410948
0.1043951 -0.06067139 2.265544 Tracked 64410981
0.1054736 -0.0630261 2.265611 Tracked 64411014
0.1056963 -0.06388341 2.265605 Tracked 64411048
0.1096946 -0.06328843 2.265151 Tracked 64411081
0.1090819 -0.05897202 2.266021 Tracked 64411114
0.1059641 -0.05228824 2.266944 Tracked 64411148
0.1005897 -0.06783246 2.265161 Tracked 64411181
0.1000809 -0.06510494 2.267705 Tracked 64411214
0.08495685 -0.04905753 2.263092 Tracked 64411248
0.07217284 -0.03348615 2.261482 Tracked 64411281
0.06600529 -0.01653736 2.261391 Tracked 64411314
0.05151938 -0.001032508 2.266115 Tracked 64411348
0.02649372 0.02249931 2.265468 Tracked 64411381
-0.003268153 0.02406834 2.259045 Tracked 64411414
-0.01289903 0.03893085 2.251935 Tracked 64411448
-0.02780527 0.06894477 2.234873 Tracked 64411481
-0.0495556 0.05985586 2.216914 Tracked 64411514
-0.05503172 0.06000688 2.204249 Tracked 64411548
-0.05944973 0.06297175 2.187152 Tracked 64411581
-0.06814665 0.07566844 2.168549 Tracked 64411614
-0.07663111 0.08542823 2.154375 Tracked 64411648
-0.08410532 0.09160285 2.141983 Tracked 64411681
-0.08951374 0.09254713 2.131746 Tracked 64411714
-0.09383056 0.09375887 2.12064 Tracked 64411748
-0.09791386 0.09397803 2.11315 Tracked 64411781
-0.1010703 0.09297615 2.108039 Tracked 64411814
-0.103893 0.09113596 2.102977 Tracked 64411848
-0.1053811 0.08994743 2.099926 Tracked 64411881
-0.1062119 0.088937 2.09653 Tracked 64411914
-0.1062225 0.0881705 2.094953 Tracked 64411948
-0.1057458 0.08750548 2.092244 Tracked 64411981
-0.1054149 0.08737901 2.091349 Tracked 64412014
-0.1052779 0.08768217 2.091068 Tracked 64412048
-0.1047372 0.08779649 2.091005 Tracked 64412081
-0.1031422 0.08866617 2.092217 Tracked 64412114
-0.0987258 0.09192328 2.096472 Tracked 64412149
-0.09366916 0.09697939 2.101717 Tracked 64412181
-0.08670247 0.09951098 2.111038 Tracked 64412214
-0.07606116 0.09910835 2.125545 Tracked 64412248
-0.06584379 0.09536362 2.14183 Tracked 64412281
-0.05854189 0.08055423 2.164182 Tracked 64412315
-0.04995032 0.06228644 2.185027 Tracked 64412348
-0.04905663 0.04431107 2.199259 Tracked 64412381
-0.04348539 0.01787849 2.224727 Tracked 64412414
-0.0297479 0.01552569 2.236491 Tracked 64412448
-0.02319948 -0.01041254 2.246841 Tracked 64412482
0.005078844 -0.03691938 2.256564 Tracked 64412514
0.03080858 -0.0301883 2.256085 Tracked 64412549
0.04193395 -0.03612362 2.259021 Tracked 64412582
0.05245087 -0.03903925 2.262526 Tracked 64412614
0.07346071 -0.0485987 2.257808 Tracked 64412648
0.09045842 -0.0989982 2.256629 Tracked 64412681
0.09104566 -0.1002025 2.254714 Tracked 64412714
0.09568109 -0.1073939 2.249971 Tracked 64412748
0.09725498 -0.1099421 2.247594 Tracked 64412781
0.09719538 -0.1102671 2.247568 Tracked 64412814
0.09712142 -0.1103784 2.247578 Tracked 64412849
0.0969884 -0.1102976 2.247671 Tracked 64412882
0.09787957 -0.1089957 2.248672 Tracked 64412915
0.09228711 -0.09989414 2.250005 Tracked 64412949
0.06874349 -0.07005674 2.254266 Tracked 64412982
0.06130697 -0.06140868 2.256255 Tracked 64413015
0.04588192 -0.02252382 2.256662 Tracked 64413048
0.03370792 -0.01008475 2.256501 Tracked 64413081
0.00734669 0.002876221 2.24429 Tracked 64413114
-0.004028051 0.007128596 2.236021 Tracked 64413148
-0.02062523 0.0253308 2.223079 Tracked 64413181
-0.02995258 0.03899936 2.210474 Tracked 64413214
-0.04062216 0.05588736 2.181783 Tracked 64413249
-0.04350211 0.06283936 2.17226 Tracked 64413282
-0.04942508 0.07790517 2.152901 Tracked 64413315
-0.05568122 0.08969288 2.136003 Tracked 64413348
-0.06102541 0.0922899 2.124577 Tracked 64413382
-0.06642133 0.09877317 2.108995 Tracked 64413414
-0.07147652 0.1005023 2.099136 Tracked 64413448
-0.07749607 0.100277 2.089052 Tracked 64413481
-0.08158287 0.09868409 2.082185 Tracked 64413515
-0.08514863 0.09662612 2.075138 Tracked 64413549
-0.08851828 0.0946999 2.069009 Tracked 64413585
-0.0896256 0.09342137 2.065306 Tracked 64413615
-0.08980497 0.09198897 2.063006 Tracked 64413649
-0.09038863 0.09143737 2.061566 Tracked 64413681
-0.0905968 0.09110645 2.06006 Tracked 64413715
-0.0907281 0.09123723 2.059095 Tracked 64413748
-0.09065054 0.0912634 2.058995 Tracked 64413781
-0.0901597 0.09166646 2.059189 Tracked 64413814
-0.0880773 0.09388746 2.061061 Tracked 64413848
-0.08425252 0.09723642 2.066064 Tracked 64413881
-0.07728816 0.1018146 2.073511 Tracked 64413914
-0.07158106 0.1038117 2.083669 Tracked 64413948
-0.0654697 0.1047631 2.098179 Tracked 64413981
-0.0578364 0.1013045 2.115041 Tracked 64414014
-0.05112451 0.09441752 2.133379 Tracked 64414049
-0.04675904 0.0778752 2.153953 Tracked 64414081
-0.04163606 0.06141772 2.173312 Tracked 64414114
-0.03759622 0.04365988 2.192238 Tracked 64414148
-0.03989921 0.006376587 2.220774 Tracked 64414181
-0.0272558 0.001607044 2.226546 Tracked 64414214
-0.008987379 -0.0119179 2.240371 Tracked 64414248
0.02059082 -0.01253624 2.248987 Tracked 64414281
0.03391689 -0.01752212 2.251755 Tracked 64414314
0.05031535 -0.03115203 2.254514 Tracked 64414348
0.05870624 -0.04310328 2.259585 Tracked 64414381
0.06729105 -0.05169291 2.259879 Tracked 64414414
0.08322343 -0.06865536 2.254122 Tracked 64414449
0.09299079 -0.08948978 2.250539 Tracked 64414481
0.09519383 -0.09508171 2.250681 Tracked 64414514
0.09522772 -0.09573491 2.249192 Tracked 64414548
0.09613806 -0.09604261 2.248933 Tracked 64414581
0.0966746 -0.09604523 2.24871 Tracked 64414614
0.09687188 -0.08596606 2.248335 Tracked 64414648
0.09589607 -0.08499999 2.247569 Tracked 64414681
0.09458982 -0.05031861 2.244878 Tracked 64414715
0.09155883 -0.02993689 2.238777 Tracked 64414748
0.08037094 -0.0155982 2.240062 Tracked 64414781
0.06170717 -0.003831049 2.240461 Tracked 64414815
0.03531608 0.01072278 2.232154 Tracked 64414848
0.01614526 0.03282901 2.23005 Tracked 64414880
0.009205549 0.05953834 2.216257 Tracked 64414914
-0.006016686 0.0715342 2.197479 Tracked 64414948
-0.03097784 0.05485781 2.183542 Tracked 64414981
-0.03670526 0.0589374 2.172887 Tracked 64415014
-0.04485238 0.06347666 2.157476 Tracked 64415048
-0.05559726 0.07474671 2.139688 Tracked 64415081
-0.06232638 0.08247193 2.128311 Tracked 64415114
-0.06733824 0.08716306 2.117643 Tracked 64415155
-0.07397247 0.0958968 2.105668 Tracked 64415182
-0.07713167 0.09592505 2.098973 Tracked 64415214
-0.08198191 0.09523377 2.093275 Tracked 64415249
-0.08489175 0.09459887 2.089236 Tracked 64415281
-0.08785764 0.09281925 2.085444 Tracked 64415314
-0.08951604 0.09172665 2.082491 Tracked 64415349
-0.09018516 0.09097507 2.080977 Tracked 64415382
-0.09065609 0.09042752 2.079832 Tracked 64415414
-0.09063957 0.09027054 2.079567 Tracked 64415448
-0.09061129 0.0902867 2.079496 Tracked 64415481
-0.09041879 0.09037054 2.079591 Tracked 64415514
-0.08917998 0.09132978 2.080422 Tracked 64415549
-0.08663815 0.0940663 2.084574 Tracked 64415581
-0.08155248 0.09802271 2.091435 Tracked 64415615
-0.07379276 0.1019484 2.100373 Tracked 64415648
-0.06742668 0.1028995 2.109854 Tracked 64415682
-0.06116773 0.104145 2.122983 Tracked 64415717
-0.05269474 0.09594766 2.143066 Tracked 64415752
-0.04388714 0.08129199 2.160178 Tracked 64415784
-0.03574317 0.05995058 2.181401 Tracked 64415818
-0.03274056 0.04693714 2.19236 Tracked 64415852
-0.02945471 0.01178334 2.213796 Tracked 64415885
-0.02165775 0.01036524 2.222097 Tracked 64415918
-0.01614617 -0.005149543 2.240324 Tracked 64415952
0.002249183 -0.0188236 2.247319 Tracked 64415985
0.02545008 -0.02139101 2.251593 Tracked 64416018
0.03593975 -0.03286112 2.252948 Tracked 64416052
0.05402743 -0.06037633 2.256062 Tracked 64416085
0.06256896 -0.06516821 2.252455 Tracked 64416118
0.08403368 -0.1003292 2.245067 Tracked 64416152
0.08409694 -0.1037089 2.244372 Tracked 64416184
0.08254001 -0.107761 2.244231 Tracked 64416218
0.0824833 -0.108962 2.243334 Tracked 64416252
0.08196585 -0.1095665 2.243218 Tracked 64416285
0.08168901 -0.108513 2.242766 Tracked 64416319
0.07598057 -0.09888832 2.248097 Tracked 64416352
0.06725053 -0.09169376 2.250108 Tracked 64416384
0.04883506 -0.07241307 2.254525 Tracked 64416418
0.0371739 -0.03998284 2.261353 Tracked 64416451
0.02596452 -0.01422131 2.260577 Tracked 64416484
0.006375697 0.005249299 2.262136 Tracked 64416517
-0.003536596 0.02077463 2.257084 Tracked 64416552
-0.01659928 0.03169374 2.247143 Tracked 64416585
-0.02901772 0.0335811 2.239546 Tracked 64416618
-0.05807821 0.04868817 2.215375 Tracked 64416652
-0.05946171 0.05431968 2.205777 Tracked 64416685
-0.06151594 0.06081184 2.191106 Tracked 64416718
-0.0711373 0.07772198 2.170138 Tracked 64416752
-0.07994411 0.08465488 2.155153 Tracked 64416785
-0.0884865 0.09347172 2.141633 Tracked 64416818
-0.09466799 0.09700716 2.128956 Tracked 64416852
-0.09851837 0.09865265 2.119994 Tracked 64416885
-0.1016926 0.09876332 2.111101 Tracked 64416918
-0.1047598 0.09870264 2.10393 Tracked 64416952
-0.1075831 0.09823082 2.098538 Tracked 64416985
-0.1095594 0.09718715 2.094455 Tracked 64417018
-0.1105494 0.09595551 2.090566 Tracked 64417052
-0.1110383 0.09576132 2.088522 Tracked 64417085
-0.1114674 0.09550539 2.087672 Tracked 64417118
-0.1115914 0.0951608 2.087261 Tracked 64417152
-0.1114558 0.09505273 2.087122 Tracked 64417185
-0.1107804 0.09588748 2.087335 Tracked 64417218
-0.1085808 0.09774021 2.090255 Tracked 64417251
-0.1038014 0.1003498 2.095552 Tracked 64417284
-0.09627429 0.1045841 2.104807 Tracked 64417318
-0.08860336 0.1060897 2.1191 Tracked 64417352
-0.08239146 0.1048022 2.132165 Tracked 64417385
-0.0679935 0.0922989 2.156541 Tracked 64417418
-0.06097429 0.08417439 2.169045 Tracked 64417451
-0.04781227 0.05671357 2.195456 Tracked 64417485
-0.04634677 0.04860873 2.204976 Tracked 64417517
-0.03611081 0.02701742 2.231425 Tracked 64417552
-0.02817341 0.01309852 2.238732 Tracked 64417584
-0.02436758 -0.01720739 2.252581 Tracked 64417618
0.001858044 -0.02577194 2.264188 Tracked 64417652
0.04194808 -0.02538474 2.267438 Tracked 64417685
0.04767112 -0.03414151 2.268945 Tracked 64417718
0.07851209 -0.05648903 2.265782 Tracked 64417752
0.08004845 -0.05742159 2.266623 Tracked 64417785
0.08381316 -0.07115754 2.268526 Tracked 64417818
0.09451424 -0.1062958 2.262541 Tracked 64417851
0.0959823 -0.1079177 2.262871 Tracked 64417884
0.09790996 -0.1102004 2.262684 Tracked 64417918
0.09828128 -0.1110462 2.262276 Tracked 64417952
0.09925257 -0.1115153 2.262541 Tracked 64417984
0.09889212 -0.1106714 2.262333 Tracked 64418018
0.08510995 -0.09879492 2.265216 Tracked 64418052
0.06833965 -0.07742545 2.266838 Tracked 64418085
0.05666311 -0.03558929 2.271044 Tracked 64418118
0.05423068 -0.02257968 2.270851 Tracked 64418152
0.03607197 0.003536385 2.272777 Tracked 64418185
0.02207499 0.01645706 2.267816 Tracked 64418218
0.01107543 0.02611282 2.254277 Tracked 64418251
-0.006617273 0.04488315 2.244039 Tracked 64418285
-0.02303796 0.04365441 2.235755 Tracked 64418318
-0.03666763 0.04923024 2.215459 Tracked 64418352
-0.04149593 0.05284773 2.200413 Tracked 64418385
-0.04786653 0.06551085 2.181808 Tracked 64418418
-0.05340244 0.07345556 2.167674 Tracked 64418451
-0.06209425 0.08552355 2.152663 Tracked 64418484
-0.06754385 0.09050388 2.138816 Tracked 64418517
-0.07046429 0.09276578 2.126546 Tracked 64418552
-0.07472627 0.09339885 2.117226 Tracked 64418585
-0.07760958 0.09418879 2.109885 Tracked 64418618
-0.08111177 0.09384943 2.103154 Tracked 64418652
-0.08358581 0.09379606 2.098929 Tracked 64418685
-0.08575578 0.09342741 2.095444 Tracked 64418718
-0.0870259 0.09293937 2.093032 Tracked 64418751
-0.08789099 0.09282568 2.091493 Tracked 64418784
-0.08829084 0.09290724 2.090858 Tracked 64418818
-0.08839864 0.09314576 2.090632 Tracked 64418852
-0.08815434 0.09332716 2.090765 Tracked 64418884
-0.08675483 0.09472388 2.091931 Tracked 64418918
-0.08375852 0.0971968 2.095337 Tracked 64418951
-0.079028 0.09910242 2.101346 Tracked 64418985
-0.07356013 0.09886249 2.112675 Tracked 64419019
-0.06644696 0.09509538 2.12778 Tracked 64419052
-0.05567762 0.08440921 2.144266 Tracked 64419085
-0.04632929 0.0703084 2.163458 Tracked 64419118
-0.0428804 0.05452049 2.181872 Tracked 64419152
-0.04066636 0.04289149 2.190766 Tracked 64419185
-0.03598453 0.01324408 2.217818 Tracked 64419219
-0.02651971 2.769357E-05 2.226486 Tracked 64419251
-0.02218655 -0.004886978 2.235092 Tracked 64419285
0.02162157 -0.02098228 2.250398 Tracked 64419318
0.03164129 -0.01817933 2.250374 Tracked 64419352
0.04187019 -0.03743078 2.249119 Tracked 64419385
0.05259708 -0.0432676 2.250376 Tracked 64419418
0.06394885 -0.06978536 2.259236 Tracked 64419451
0.08208133 -0.07048655 2.257678 Tracked 64419485
0.08701073 -0.07530221 2.255723 Tracked 64419518
0.09571122 -0.09199038 2.252808 Tracked 64419552
0.09604455 -0.09198271 2.25224 Tracked 64419585
0.09622703 -0.09157513 2.251514 Tracked 64419619
0.09929468 -0.08908918 2.251446 Tracked 64419651
0.09688715 -0.08847823 2.250381 Tracked 64419685
0.09332426 -0.07884243 2.249009 Tracked 64419718
0.08780569 -0.06567059 2.248326 Tracked 64419752
0.07976408 -0.04318302 2.248259 Tracked 64419785
0.07224913 -0.03395899 2.249011 Tracked 64419819
0.0560488 -0.01253614 2.250501 Tracked 64419852
0.04468949 0.007456185 2.245984 Tracked 64419885
0.02620049 0.02689644 2.245582 Tracked 64419918
0.005354696 0.02358 2.243667 Tracked 64419952
-0.005176211 0.03158034 2.238176 Tracked 64419985
-0.01298305 0.04130313 2.227627 Tracked 64420018
-0.02154612 0.05666262 2.204112 Tracked 64420052
-0.0241026 0.06029619 2.196855 Tracked 64420085
-0.02997293 0.07119736 2.180431 Tracked 64420118
-0.03691287 0.08349168 2.163416 Tracked 64420152
-0.04134452 0.08885881 2.153748 Tracked 64420185
-0.04648045 0.09520236 2.140746 Tracked 64420218
-0.04983711 0.0970332 2.131297 Tracked 64420260
-0.05209737 0.09884622 2.127105 Tracked 64420285
-0.05716841 0.09950506 2.119946 Tracked 64420318
-0.06109995 0.09989972 2.114451 Tracked 64420351
-0.06408087 0.09832983 2.110564 Tracked 64420384
-0.06678669 0.09776272 2.107336 Tracked 64420417
-0.06810951 0.09774815 2.105065 Tracked 64420451
-0.06913831 0.09752772 2.103269 Tracked 64420484
-0.06987238 0.09764656 2.102316 Tracked 64420517
-0.07012352 0.09759622 2.102004 Tracked 64420551
-0.07025002 0.09764531 2.101906 Tracked 64420584
-0.07021963 0.09772865 2.101885 Tracked 64420618
-0.0701915 0.09778494 2.101905 Tracked 64420652
-0.06947289 0.09885257 2.103283 Tracked 64420685
-0.0687246 0.09953887 2.104221 Tracked 64420719
-0.06784283 0.1002627 2.105424 Tracked 64420752
