-0.06850341 0.3088423 2.063137 Tracked 62671327
-0.06939524 0.3088299 2.060363 Tracked 62671361
-0.07027702 0.3086197 2.057933 Tracked 62671394
-0.07155128 0.3082381 2.055231 Tracked 62671426
-0.07279717 0.3061111 2.050944 Tracked 62671461
-0.07335689 0.3032192 2.0473 Tracked 62671494
-0.07477958 0.2967029 2.042223 Tracked 62671527
-0.07585497 0.2844441 2.0368 Tracked 62671564
-0.07648122 0.2695111 2.032238 Tracked 62671594
-0.07894657 0.2450887 2.027054 Tracked 62671626
-0.07927369 0.2317694 2.019303 Tracked 62671661
-0.07930401 0.2261647 2.042886 Tracked 62671694
-0.07618821 0.2094048 2.050949 Tracked 62671727
-0.07841654 0.178629 2.044534 Tracked 62671761
-0.0814742 0.1577004 2.042269 Tracked 62671794
-0.08324051 0.1457125 2.044873 Tracked 62671826
-0.08380947 0.1053214 2.046903 Tracked 62671861
-0.07590532 0.08649915 2.047219 Tracked 62671894
-0.05917935 0.06497187 2.048053 Tracked 62671926
-0.0597728 0.05988273 2.04618 Tracked 62671961
-0.07157257 0.02484889 2.050917 Tracked 62671994
-0.05471014 -0.04636819 2.061772 Tracked 62672026
-0.05064125 -0.06453162 2.068223 Tracked 62672061
-0.04880363 -0.06656264 2.054295 Tracked 62672094
0.00754433 0.02169527 2.045409 Tracked 62672126
-0.04463351 -0.140685 2.066755 Tracked 62672161
-0.0365008 -0.09971823 2.058814 Tracked 62672194
-0.03672386 -0.1012292 2.057613 Tracked 62672227
-0.03746019 -0.1004189 2.056253 Tracked 62672261
-0.08365169 -0.06866438 2.059773 Tracked 62672294
-0.09533134 -0.06396693 2.048082 Tracked 62672327
-0.08992375 -0.04092043 2.030344 Tracked 62672360
-0.09025493 -0.03274626 2.026583 Tracked 62672393
-0.0921311 -0.01432131 2.022117 Tracked 62672428
-0.09503095 0.006089143 2.014329 Tracked 62672461
-0.09685071 0.03355468 2.004667 Tracked 62672494
-0.1082343 0.06429346 2.008828 Tracked 62672527
-0.1053825 0.1001551 2.017354 Tracked 62672565
-0.1008261 0.1670447 2.026037 Tracked 62672594
-0.1020266 0.2251241 2.040353 Tracked 62672626
-0.1045582 0.2192046 2.007937 Tracked 62672661
-0.1052382 0.2211643 2.009024 Tracked 62672694
-0.1045256 0.2381972 2.010891 Tracked 62672726
-0.1033632 0.2562929 2.011069 Tracked 62672761
-0.1016923 0.2702371 2.012872 Tracked 62672794
-0.1002515 0.2796165 2.013629 Tracked 62672827
-0.09912177 0.2862342 2.014293 Tracked 62672861
-0.09761061 0.2901668 2.015565 Tracked 62672894
-0.09615999 0.2926 2.016328 Tracked 62672927
-0.09509411 0.2938983 2.016952 Tracked 62672961
-0.0940787 0.295186 2.017961 Tracked 62672994
-0.09223234 0.2961836 2.018842 Tracked 62673026
-0.09090424 0.2970425 2.019356 Tracked 62673061
-0.08953036 0.2976175 2.019827 Tracked 62673095
-0.08804505 0.298796 2.02072 Tracked 62673127
-0.08676507 0.2997009 2.021734 Tracked 62673161
-0.08573157 0.3002884 2.022475 Tracked 62673194
-0.08512912 0.3008004 2.022799 Tracked 62673226
-0.08437598 0.3016953 2.02338 Tracked 62673261
-0.08379222 0.3023607 2.023414 Tracked 62673293
-0.08324201 0.3029477 2.023549 Tracked 62673327
-0.08280253 0.3035423 2.023465 Tracked 62673361
-0.08251195 0.3034864 2.023339 Tracked 62673394
-0.08188894 0.3025416 2.022749 Tracked 62673427
-0.08037964 0.295295 2.020463 Tracked 62673461
-0.07942869 0.2787557 2.018788 Tracked 62673494
-0.08034869 0.2549884 2.016705 Tracked 62673528
-0.08091856 0.2269749 2.016634 Tracked 62673564
-0.07930588 0.2240293 2.033368 Tracked 62673594
-0.07753365 0.2063269 2.040265 Tracked 62673627
-0.07692642 0.17619 2.043994 Tracked 62673659
-0.07903913 0.1510277 2.045485 Tracked 62673694
-0.08160563 0.129664 2.047599 Tracked 62673727
-0.08217987 0.09939647 2.045376 Tracked 62673758
-0.08652982 0.04858477 2.044882 Tracked 62673793
-0.09810167 0.04011157 2.043806 Tracked 62673827
-0.08712194 -0.07798187 2.028138 Tracked 62673861
-0.09824312 -0.08637033 2.029572 Tracked 62673894
-0.1017063 -0.09151378 2.03849 Tracked 62673927
-0.104089 -0.09416564 2.038334 Tracked 62673961
-0.1066914 -0.09966379 2.039142 Tracked 62673994
-0.1072038 -0.1057888 2.040984 Tracked 62674026
-0.1061746 -0.1069029 2.042733 Tracked 62674061
-0.1088392 -0.1242592 2.046883 Tracked 62674093
-0.008159515 -0.1091369 2.029275 Tracked 62674127
-0.1536913 -0.1464081 2.0208 Tracked 62674161
-0.1627183 -0.1302642 2.025159 Tracked 62674193
-0.1160177 -0.08759535 2.043668 Tracked 62674227
-0.1195145 -0.08682974 2.038266 Tracked 62674261
-0.1188256 -0.08101509 2.030226 Tracked 62674294
-0.09640608 -0.03451797 2.01229 Tracked 62674327
-0.08632977 0.0174209 2.022789 Tracked 62674362
-0.1014448 0.05580147 2.022316 Tracked 62674393
-0.08954772 0.08084217 2.027195 Tracked 62674427
-0.08685162 0.142977 2.043972 Tracked 62674461
-0.08863213 0.1961837 2.052845 Tracked 62674494
-0.08647689 0.2018948 2.019878 Tracked 62674527
-0.08646271 0.2084388 2.022853 Tracked 62674561
-0.08442681 0.2361666 2.026498 Tracked 62674594
-0.08180984 0.2528179 2.029691 Tracked 62674627
-0.07911234 0.2736555 2.031499 Tracked 62674660
-0.07663759 0.2835077 2.032489 Tracked 62674694
-0.07487669 0.291684 2.032957 Tracked 62674727
-0.07270097 0.2960396 2.034363 Tracked 62674759
-0.07141767 0.2972681 2.0334 Tracked 62674794
-0.06910697 0.2993009 2.034639 Tracked 62674827
-0.0676348 0.2997361 2.032545 Tracked 62674859
-0.06665178 0.3000303 2.032377 Tracked 62674894
-0.06494775 0.3009741 2.034321 Tracked 62674925
-0.06432422 0.3010348 2.033912 Tracked 62674958
-0.06380052 0.3010008 2.033511 Tracked 62674994
-0.06229249 0.3015825 2.035728 Tracked 62675027
-0.06160587 0.3021573 2.036848 Tracked 62675060
-0.06141414 0.3021321 2.036719 Tracked 62675093
-0.06133552 0.3021887 2.036441 Tracked 62675127
-0.06099864 0.3027232 2.037403 Tracked 62675161
-0.06080092 0.3033971 2.038463 Tracked 62675194
-0.06085411 0.3034828 2.038483 Tracked 62675227
-0.06103866 0.3038227 2.038864 Tracked 62675261
-0.06123456 0.304196 2.039442 Tracked 62675294
-0.06185233 0.3037045 2.03807 Tracked 62675328
-0.06271547 0.3006124 2.03608 Tracked 62675362
-0.065196 0.2861382 2.032216 Tracked 62675396
-0.06849512 0.2593355 2.028921 Tracked 62675430
-0.07083439 0.2268827 2.025269 Tracked 62675465
-0.07113976 0.2258992 2.040215 Tracked 62675498
-0.06814086 0.2077519 2.046067 Tracked 62675530
-0.06587926 0.1684726 2.051093 Tracked 62675561
-0.07009578 0.1425386 2.051804 Tracked 62675594
-0.0735577 0.1021741 2.050604 Tracked 62675629
-0.07642999 0.04609152 2.047097 Tracked 62675662
-0.07633243 0.03105948 2.049022 Tracked 62675696
-0.08018261 -0.081073 2.033118 Tracked 62675728
-0.09095392 -0.06834407 2.041879 Tracked 62675762
-0.09353582 -0.06657638 2.042263 Tracked 62675795
-0.09872839 -0.05561387 2.048467 Tracked 62675828
-0.06021708 -0.09207733 2.04919 Tracked 62675862
-0.05308367 -0.09326909 2.0554 Tracked 62675896
-0.04892482 -0.1339961 2.050153 Tracked 62675928
-0.0463531 -0.2214592 2.022465 Tracked 62675962
-0.04656387 -0.2203225 2.021841 Tracked 62675995
-0.04745032 -0.2127548 2.019596 Tracked 62676028
-0.05580475 -0.1048999 2.037594 Tracked 62676062
-0.05389738 -0.0119655 2.046042 Tracked 62676095
-0.04751905 -0.07927706 2.046704 Tracked 62676127
-0.05189817 -0.05963707 2.047999 Tracked 62676158
-0.05097091 -0.007119173 2.051012 Tracked 62676194
-0.07232636 0.04468036 2.058199 Tracked 62676227
-0.07779878 0.05887096 2.059848 Tracked 62676258
-0.08165687 0.1030413 2.057691 Tracked 62676294
-0.07787646 0.1376162 2.060843 Tracked 62676326
-0.07562851 0.1789992 2.062679 Tracked 62676359
-0.07607667 0.2133526 2.064517 Tracked 62676395
-0.07430647 0.2194436 2.030213 Tracked 62676429
-0.07449338 0.2249288 2.033758 Tracked 62676461
-0.06996914 0.2620149 2.060374 Tracked 62676495
-0.07108241 0.2629425 2.055684 Tracked 62676528
-0.06834523 0.2807927 2.04505 Tracked 62676562
-0.06716783 0.2855932 2.043522 Tracked 62676598
-0.06637548 0.2888412 2.0392 Tracked 62676628
-0.06497774 0.2907269 2.035263 Tracked 62676661
-0.06395601 0.2922995 2.034334 Tracked 62676694
-0.06252594 0.2946439 2.035287 Tracked 62676728
-0.06164587 0.2956068 2.035509 Tracked 62676761
-0.06107228 0.2960821 2.035608 Tracked 62676794
-0.06033806 0.2963897 2.035483 Tracked 62676827
-0.0595912 0.2966915 2.03528 Tracked 62676861
-0.0591338 0.2969098 2.035056 Tracked 62676894
-0.05880072 0.2969863 2.034882 Tracked 62676927
-0.05847894 0.2970535 2.034788 Tracked 62676961
-0.05831052 0.2971457 2.034648 Tracked 62676993
-0.0582009 0.2972115 2.034652 Tracked 62677026
-0.05820032 0.2972883 2.034665 Tracked 62677060
-0.05824744 0.2977241 2.035258 Tracked 62677094
-0.05849011 0.2983505 2.035691 Tracked 62677128
-0.05895857 0.2993681 2.036675 Tracked 62677161
-0.06000582 0.3007265 2.037126 Tracked 62677195
-0.06090634 0.3014707 2.037178 Tracked 62677228
-0.0618582 0.301791 2.036984 Tracked 62677262
-0.06303762 0.3006268 2.036201 Tracked 62677295
-0.06489386 0.2942848 2.034613 Tracked 62677327
-0.06719951 0.2795817 2.032349 Tracked 62677361
-0.07119995 0.2525759 2.029699 Tracked 62677394
-0.07037582 0.234026 2.018385 Tracked 62677426
-0.07087085 0.2288067 2.034757 Tracked 62677459
-0.06987342 0.2055365 2.044779 Tracked 62677494
-0.07189234 0.1645438 2.0458 Tracked 62677525
-0.07527617 0.1420866 2.045377 Tracked 62677559
-0.08136111 0.107202 2.041827 Tracked 62677598
-0.09932318 0.04941687 2.03618 Tracked 62677628
-0.1105123 0.0365476 2.034878 Tracked 62677662
-0.1071218 -0.07887278 2.020645 Tracked 62677694
-0.1169331 -0.01782854 2.032942 Tracked 62677730
-0.114292 -0.07538314 2.032545 Tracked 62677764
-0.1156372 -0.07380272 2.032037 Tracked 62677797
-0.1152309 -0.07653624 2.03433 Tracked 62677830
-0.1192696 -0.09414885 2.034841 Tracked 62677862
-0.1220968 -0.08751928 2.03533 Tracked 62677898
-0.1185688 -0.1683247 2.027605 Tracked 62677930
-0.1156155 -0.1836706 2.024412 Tracked 62677964
-0.1172368 -0.1276451 2.036164 Tracked 62677997
-0.1186935 -0.1155219 2.04296 Tracked 62678030
-0.1174142 -0.1085895 2.042635 Tracked 62678063
-0.1172507 -0.1103004 2.041603 Tracked 62678095
-0.1230469 -0.06130018 2.04016 Tracked 62678127
-0.1232138 -0.04695918 2.04086 Tracked 62678160
-0.1051271 -0.02472085 2.04594 Tracked 62678195
-0.09213676 0.03644096 2.053588 Tracked 62678229
-0.09481536 0.05991245 2.054767 Tracked 62678261
-0.09138572 0.1152346 2.062011 Tracked 62678295
-0.09101812 0.1195349 2.059398 Tracked 62678329
-0.08654419 0.1871529 2.065078 Tracked 62678362
-0.0865872 0.2213789 2.064345 Tracked 62678395
-0.0860182 0.2260226 2.033194 Tracked 62678429
-0.08651874 0.2308102 2.035809 Tracked 62678461
-0.08686703 0.2645033 2.060481 Tracked 62678496
-0.08539085 0.2648667 2.05272 Tracked 62678527
-0.08308601 0.2799513 2.0428 Tracked 62678561
-0.08162782 0.2857944 2.039826 Tracked 62678599
-0.07986441 0.2893993 2.037964 Tracked 62678627
-0.07834536 0.2913159 2.034345 Tracked 62678659
-0.07709353 0.2923296 2.030674 Tracked 62678692
-0.07638454 0.2933133 2.030768 Tracked 62678725
-0.07575361 0.2936811 2.030733 Tracked 62678758
-0.07511976 0.2940235 2.030843 Tracked 62678792
-0.07477031 0.2943372 2.030802 Tracked 62678825
-0.07459923 0.2947041 2.030808 Tracked 62678858
-0.07409262 0.2950388 2.03014 Tracked 62678894
-0.07384111 0.2955123 2.030148 Tracked 62678926
-0.07367121 0.2960508 2.030058 Tracked 62678965
-0.07347482 0.2969059 2.03001 Tracked 62678998
-0.07305234 0.2979304 2.029703 Tracked 62679032
-0.07300925 0.2988846 2.029345 Tracked 62679065
-0.07299183 0.2998463 2.030635 Tracked 62679098
-0.07315492 0.3004823 2.029965 Tracked 62679132
-0.07340437 0.2998893 2.028872 Tracked 62679163
-0.07385329 0.2965996 2.026653 Tracked 62679195
-0.07540741 0.2818481 2.023348 Tracked 62679230
-0.0778726 0.2565004 2.021788 Tracked 62679261
-0.07746642 0.2373151 2.013825 Tracked 62679296
-0.07552651 0.2279426 2.03128 Tracked 62679327
-0.07212437 0.2016418 2.041076 Tracked 62679360
-0.07355443 0.1595917 2.042194 Tracked 62679394
-0.07416406 0.1342466 2.041848 Tracked 62679429
-0.07334166 0.09816045 2.041425 Tracked 62679460
-0.08466494 0.05409312 2.041034 Tracked 62679494
-0.09059299 0.03363155 2.041894 Tracked 62679528
-0.09978297 -0.07932368 2.031959 Tracked 62679560
-0.1045295 -0.02239705 2.040566 Tracked 62679593
-0.09984885 -0.02932831 2.040827 Tracked 62679627
-0.09175631 -0.04170734 2.04188 Tracked 62679660
-0.09021321 -0.09161762 2.047416 Tracked 62679693
-0.1042541 -0.1418375 2.041564 Tracked 62679727
-0.1007399 -0.1600173 2.039821 Tracked 62679759
-0.1004353 -0.2222375 2.009341 Tracked 62679795
-0.09460942 -0.2236806 2.010106 Tracked 62679826
-0.09492295 -0.2330568 2.002764 Tracked 62679860
-0.08812083 -0.1915413 2.023281 Tracked 62679893
-0.08153686 -0.1548811 2.038697 Tracked 62679925
-0.1039854 -0.1127872 2.044257 Tracked 62679959
-0.09836474 -0.0675142 2.049148 Tracked 62679993
-0.09312627 -0.04141064 2.050168 Tracked 62680026
-0.07862411 0.03419876 2.056825 Tracked 62680059
-0.07568771 0.05352223 2.060233 Tracked 62680093
-0.0745765 0.09962398 2.063774 Tracked 62680126
-0.07390132 0.133952 2.066308 Tracked 62680160
-0.0698193 0.1804561 2.07122 Tracked 62680193
-0.07049007 0.207229 2.071392 Tracked 62680226
-0.07139565 0.2145889 2.038575 Tracked 62680260
-0.0718765 0.2209096 2.041151 Tracked 62680293
-0.07281807 0.2603967 2.066183 Tracked 62680327
-0.0722394 0.2618499 2.066811 Tracked 62680360
-0.07191496 0.2657099 2.068492 Tracked 62680396
-0.07073352 0.2727359 2.071801 Tracked 62680427
-0.06838793 0.2812684 2.04565 Tracked 62680460
-0.06715566 0.2916706 2.040444 Tracked 62680494
-0.0664345 0.2928046 2.039284 Tracked 62680527
-0.0651119 0.2940033 2.037993 Tracked 62680560
-0.06403007 0.2952539 2.036381 Tracked 62680594
-0.06285337 0.2965733 2.034558 Tracked 62680627
-0.06188206 0.2970646 2.032424 Tracked 62680660
-0.06093903 0.2980081 2.030077 Tracked 62680694
-0.06032665 0.2980486 2.028956 Tracked 62680727
-0.05961446 0.2984675 2.027612 Tracked 62680760
-0.0592908 0.2986868 2.02667 Tracked 62680793
-0.05860554 0.299557 2.025125 Tracked 62680826
-0.05860609 0.3001044 2.024005 Tracked 62680860
-0.05879496 0.3006379 2.02332 Tracked 62680894
-0.05930664 0.3017508 2.021949 Tracked 62680927
-0.06032849 0.3016234 2.02053 Tracked 62680960
-0.06122287 0.3010522 2.019278 Tracked 62680994
-0.0627287 0.29825 2.017373 Tracked 62681026
-0.06606343 0.2877763 2.014837 Tracked 62681060
-0.07094751 0.2648336 2.013277 Tracked 62681093
-0.0723286 0.2346267 2.013767 Tracked 62681128
-0.07264747 0.2347886 2.025639 Tracked 62681163
-0.07231478 0.2152496 2.033497 Tracked 62681193
-0.07545044 0.1644431 2.037405 Tracked 62681226
-0.07529481 0.1418493 2.038621 Tracked 62681258
-0.08044332 0.1044732 2.038046 Tracked 62681293
-0.08180632 0.04996254 2.038597 Tracked 62681326
-0.08087334 0.0371795 2.041157 Tracked 62681358
-0.09900691 -0.08298585 2.026361 Tracked 62681392
-0.1011457 -0.1019204 2.028318 Tracked 62681425
-0.1000749 -0.1729112 2.012107 Tracked 62681460
-0.1005528 -0.2066178 2.008268 Tracked 62681493
-0.1178892 -0.1576148 2.045647 Tracked 62681528
-0.1199203 -0.06505891 2.044713 Tracked 62681561
-0.1201108 -0.06509042 2.044541 Tracked 62681597
-0.1142383 -0.1910776 2.036349 Tracked 62681629
-0.1092671 -0.1994876 2.032155 Tracked 62681663
-0.1079835 -0.2011351 2.03118 Tracked 62681696
-0.1076872 -0.2017332 2.031171 Tracked 62681728
-0.1063731 -0.1968442 2.027809 Tracked 62681762
-0.1186034 -0.1539194 2.031116 Tracked 62681797
-0.1022536 -0.1442142 2.026909 Tracked 62681830
-0.1037687 -0.1084025 2.003625 Tracked 62681863
-0.07881026 -0.09045078 1.989089 Tracked 62681897
-0.08675785 0.07551873 2.047788 Tracked 62681929
-0.0844891 0.08634003 2.047587 Tracked 62681962
-0.07993477 0.132601 2.049082 Tracked 62681997
-0.07697614 0.1573654 2.048666 Tracked 62682029
-0.0762485 0.2101963 2.049299 Tracked 62682063
-0.07688703 0.2272232 2.049596 Tracked 62682097
-0.0759366 0.2351633 2.015361 Tracked 62682129
-0.07431034 0.2562842 2.024863 Tracked 62682162
-0.0706753 0.2575894 2.036602 Tracked 62682198
-0.07060171 0.2575771 2.036602 Tracked 62682229
-0.06657387 0.2654268 2.030927 Tracked 62682262
-0.06468849 0.2827638 2.02285 Tracked 62682297
-0.06386638 0.2852376 2.021646 Tracked 62682329
-0.06293027 0.286965 2.020678 Tracked 62682362
-0.06200968 0.2879565 2.019924 Tracked 62682397
-0.06089533 0.2886895 2.018789 Tracked 62682428
-0.06017329 0.2889576 2.018352 Tracked 62682459
-0.05913559 0.2891639 2.017613 Tracked 62682493
-0.05829926 0.2893333 2.017281 Tracked 62682526
-0.05761355 0.2894819 2.016857 Tracked 62682559
-0.05736737 0.2896706 2.016781 Tracked 62682593
-0.05698691 0.2899463 2.016354 Tracked 62682626
-0.05675438 0.2902194 2.016084 Tracked 62682659
-0.05675058 0.2907742 2.015644 Tracked 62682694
-0.05695258 0.2917555 2.015327 Tracked 62682727
-0.05743331 0.2929916 2.014912 Tracked 62682759
-0.05822734 0.2946485 2.014578 Tracked 62682794
-0.05923238 0.2959487 2.013699 Tracked 62682827
-0.05993208 0.2965966 2.012733 Tracked 62682860
-0.06107971 0.2968509 2.011502 Tracked 62682894
-0.06202456 0.2959629 2.010467 Tracked 62682927
-0.06424841 0.289435 2.007992 Tracked 62682960
-0.06737606 0.2791442 1.998806 Tracked 62682994
-0.06961013 0.2509656 1.991696 Tracked 62683027
-0.07122176 0.2424466 2.018454 Tracked 62683060
-0.07095679 0.2158574 2.024732 Tracked 62683094
-0.07242151 0.1662794 2.023213 Tracked 62683126
-0.07477915 0.1455458 2.02477 Tracked 62683160
-0.07810169 0.1089621 2.025645 Tracked 62683194
-0.09395372 0.0500189 2.02425 Tracked 62683226
-0.1032311 0.03579608 2.02586 Tracked 62683259
-0.1031459 -0.00166565 2.034249 Tracked 62683294
-0.09811242 -0.1308419 2.018816 Tracked 62683326
-0.0394013 -0.1743119 2.01607 Tracked 62683359
-0.1381175 -0.105125 2.03382 Tracked 62683393
-0.0442375 -0.06818522 2.019528 Tracked 62683427
-0.04525 -0.06899056 2.019637 Tracked 62683460
-0.05832254 -0.1357213 2.025207 Tracked 62683494
-0.03446696 -0.2069641 2.006387 Tracked 62683527
0.06634678 -0.4334371 2.270248 Tracked 62683559
0.05538044 -0.9020661 2.220378 Tracked 62683594
-0.009427919 -0.2829988 2.044054 Tracked 62683627
-0.06080816 -0.1330732 2.012531 Tracked 62683660
-0.05466561 -0.1137813 2.014979 Tracked 62683692
-0.05277536 -0.08575311 2.023442 Tracked 62683726
-0.04507248 -0.06105963 2.027593 Tracked 62683759
-0.04770782 -0.05043777 2.027936 Tracked 62683793
-0.05128023 -0.03458644 2.02796 Tracked 62683825
-0.05511539 -0.04987603 2.016177 Tracked 62683859
-0.07644522 0.05417002 2.034269 Tracked 62683893
-0.07445318 0.07117759 2.033655 Tracked 62683926
-0.07567833 0.1059253 2.033535 Tracked 62683960
-0.07534443 0.1093139 2.030792 Tracked 62683993
-0.06763551 0.1786676 2.037432 Tracked 62684027
-0.07058613 0.2084876 2.036031 Tracked 62684060
-0.07220253 0.2134337 2.00727 Tracked 62684094
-0.07224515 0.2309402 2.002958 Tracked 62684127
-0.07260218 0.2425085 2.009851 Tracked 62684160
-0.07165332 0.2601963 2.013364 Tracked 62684193
-0.07112251 0.2694656 2.013211 Tracked 62684227
-0.0713093 0.2775767 2.01309 Tracked 62684260
-0.0710284 0.2798988 2.010892 Tracked 62684294
-0.07069714 0.2846933 2.010687 Tracked 62684327
-0.07052065 0.2869722 2.010674 Tracked 62684360
-0.07040998 0.2892933 2.010897 Tracked 62684394
-0.07056468 0.2902559 2.010739 Tracked 62684427
-0.07088515 0.2910759 2.0109 Tracked 62684460
-0.07120062 0.2914466 2.010631 Tracked 62684494
-0.07180282 0.2920225 2.010405 Tracked 62684527
-0.07255649 0.2925105 2.010167 Tracked 62684560
-0.07326452 0.2931778 2.009984 Tracked 62684593
-0.07406101 0.2939467 2.009618 Tracked 62684627
-0.07484581 0.2945122 2.009365 Tracked 62684660
-0.07603353 0.2955538 2.009329 Tracked 62684694
-0.07693716 0.2963957 2.00907 Tracked 62684727
-0.07705328 0.2965769 2.009077 Tracked 62684760
-0.07787784 0.2967148 2.008996 Tracked 62684794
-0.07849023 0.2964001 2.008582 Tracked 62684826
-0.07957464 0.2938173 2.008466 Tracked 62684860
-0.08134067 0.283788 2.008525 Tracked 62684893
-0.08372521 0.2602394 2.006885 Tracked 62684926
-0.08540276 0.2425119 1.99823 Tracked 62684959
-0.08490746 0.2357545 2.01453 Tracked 62684993
-0.08306 0.2015704 2.023601 Tracked 62685026
-0.0839439 0.1663535 2.023742 Tracked 62685059
-0.08446581 0.138435 2.024369 Tracked 62685093
-0.08232557 0.09848343 2.024064 Tracked 62685126
-0.07242685 0.05112005 2.02602 Tracked 62685159
-0.0764589 0.04040716 2.030567 Tracked 62685193
-0.06251419 -0.05232207 2.027519 Tracked 62685226
-0.1021167 -0.02376083 2.029164 Tracked 62685260
-0.1017498 -0.09983025 2.022157 Tracked 62685296
-0.09399507 -0.1452879 2.00906 Tracked 62685330
-0.09545632 -0.1445124 2.010074 Tracked 62685368
-0.09544358 -0.1522932 2.013209 Tracked 62685403
-0.09195953 -0.1643393 2.014566 Tracked 62685436
-0.09587736 -0.1943668 2.002025 Tracked 62685470
-0.09356486 -0.1998361 2.002552 Tracked 62685497
-0.09766935 -0.1462411 2.026508 Tracked 62685527
-0.06802284 -0.06536654 2.035727 Tracked 62685560
-0.0802661 -0.1194952 2.035118 Tracked 62685594
-0.08796497 -0.06796893 2.045218 Tracked 62685626
-0.091572 -0.03795623 2.037495 Tracked 62685659
-0.08987357 -0.02576775 2.036264 Tracked 62685694
-0.08058275 0.05286336 2.04443 Tracked 62685726
-0.07593116 0.0691174 2.043895 Tracked 62685760
-0.07211181 0.1081581 2.044648 Tracked 62685793
-0.07230873 0.1267707 2.043982 Tracked 62685826
-0.0700213 0.1422693 2.040286 Tracked 62685860
-0.07575093 0.1987642 2.046182 Tracked 62685894
-0.07469018 0.2273398 2.045934 Tracked 62685927
-0.07340796 0.2343489 2.005677 Tracked 62685960
-0.07460911 0.2477231 2.026986 Tracked 62685994
-0.07536679 0.2502733 2.029588 Tracked 62686026
-0.0756499 0.2508518 2.029101 Tracked 62686060
-0.07239959 0.2694841 2.014398 Tracked 62686094
-0.07276575 0.2859547 2.009315 Tracked 62686126
-0.07254611 0.2893386 2.007816 Tracked 62686160
-0.07245017 0.2909421 2.006748 Tracked 62686193
-0.07239298 0.292085 2.00593 Tracked 62686226
-0.07247653 0.2927631 2.00519 Tracked 62686259
-0.07241934 0.2931819 2.004762 Tracked 62686292
-0.07231797 0.2935376 2.004084 Tracked 62686326
-0.07229283 0.2938476 2.003673 Tracked 62686358
-0.07241613 0.2941239 2.003508 Tracked 62686392
-0.07277129 0.2945259 2.003031 Tracked 62686426
-0.07310601 0.2948762 2.002597 Tracked 62686460
-0.07350983 0.2952773 2.002421 Tracked 62686493
-0.07404158 0.2957326 2.002415 Tracked 62686526
-0.07461519 0.2962414 2.002324 Tracked 62686562
-0.07541635 0.2970997 2.002439 Tracked 62686599
-0.07635318 0.2981088 2.002683 Tracked 62686630
-0.07741649 0.29891 2.00308 Tracked 62686664
-0.07849658 0.2994697 2.003664 Tracked 62686697
-0.07940381 0.2998441 2.004301 Tracked 62686731
