-0.07012963 0.5513861 2.049245 Tracked 62671327
-0.07171738 0.5508202 2.039023 Tracked 62671361
-0.07312617 0.549969 2.029609 Tracked 62671394
-0.07497376 0.5476461 2.01722 Tracked 62671426
-0.07582607 0.5405174 1.9993 Tracked 62671461
-0.07595824 0.5323084 1.98452 Tracked 62671494
-0.07742183 0.5195584 1.965112 Tracked 62671527
-0.07845231 0.5013546 1.946511 Tracked 62671564
-0.07910756 0.4782881 1.926755 Tracked 62671594
-0.08280735 0.4450545 1.904773 Tracked 62671626
-0.08115687 0.4283772 1.872594 Tracked 62671661
-0.08137788 0.4096591 1.863903 Tracked 62671694
-0.07316838 0.3562192 1.843522 Tracked 62671727
-0.08020674 0.3170584 1.824229 Tracked 62671761
-0.08516724 0.2713024 1.809338 Tracked 62671794
-0.08259025 0.2324912 1.802684 Tracked 62671826
-0.07770346 0.1809481 1.79358 Tracked 62671861
-0.06458659 0.1457974 1.786813 Tracked 62671894
-0.0442265 0.1230284 1.779834 Tracked 62671926
-0.04166285 0.1002619 1.774648 Tracked 62671961
-0.04625198 0.06080496 1.774642 Tracked 62671994
-0.04405461 0.02531716 1.780125 Tracked 62672026
-0.03975744 0.004838485 1.786859 Tracked 62672061
-0.04204948 -0.001468098 1.769162 Tracked 62672094
-0.03646569 -0.007810696 1.78699 Tracked 62672126
-0.04576647 -0.04139331 1.792344 Tracked 62672161
-0.0387091 -0.02273179 1.785887 Tracked 62672194
-0.03904963 -0.02158933 1.784755 Tracked 62672227
-0.04177191 -0.01328733 1.781027 Tracked 62672261
-0.05572138 0.005692242 1.780421 Tracked 62672294
-0.06886798 0.03017132 1.771837 Tracked 62672327
-0.0678822 0.0834858 1.766671 Tracked 62672360
-0.07002146 0.09203762 1.767816 Tracked 62672393
-0.07758833 0.1279717 1.776355 Tracked 62672428
-0.08520924 0.1592398 1.779485 Tracked 62672461
-0.08955112 0.2070954 1.785258 Tracked 62672494
-0.1133173 0.2526871 1.799858 Tracked 62672527
-0.1109374 0.2752941 1.805281 Tracked 62672565
-0.1087035 0.3442147 1.826723 Tracked 62672594
-0.1102896 0.3961276 1.84568 Tracked 62672626
-0.112589 0.4093034 1.849668 Tracked 62672661
-0.1163547 0.4321199 1.890208 Tracked 62672694
-0.1111973 0.4534123 1.901102 Tracked 62672726
-0.1074698 0.4795353 1.915776 Tracked 62672761
-0.103205 0.5008569 1.932459 Tracked 62672794
-0.100861 0.5147358 1.945054 Tracked 62672827
-0.1002871 0.5273299 1.957763 Tracked 62672861
-0.09817001 0.5347463 1.971113 Tracked 62672894
-0.09623861 0.539317 1.979856 Tracked 62672927
-0.09535208 0.5412917 1.987439 Tracked 62672961
-0.09509239 0.5433281 1.995271 Tracked 62672994
-0.09290463 0.5444479 2.000861 Tracked 62673026
-0.09178524 0.5456116 2.00431 Tracked 62673061
-0.09081806 0.5462566 2.006512 Tracked 62673095
-0.08987049 0.5477862 2.009738 Tracked 62673127
-0.08925187 0.5487348 2.011657 Tracked 62673161
-0.08856726 0.5491036 2.012134 Tracked 62673194
-0.08830503 0.5493739 2.011991 Tracked 62673226
-0.08772203 0.5499736 2.011293 Tracked 62673261
-0.08626229 0.5506383 2.006949 Tracked 62673293
-0.08444833 0.5508438 1.999854 Tracked 62673327
-0.08284769 0.5500756 1.988573 Tracked 62673361
-0.08076245 0.5441768 1.973432 Tracked 62673394
-0.07879347 0.5338017 1.95461 Tracked 62673427
-0.07751174 0.5136746 1.932454 Tracked 62673461
-0.0765058 0.4901139 1.91418 Tracked 62673494
-0.07891215 0.4553476 1.892558 Tracked 62673528
-0.0796739 0.4202687 1.876166 Tracked 62673564
-0.0769272 0.4031432 1.860834 Tracked 62673594
-0.07360163 0.3553043 1.840112 Tracked 62673627
-0.073783 0.317325 1.831 Tracked 62673659
-0.07789504 0.2682031 1.818767 Tracked 62673694
-0.07919555 0.2284393 1.812318 Tracked 62673727
-0.07701264 0.1872079 1.802385 Tracked 62673758
-0.08159232 0.1428573 1.797135 Tracked 62673793
-0.10477 0.1135747 1.788587 Tracked 62673827
-0.0755725 0.0510102 1.786299 Tracked 62673861
-0.1245726 0.03156316 1.78088 Tracked 62673894
-0.1230982 0.01912952 1.785927 Tracked 62673927
-0.1230351 0.007752885 1.783349 Tracked 62673961
-0.119551 -0.01198 1.781296 Tracked 62673994
-0.1206039 -0.01554531 1.780782 Tracked 62674026
-0.1194741 -0.02068062 1.780306 Tracked 62674061
-0.1216397 -0.02294988 1.780828 Tracked 62674093
-0.0206224 -0.005078746 1.777511 Tracked 62674127
-0.1403838 -0.02313535 1.773843 Tracked 62674161
-0.1401619 -0.01823677 1.774555 Tracked 62674193
-0.1318205 0.009338762 1.779292 Tracked 62674227
-0.127988 0.02621715 1.779122 Tracked 62674261
-0.118284 0.05051626 1.778694 Tracked 62674294
-0.07395206 0.1122771 1.785099 Tracked 62674327
-0.08694761 0.1647891 1.798624 Tracked 62674362
-0.08882182 0.2131236 1.803757 Tracked 62674393
-0.08217992 0.2561892 1.818134 Tracked 62674427
-0.08310733 0.3105948 1.835023 Tracked 62674461
-0.08305483 0.3629702 1.852345 Tracked 62674494
-0.08531594 0.3930902 1.857037 Tracked 62674527
-0.08530331 0.421357 1.898405 Tracked 62674561
-0.08233168 0.4501787 1.911539 Tracked 62674594
-0.07744498 0.4805941 1.932956 Tracked 62674627
-0.07643975 0.5027734 1.94962 Tracked 62674660
-0.07380559 0.519114 1.96558 Tracked 62674694
-0.07185082 0.5316703 1.979075 Tracked 62674727
-0.0691201 0.5405935 1.99458 Tracked 62674759
-0.06890193 0.5410746 1.995296 Tracked 62674794
-0.06583799 0.5475909 2.013213 Tracked 62674827
-0.06581949 0.5473304 2.012567 Tracked 62674859
-0.06551657 0.5476195 2.014411 Tracked 62674894
-0.06421525 0.5512777 2.029689 Tracked 62674925
-0.06420659 0.5511432 2.029273 Tracked 62674958
-0.06423838 0.5510583 2.029142 Tracked 62674994
-0.06316751 0.5522767 2.035941 Tracked 62675027
-0.06337956 0.5531605 2.038295 Tracked 62675060
-0.06350861 0.552415 2.035792 Tracked 62675093
-0.06363454 0.5519617 2.032775 Tracked 62675127
-0.06350001 0.5521779 2.033001 Tracked 62675161
-0.06345293 0.5523242 2.032782 Tracked 62675194
-0.06407113 0.5515158 2.025958 Tracked 62675227
-0.06455037 0.5505706 2.020591 Tracked 62675261
-0.06474243 0.5490552 2.013825 Tracked 62675294
-0.06587421 0.5364434 1.971907 Tracked 62675328
-0.06594896 0.5266625 1.960144 Tracked 62675362
-0.06870911 0.49532 1.930758 Tracked 62675396
-0.07103976 0.4612517 1.910412 Tracked 62675430
-0.0725223 0.4139648 1.885914 Tracked 62675465
-0.07583416 0.4022434 1.868961 Tracked 62675498
-0.07120714 0.3508412 1.84184 Tracked 62675530
-0.06971455 0.2967661 1.831937 Tracked 62675561
-0.07421667 0.2463904 1.820708 Tracked 62675594
-0.07581725 0.2003781 1.812534 Tracked 62675629
-0.07388733 0.147552 1.80457 Tracked 62675662
-0.06769307 0.1257349 1.803845 Tracked 62675696
-0.06771806 0.05214334 1.793932 Tracked 62675728
-0.1209812 0.03243974 1.79647 Tracked 62675762
-0.1232022 0.02374404 1.793758 Tracked 62675795
-0.1285771 0.01321435 1.795471 Tracked 62675828
-0.04392624 -0.03114072 1.785501 Tracked 62675862
-0.03335945 -0.0320069 1.796755 Tracked 62675896
-0.03177618 -0.03487296 1.797033 Tracked 62675928
-0.02896064 -0.05518707 1.794049 Tracked 62675962
-0.028796 -0.05575982 1.791828 Tracked 62675995
-0.02896956 -0.05429181 1.790518 Tracked 62676028
-0.03000142 -0.01371617 1.792924 Tracked 62676062
-0.02968026 0.007350429 1.793847 Tracked 62676095
-0.02985938 0.008069209 1.793955 Tracked 62676127
-0.03355636 0.02354398 1.793622 Tracked 62676158
-0.03252795 0.0766093 1.798518 Tracked 62676194
-0.06431833 0.127425 1.809165 Tracked 62676227
-0.0728644 0.1613379 1.816628 Tracked 62676258
-0.07701325 0.2251535 1.823256 Tracked 62676294
-0.07460058 0.2821608 1.83812 Tracked 62676326
-0.07238851 0.3400041 1.85301 Tracked 62676359
-0.07096634 0.3894258 1.868822 Tracked 62676395
-0.06969545 0.4143249 1.874681 Tracked 62676429
-0.0689628 0.4398365 1.923459 Tracked 62676461
-0.06318068 0.4673803 1.941316 Tracked 62676495
-0.06134233 0.4854138 1.951555 Tracked 62676528
-0.06084167 0.5112499 1.968393 Tracked 62676562
-0.06007724 0.522328 1.980462 Tracked 62676598
-0.05997725 0.5234503 1.981325 Tracked 62676628
-0.05957555 0.5253336 1.98364 Tracked 62676661
-0.05817014 0.5329782 1.997114 Tracked 62676694
-0.05732673 0.5440034 2.022889 Tracked 62676728
-0.05723842 0.5449616 2.025238 Tracked 62676761
-0.0576204 0.5458848 2.028113 Tracked 62676794
-0.0577747 0.546269 2.030377 Tracked 62676827
-0.05791318 0.5467477 2.032007 Tracked 62676861
-0.05813247 0.5471052 2.033382 Tracked 62676894
-0.0582796 0.5472747 2.034514 Tracked 62676927
-0.05839676 0.5474415 2.035577 Tracked 62676961
-0.05859928 0.5476819 2.036048 Tracked 62676993
-0.0586201 0.5477767 2.036599 Tracked 62677026
-0.0588182 0.5479547 2.036932 Tracked 62677060
-0.05899223 0.5481008 2.037171 Tracked 62677094
-0.0592071 0.5482996 2.036949 Tracked 62677128
-0.05952922 0.5485131 2.036357 Tracked 62677161
-0.06152252 0.5489168 2.030695 Tracked 62677195
-0.06409247 0.5471037 2.017803 Tracked 62677228
-0.06609301 0.5428746 1.999912 Tracked 62677262
-0.06682027 0.5306206 1.978498 Tracked 62677295
-0.06627955 0.5107002 1.955323 Tracked 62677327
-0.06754065 0.4874321 1.934439 Tracked 62677361
-0.07028732 0.4473196 1.908096 Tracked 62677394
-0.06781785 0.4270029 1.860054 Tracked 62677426
-0.06765845 0.4004407 1.851292 Tracked 62677459
-0.06619113 0.3443282 1.836233 Tracked 62677494
-0.06525682 0.2900465 1.822255 Tracked 62677525
-0.07208277 0.2405408 1.809986 Tracked 62677559
-0.07551685 0.1961204 1.799061 Tracked 62677598
-0.09998266 0.1426005 1.786938 Tracked 62677628
-0.1183755 0.1245036 1.781042 Tracked 62677662
-0.1148328 0.04900666 1.778352 Tracked 62677694
-0.1204501 0.0473481 1.777992 Tracked 62677730
-0.1268117 0.007904598 1.776634 Tracked 62677764
-0.1326093 0.006140614 1.776821 Tracked 62677797
-0.1321168 -0.01251273 1.775867 Tracked 62677830
-0.1336623 -0.02488577 1.773996 Tracked 62677862
-0.136209 -0.02432782 1.773854 Tracked 62677898
-0.1390252 -0.03343176 1.772632 Tracked 62677930
-0.1356496 -0.05359582 1.772331 Tracked 62677964
-0.1351898 -0.05209608 1.774154 Tracked 62677997
-0.1353221 -0.04321713 1.777981 Tracked 62678030
-0.1333573 -0.03466231 1.78016 Tracked 62678063
-0.1318334 -0.02948929 1.782165 Tracked 62678095
-0.1430756 0.02513103 1.790246 Tracked 62678127
-0.1452173 0.05385604 1.791054 Tracked 62678160
-0.113036 0.08004832 1.801383 Tracked 62678195
-0.1028684 0.1307953 1.808741 Tracked 62678229
-0.09061249 0.1852307 1.819656 Tracked 62678261
-0.08698566 0.2421499 1.832923 Tracked 62678295
-0.08613908 0.286888 1.841863 Tracked 62678329
-0.08148638 0.3485185 1.860924 Tracked 62678362
-0.08317154 0.4006239 1.874131 Tracked 62678395
-0.08223323 0.4229958 1.878771 Tracked 62678429
-0.08409721 0.4486594 1.928045 Tracked 62678461
-0.08284885 0.4738308 1.947279 Tracked 62678496
-0.07902329 0.4888597 1.955518 Tracked 62678527
-0.07848006 0.5102156 1.970213 Tracked 62678561
-0.07741091 0.520631 1.981267 Tracked 62678599
-0.0760286 0.5279817 1.991587 Tracked 62678627
-0.07563362 0.5289296 1.993081 Tracked 62678659
-0.07530484 0.529938 1.994927 Tracked 62678692
-0.07398365 0.5378324 2.014917 Tracked 62678725
-0.07364412 0.5385421 2.019301 Tracked 62678758
-0.07357793 0.5394357 2.024333 Tracked 62678792
-0.07370158 0.5399069 2.026853 Tracked 62678825
-0.0742242 0.5408397 2.029133 Tracked 62678858
-0.07419684 0.5409394 2.029117 Tracked 62678894
-0.07436236 0.541793 2.02983 Tracked 62678926
-0.07453671 0.5422639 2.029773 Tracked 62678965
-0.07464215 0.5432486 2.029024 Tracked 62678998
-0.07414015 0.5445399 2.025284 Tracked 62679032
-0.07453094 0.5453583 2.017805 Tracked 62679065
-0.07438672 0.5450985 2.016914 Tracked 62679098
-0.07477056 0.5411797 1.987154 Tracked 62679132
-0.07578642 0.5321457 1.969232 Tracked 62679163
-0.075203 0.5160375 1.946409 Tracked 62679195
-0.07679194 0.4890663 1.922607 Tracked 62679230
-0.07966317 0.4545888 1.901342 Tracked 62679261
-0.07810647 0.427762 1.858876 Tracked 62679296
-0.07717495 0.3957357 1.84771 Tracked 62679327
-0.07114369 0.3387342 1.831255 Tracked 62679360
-0.07437541 0.2854067 1.818397 Tracked 62679394
-0.07251865 0.2302873 1.805013 Tracked 62679429
-0.06737187 0.1797769 1.796751 Tracked 62679460
-0.09801508 0.1353484 1.788113 Tracked 62679494
-0.1065501 0.1085182 1.784175 Tracked 62679528
-0.1127547 0.0427604 1.780923 Tracked 62679560
-0.1126876 0.03984067 1.780867 Tracked 62679593
-0.1141665 0.02832377 1.780961 Tracked 62679627
-0.102376 -0.01377478 1.782466 Tracked 62679660
-0.1033175 -0.02386278 1.783906 Tracked 62679693
-0.1074202 -0.04322831 1.78437 Tracked 62679727
-0.1087855 -0.05328834 1.784822 Tracked 62679759
-0.1147552 -0.05652289 1.780942 Tracked 62679795
-0.1087102 -0.07500792 1.778482 Tracked 62679826
-0.1091592 -0.07935204 1.775853 Tracked 62679860
-0.1084175 -0.07636748 1.777436 Tracked 62679893
-0.1055467 -0.06010191 1.782811 Tracked 62679925
-0.1087172 -0.02681879 1.788939 Tracked 62679959
-0.1086899 0.01032222 1.795658 Tracked 62679993
-0.1062243 0.06186036 1.799692 Tracked 62680026
-0.09382603 0.1131915 1.80627 Tracked 62680059
-0.06074843 0.16051 1.819025 Tracked 62680093
-0.06721821 0.2205609 1.830457 Tracked 62680126
-0.06910968 0.2779989 1.842681 Tracked 62680160
-0.06667816 0.3356398 1.86104 Tracked 62680193
-0.06967089 0.3846669 1.875402 Tracked 62680226
-0.07005412 0.4083229 1.881632 Tracked 62680260
-0.07039484 0.4368395 1.926324 Tracked 62680293
-0.06973571 0.4658887 1.944405 Tracked 62680327
-0.06749006 0.4840678 1.955851 Tracked 62680360
-0.0648982 0.5044467 1.969784 Tracked 62680396
-0.06462809 0.5194135 1.983501 Tracked 62680427
-0.0642523 0.5246376 1.98594 Tracked 62680460
-0.0647516 0.533192 1.991493 Tracked 62680494
-0.06420106 0.5367553 1.996381 Tracked 62680527
-0.06264352 0.5397314 2.001152 Tracked 62680560
-0.0622329 0.5420487 2.00472 Tracked 62680594
-0.06167394 0.5433014 2.006884 Tracked 62680627
-0.06127383 0.5436882 2.007871 Tracked 62680660
-0.06111969 0.5443236 2.008544 Tracked 62680694
-0.06073499 0.544565 2.00935 Tracked 62680727
-0.06038702 0.5450906 2.009739 Tracked 62680760
-0.06027551 0.545292 2.009776 Tracked 62680793
-0.05984552 0.5460778 2.008979 Tracked 62680826
-0.05963991 0.5468307 2.006388 Tracked 62680860
-0.0593892 0.5478123 2.001808 Tracked 62680894
-0.05955891 0.5477668 1.9914 Tracked 62680927
-0.06084159 0.5441324 1.976591 Tracked 62680960
-0.06059111 0.5374599 1.959484 Tracked 62680994
-0.06126469 0.5229498 1.939013 Tracked 62681026
-0.06295884 0.4989411 1.916183 Tracked 62681060
-0.06627704 0.4651383 1.895632 Tracked 62681093
-0.06480321 0.4211961 1.877391 Tracked 62681128
-0.06299886 0.4064228 1.850649 Tracked 62681163
-0.06045774 0.3566858 1.826161 Tracked 62681193
-0.06426785 0.3008199 1.813777 Tracked 62681226
-0.06598695 0.2453259 1.80356 Tracked 62681258
-0.07028339 0.1974707 1.795031 Tracked 62681293
-0.07475449 0.1406261 1.78827 Tracked 62681326
-0.05790332 0.09896816 1.790044 Tracked 62681358
-0.1067142 0.04377533 1.7768 Tracked 62681392
-0.1089986 0.01667144 1.778312 Tracked 62681425
-0.1076042 -0.03072363 1.771622 Tracked 62681460
-0.1063447 -0.05659733 1.770985 Tracked 62681493
-0.1110659 -0.0583459 1.778026 Tracked 62681528
-0.1297431 -0.03093233 1.780083 Tracked 62681561
-0.1311864 -0.02932831 1.779944 Tracked 62681597
-0.1310761 -0.05193881 1.776848 Tracked 62681629
-0.1252819 -0.06854162 1.775709 Tracked 62681663
-0.1245833 -0.06978253 1.775675 Tracked 62681696
-0.1242094 -0.06979408 1.775776 Tracked 62681728
-0.1225608 -0.06532516 1.776121 Tracked 62681762
-0.1217121 -0.03972602 1.7767 Tracked 62681797
-0.1258752 0.009293857 1.7836 Tracked 62681830
-0.1326382 0.0614217 1.777734 Tracked 62681863
-0.07830688 0.08788173 1.780797 Tracked 62681897
-0.07872088 0.1537209 1.799428 Tracked 62681929
-0.07183407 0.2061373 1.8085 Tracked 62681962
-0.07410161 0.2605596 1.817017 Tracked 62681997
-0.07151187 0.3155304 1.83065 Tracked 62682029
-0.07416069 0.3715542 1.844468 Tracked 62682063
-0.07512396 0.4109928 1.85953 Tracked 62682097
-0.07373422 0.4360815 1.866615 Tracked 62682129
-0.06957682 0.4811866 1.895067 Tracked 62682162
-0.06243663 0.4820747 1.942514 Tracked 62682198
-0.06274664 0.4817873 1.942333 Tracked 62682229
-0.05944556 0.5095357 1.965225 Tracked 62682262
-0.061411 0.5169604 1.971987 Tracked 62682297
-0.06198372 0.5224538 1.981289 Tracked 62682329
-0.06200143 0.5259081 1.989397 Tracked 62682362
-0.06168998 0.5279803 1.996989 Tracked 62682397
-0.06155205 0.5289316 2.000543 Tracked 62682428
-0.06118876 0.5297322 2.006101 Tracked 62682459
-0.06065708 0.5301853 2.009073 Tracked 62682493
-0.06010931 0.5309523 2.011594 Tracked 62682526
-0.05993925 0.531383 2.012555 Tracked 62682559
-0.0598737 0.5318731 2.013592 Tracked 62682593
-0.05983242 0.5321195 2.013755 Tracked 62682626
-0.05977059 0.5322444 2.01375 Tracked 62682659
-0.0600158 0.5327113 2.013273 Tracked 62682694
-0.060219 0.5339258 2.011962 Tracked 62682727
-0.06080283 0.535306 2.008941 Tracked 62682759
-0.0619744 0.5377234 2.003361 Tracked 62682794
-0.06321225 0.5388494 1.991396 Tracked 62682827
-0.06358013 0.5370425 1.976032 Tracked 62682860
-0.0653344 0.5322393 1.957902 Tracked 62682894
-0.0649119 0.5220737 1.939665 Tracked 62682927
-0.0644928 0.5002026 1.91458 Tracked 62682960
-0.06546208 0.4844951 1.865072 Tracked 62682994
-0.06548619 0.451941 1.847395 Tracked 62683027
-0.06669164 0.4132904 1.834765 Tracked 62683060
-0.06510936 0.3598526 1.816105 Tracked 62683094
-0.06529638 0.3039008 1.800956 Tracked 62683126
-0.06988603 0.2484149 1.790014 Tracked 62683160
-0.06964184 0.1952258 1.781552 Tracked 62683194
-0.0985324 0.1405052 1.770991 Tracked 62683226
-0.1079128 0.1009001 1.768668 Tracked 62683259
-0.1099322 0.05274232 1.769689 Tracked 62683294
-0.111437 -0.009016873 1.768034 Tracked 62683326
-0.02624859 -0.04919315 1.764784 Tracked 62683359
-0.1161483 -0.04952307 1.768814 Tracked 62683393
-0.0118551 -0.0255748 1.767285 Tracked 62683427
-0.01187235 -0.02555405 1.767348 Tracked 62683460
-0.02038754 -0.06076887 1.771771 Tracked 62683494
-0.01883478 -0.06139829 1.770495 Tracked 62683527
0.09951468 -0.3100969 2.122256 Tracked 62683559
0.09007607 -0.8334268 2.083872 Tracked 62683594
-0.02556457 -0.1028241 1.767318 Tracked 62683627
-0.0271959 -0.03637926 1.765113 Tracked 62683660
-0.02475631 -0.01989452 1.762834 Tracked 62683692
-0.02428523 -0.00711925 1.765086 Tracked 62683726
-0.02441691 0.006427262 1.767198 Tracked 62683759
-0.02645972 0.02025328 1.768173 Tracked 62683793
-0.0319422 0.04481701 1.769026 Tracked 62683825
-0.03614878 0.06035224 1.768287 Tracked 62683859
-0.07177411 0.1367499 1.78491 Tracked 62683893
-0.06599451 0.1793652 1.789849 Tracked 62683926
-0.07097961 0.2319838 1.79865 Tracked 62683960
-0.07231727 0.2686133 1.806101 Tracked 62683993
-0.06313407 0.3319083 1.825894 Tracked 62684027
-0.07046428 0.3833568 1.837527 Tracked 62684060
-0.07169846 0.4073291 1.844698 Tracked 62684094
-0.07011969 0.4548945 1.866254 Tracked 62684127
-0.07179708 0.4646917 1.908236 Tracked 62684160
-0.07060144 0.4824429 1.921231 Tracked 62684193
-0.0700075 0.4994218 1.932928 Tracked 62684227
-0.07181295 0.5137199 1.945521 Tracked 62684260
-0.07174273 0.5144568 1.946044 Tracked 62684294
-0.07249932 0.5272205 1.961922 Tracked 62684327
-0.07290277 0.5311142 1.968744 Tracked 62684360
-0.07350177 0.5347178 1.976494 Tracked 62684394
-0.07420056 0.5361233 1.98076 Tracked 62684427
-0.07525326 0.5376281 1.986356 Tracked 62684460
-0.076166 0.5380931 1.988757 Tracked 62684494
-0.07758392 0.5389606 1.991634 Tracked 62684527
-0.07869586 0.5393761 1.993293 Tracked 62684560
-0.07961018 0.5399453 1.994473 Tracked 62684593
-0.07996214 0.5403871 1.994712 Tracked 62684627
-0.08042445 0.5405493 1.994623 Tracked 62684660
-0.08146181 0.5409964 1.993502 Tracked 62684694
-0.08288876 0.5414823 1.988725 Tracked 62684727
-0.08157117 0.5399118 1.981421 Tracked 62684760
-0.08375489 0.5366331 1.968546 Tracked 62684794
-0.0837938 0.5286234 1.948023 Tracked 62684826
-0.08418492 0.515942 1.932723 Tracked 62684860
-0.08262786 0.4913991 1.910115 Tracked 62684893
-0.08232374 0.4543668 1.884922 Tracked 62684926
-0.08428402 0.4322277 1.841295 Tracked 62684959
-0.08112562 0.4047127 1.830523 Tracked 62684993
-0.0769525 0.3467327 1.812677 Tracked 62685026
-0.07812326 0.2909575 1.798804 Tracked 62685059
-0.07745608 0.2380615 1.78765 Tracked 62685093
-0.07259383 0.1848141 1.778831 Tracked 62685126
-0.05808145 0.1411985 1.776703 Tracked 62685159
-0.0600448 0.1102003 1.7796 Tracked 62685193
-0.05856167 0.04387734 1.777117 Tracked 62685226
-0.1056872 0.03020509 1.768919 Tracked 62685260
-0.1054649 -0.0007371648 1.766783 Tracked 62685296
-0.1003064 -0.03080061 1.762208 Tracked 62685330
-0.1011469 -0.03492959 1.762356 Tracked 62685368
-0.1016472 -0.04434511 1.763346 Tracked 62685403
-0.1014729 -0.0501537 1.763783 Tracked 62685436
-0.101995 -0.05612308 1.763117 Tracked 62685470
-0.1010743 -0.05828407 1.763063 Tracked 62685497
-0.1007729 -0.05364036 1.765448 Tracked 62685527
-0.0932856 -0.02102024 1.771113 Tracked 62685560
-0.09314462 -0.02006773 1.771783 Tracked 62685594
-0.1015986 0.02066988 1.780372 Tracked 62685626
-0.106419 0.05574024 1.780985 Tracked 62685659
-0.1013801 0.08272634 1.782561 Tracked 62685694
-0.07258222 0.1371453 1.795455 Tracked 62685726
-0.06364761 0.176492 1.800852 Tracked 62685760
-0.06456839 0.2287879 1.808716 Tracked 62685793
-0.06461482 0.2692762 1.816768 Tracked 62685826
-0.06145823 0.3197336 1.830496 Tracked 62685860
-0.06696478 0.3615049 1.843607 Tracked 62685894
-0.06815778 0.4145142 1.861093 Tracked 62685927
-0.06804872 0.431732 1.863445 Tracked 62685960
-0.07061215 0.4585453 1.911961 Tracked 62685994
-0.0694048 0.4702765 1.919233 Tracked 62686026
-0.06938465 0.4720241 1.920154 Tracked 62686060
-0.06619916 0.5175263 1.947668 Tracked 62686094
-0.0672574 0.5223269 1.952288 Tracked 62686126
-0.06850436 0.5276514 1.959545 Tracked 62686160
-0.06952386 0.5309342 1.966402 Tracked 62686193
-0.07056626 0.5332323 1.972723 Tracked 62686226
-0.07170329 0.5349037 1.977546 Tracked 62686259
-0.07225037 0.5361739 1.982035 Tracked 62686292
-0.07243671 0.5367078 1.984578 Tracked 62686326
-0.07287147 0.5374138 1.987109 Tracked 62686358
-0.07399621 0.5384158 1.989873 Tracked 62686392
-0.0749389 0.5391499 1.990829 Tracked 62686426
-0.07552792 0.5396816 1.991338 Tracked 62686460
-0.07639827 0.5402797 1.991777 Tracked 62686493
-0.07717668 0.5408275 1.992072 Tracked 62686526
-0.07772558 0.5412568 1.991831 Tracked 62686562
-0.07862483 0.5418865 1.990842 Tracked 62686599
-0.0799465 0.5426537 1.988831 Tracked 62686630
-0.08149736 0.542659 1.98539 Tracked 62686664
-0.0831148 0.5421256 1.979995 Tracked 62686697
-0.08444177 0.5408043 1.972434 Tracked 62686731
