-101 -26 -4414 -36 -9 64 25 -9 -211 61189928
-97 -25 -4423 -35 -11 76 27 -9 -213 61189928
-103 -12 -4387 -33 -13 71 27 -9 -213 61189929
-89 -15 -4382 -37 -14 67 34 -10 -210 61189938
-91 -16 -4419 -36 -15 64 34 -10 -210 61189938
-87 -30 -4406 -35 -8 65 32 -12 -212 61189946
-96 -31 -4404 -32 -12 61 32 -12 -212 61189946
-93 -38 -4408 -30 -12 71 36 -12 -210 61189947
-86 -28 -4425 -31 -13 63 36 -12 -210 61189957
-105 -8 -4412 -33 -13 71 31 -11 -211 61189957
-88 -32 -4401 -30 -17 73 31 -11 -211 61189965
-96 -25 -4420 -29 -13 71 29 -7 -211 61189965
-90 -25 -4430 -30 -15 76 29 -7 -211 61189976
-91 -13 -4409 -32 -12 68 27 -11 -215 61189979
-78 -23 -4425 -31 -12 64 27 -11 -215 61189979
-102 -21 -4415 -34 -11 64 28 -6 -204 61189991
-86 -9 -4417 -35 -14 59 28 -6 -204 61189991
-96 -28 -4422 -33 -12 64 35 -13 -209 61189994
-87 -32 -4401 -36 -13 65 35 -13 -209 61190004
-89 -26 -4407 -33 -13 64 32 -12 -214 61190004
-87 -34 -4422 -33 -15 63 32 -12 -214 61190016
-87 -26 -4442 -31 -13 66 26 -12 -214 61190016
-93 -30 -4408 -36 -12 65 26 -12 -214 61190032
-92 -16 -4436 -32 -9 71 32 -2 -206 61190037
-85 -32 -4424 -33 -9 66 32 -2 -206 61190037
-97 -33 -4426 -33 -7 70 27 -7 -211 61190043
-101 -31 -4402 -34 -11 77 27 -7 -211 61190043
-71 -21 -4438 -35 -11 65 27 -15 -215 61190044
-86 -42 -4405 -35 -11 73 27 -15 -215 61190049
-89 -51 -4393 -35 -9 60 33 -17 -207 61190049
-113 -25 -4398 -35 -12 67 33 -17 -207 61190066
-106 -23 -4413 -35 -11 69 30 -10 -210 61190066
-94 -36 -4437 -40 -12 72 30 -10 -210 61190082
-96 -19 -4431 -36 -13 67 29 -9 -211 61190082
-103 -36 -4389 -38 -16 68 29 -9 -211 61190086
-100 -33 -4425 -34 -12 71 31 -11 -213 61190089
-98 -30 -4417 -32 -13 69 31 -11 -213 61190089
-100 -22 -4429 -35 -12 64 28 -6 -216 61190101
-104 -19 -4406 -31 -14 66 28 -6 -216 61190101
-82 -16 -4386 -33 -10 59 35 -15 -211 61190104
-104 -27 -4402 -30 -14 63 35 -15 -211 61190114
-71 -36 -4399 -27 -12 63 32 -8 -206 61190114
-109 -26 -4405 -28 -11 65 32 -8 -206 61190136
-92 -19 -4386 -31 -11 71 29 -7 -203 61190136
-91 -29 -4412 -30 -13 63 29 -7 -203 61190139
-84 -20 -4424 -36 -10 66 29 -11 -211 61190143
-93 -46 -4415 -34 -16 72 29 -11 -211 61190143
-100 -18 -4414 -34 -10 68 32 -10 -208 61190148
-88 -25 -4438 -33 -13 67 32 -10 -208 61190148
-89 -31 -4405 -40 -9 63 30 -6 -212 61190153
-97 -27 -4405 -36 -11 59 30 -6 -212 61190164
-82 -18 -4421 -34 -12 56 32 -8 -214 61190164
-90 -19 -4401 -33 -12 56 32 -8 -214 61190183
-84 -32 -4416 -31 -12 65 31 -7 -211 61190183
-87 -27 -4415 -33 -14 72 31 -7 -211 61190187
-102 -27 -4408 -34 -11 72 29 -9 -209 61190191
-97 -26 -4415 -32 -14 62 29 -9 -209 61190191
-84 -33 -4407 -33 -13 68 33 -7 -215 61190199
-97 -17 -4410 -36 -11 75 33 -7 -215 61190199
-91 -15 -4388 -34 -7 66 30 -10 -216 61190202
-82 -27 -4438 -36 -12 62 30 -10 -216 61190210
-93 -29 -4428 -36 -13 67 32 -10 -214 61190210
-91 -32 -4431 -33 -16 66 32 -10 -214 61190234
-90 -14 -4407 -39 -17 67 30 -8 -208 61190234
-91 -34 -4414 -35 -15 65 30 -8 -208 61190242
-106 -21 -4415 -35 -14 63 34 -10 -210 61190242
-101 -26 -4411 -33 -9 67 34 -10 -210 61190242
-93 -34 -4413 -34 -11 58 30 -6 -214 61190247
-92 -18 -4419 -32 -9 68 30 -6 -214 61190247
-111 -18 -4415 -32 -11 75 31 -11 -215 61190257
-96 -26 -4420 -30 -13 70 31 -11 -215 61190257
-98 -45 -4417 -30 -15 63 33 -13 -207 61190261
-93 -28 -4432 -37 -14 71 33 -13 -207 61190272
-97 -27 -4428 -36 -9 65 29 -9 -213 61190272
-94 -34 -4436 -32 -7 58 29 -9 -213 61190290
-76 -34 -4421 -32 -11 65 33 -13 -213 61190290
-92 -31 -4417 -32 -10 63 33 -13 -213 61190295
-80 -30 -4406 -35 -13 63 26 -8 -210 61190298
-99 -28 -4430 -35 -13 67 26 -8 -210 61190298
-92 -25 -4403 -33 -12 58 27 -11 -213 61190306
-86 -18 -4422 -33 -12 77 27 -11 -213 61190306
-89 -19 -4428 -36 -13 72 28 -10 -214 61190310
-98 -23 -4419 -33 -14 65 28 -10 -214 61190344
-81 -22 -4402 -36 -13 65 31 -9 -205 61190344
-82 -33 -4429 -37 -16 70 31 -9 -205 61190352
-79 -12 -4399 -38 -13 68 32 -8 -202 61190352
-94 -12 -4406 -31 -13 60 32 -8 -202 61190354
-92 -22 -4417 -33 -11 59 32 -8 -212 61190357
-104 -23 -4428 -39 -14 68 32 -8 -212 61190357
-97 -11 -4436 -38 -13 70 27 -15 -209 61190367
-94 -17 -4404 -31 -14 69 27 -15 -209 61190367
-84 -28 -4408 -32 -13 71 29 -9 -211 61190368
-104 -11 -4415 -35 -11 64 29 -9 -211 61190372
-93 -5 -4419 -35 -18 71 37 -11 -209 61190372
-99 -7 -4422 -33 -16 68 37 -11 -209 61190392
-101 -11 -4407 -30 -13 60 33 -9 -211 61190392
-100 -21 -4418 -27 -8 67 33 -9 -211 61190400
-83 -18 -4397 -32 -11 65 29 -9 -215 61190400
-100 -20 -4414 -30 -12 69 29 -9 -215 61190403
-77 -30 -4414 -33 -13 61 31 -9 -213 61190408
-98 -36 -4398 -32 -11 61 31 -9 -213 61190408
-100 -33 -4409 -37 -11 58 31 -17 -211 61190418
-70 -20 -4431 -30 -16 71 31 -17 -211 61190418
-91 -22 -4432 -37 -12 69 29 -11 -217 61190421
-73 -35 -4433 -37 -13 80 29 -11 -217 61190438
-94 -24 -4398 -35 -10 69 35 -9 -209 61190438
-86 -25 -4413 -32 -13 68 35 -9 -209 61190446
-76 -35 -4419 -35 -13 68 32 -4 -216 61190446
-53 -183 -4411 -37 -15 74 32 -4 -216 61190451
-387 66 -4494 -421 -116 54 30 -14 -212 61190454
-346 384 -3815 -484 -31 7 30 -14 -212 61190454
-394 -51 -4762 109 -41 -37 22 -10 -214 61190468
-851 264 -4279 -28 -29 -188 22 -10 -214 61190468
-1062 450 -4535 22 -25 -314 30 -6 -204 61190471
-561 242 -4459 -6 -14 -438 30 -6 -204 61190489
-248 121 -4571 -9 -11 -434 36 -10 -206 61190489
166 62 -4286 -23 -17 -155 36 -10 -206 61190498
311 -98 -4426 18 -15 82 30 -8 -210 61190498
394 -152 -4455 -10 -17 216 30 -8 -210 61190502
405 -155 -4335 -17 -16 281 31 -9 -209 61190506
529 -317 -4345 -24 -16 213 31 -9 -209 61190506
446 -467 -4545 5 -21 102 27 -9 -213 61190513
157 -216 -4513 -44 -13 65 27 -9 -213 61190513
-143 -11 -4448 -46 -7 51 24 -6 -220 61190517
-226 65 -4388 -34 -6 53 24 -6 -220 61190527
-290 155 -4390 -12 -6 77 28 -6 -208 61190527
-142 96 -4411 12 -5 138 28 -6 -208 61190544
-145 237 -4444 4 -6 269 36 -12 -214 61190544
-56 63 -4429 -6 -11 580 36 -12 -214 61190552
205 -420 -4371 -18 -14 673 31 -5 -215 61190552
93 -404 -4371 -23 -16 450 31 -5 -215 61190552
-82 -105 -4439 -42 -20 175 33 -5 -213 61190563
-113 -49 -4469 -40 -15 90 33 -5 -213 61190563
-108 -37 -4448 -49 -16 70 27 -15 -213 61190573
-91 -6 -4407 -60 -19 70 27 -15 -213 61190573
-64 -11 -4374 -51 -14 78 29 -9 -219 61190576
-46 -28 -4424 -43 -13 84 29 -9 -219 61190597
-82 -8 -4423 -42 -18 80 32 -2 -212 61190597
-80 1 -4424 -43 -19 79 32 -2 -212 61190604
-110 -16 -4421 -46 -13 82 26 -8 -214 61190604
-100 -36 -4413 -38 -10 73 26 -8 -214 61190606
-74 -39 -4402 -40 -10 65 30 -10 -216 61190613
-84 -23 -4442 -38 -13 61 30 -10 -216 61190613
-64 -35 -4406 -27 -15 58 31 -11 -219 61190622
-51 -26 -4435 -35 -14 61 31 -11 -219 61190622
-45 -30 -4420 -35 -13 62 30 -10 -216 61190628
-76 -50 -4397 -36 -10 56 30 -10 -216 61190648
-89 -25 -4404 -21 -11 50 33 -13 -217 61190648
-100 -13 -4402 -23 -12 50 33 -13 -217 61190656
-90 -40 -4426 -7 -6 55 31 -9 -213 61190656
-101 -7 -4425 -3 -2 62 31 -9 -213 61190660
-103 6 -4438 23 5 70 28 -8 -212 61190664
-115 27 -4427 64 27 81 28 -8 -212 61190664
-138 -21 -4374 267 113 42 24 -10 -214 61190672
-97 -217 -4470 725 308 -23 24 -10 -214 61190672
-47 37 -4422 683 294 -27 27 -5 -213 61190674
-101 49 -4436 136 62 25 27 -5 -213 61190697
-104 -3 -4459 -38 -11 69 33 -9 -211 61190697
-107 -74 -4442 -25 -9 90 33 -9 -211 61190704
-121 -154 -4419 -37 -13 105 34 -14 -214 61190704
-166 -258 -4395 -15 -7 145 34 -14 -214 61190709
-198 -396 -4417 65 22 273 28 -4 -216 61190709
66 -124 -4417 119 41 340 28 -4 -216 61190714
-70 137 -4386 -6 -5 79 26 -6 -216 61190723
-117 306 -4443 233 79 -49 26 -6 -216 61190723
-87 323 -4438 559 191 -25 33 -15 -209 61190748
-11 201 -4453 869 297 5 33 -15 -209 61190748
215 -858 -4243 829 264 24 30 -12 -212 61190751
-93 110 -4439 -105 -32 71 30 -12 -212 61190756
-31 -129 -4412 -38 -15 58 38 -12 -214 61190756
-65 -77 -4441 -29 -10 70 38 -12 -214 61190761
-73 -40 -4411 -24 -12 67 32 -10 -218 61190761
-95 -99 -4415 12 -4 66 32 -10 -218 61190766
-65 -115 -4411 -19 -14 65 36 -12 -214 61190769
-101 -54 -4432 -88 -32 70 36 -12 -214 61190769
-61 -68 -4421 -115 -34 73 33 -9 -211 61190782
-51 -96 -4393 -171 -51 64 33 -9 -211 61190782
-95 15 -4438 -213 -64 70 33 -13 -213 61190785
-66 -82 -4388 -157 -41 73 33 -13 -213 61190799
-115 38 -4430 -185 -58 69 30 -10 -206 61190799
-113 23 -4426 -66 -21 73 30 -10 -206 61190808
-57 -105 -4423 25 8 65 31 -11 -209 61190808
-63 -62 -4398 -19 -6 61 31 -11 -209 61190811
-32 -82 -4419 -3 0 64 28 -12 -216 61190817
-28 -125 -4403 -23 -7 67 28 -12 -216 61190817
-23 -103 -4399 -69 -25 73 31 -13 -211 61190831
-45 -109 -4402 -124 -42 72 31 -13 -211 61190831
-77 -110 -4410 -153 -53 73 31 -9 -207 61190834
-57 -120 -4427 -204 -73 70 31 -9 -207 61190851
-89 -118 -4433 -280 -97 64 21 -13 -215 61190851
-122 -3 -4449 -344 -120 65 21 -13 -215 61190856
-156 152 -4448 -233 -78 61 32 -12 -214 61190856
-131 7 -4442 50 18 65 32 -12 -214 61190869
-130 43 -4447 176 59 59 33 -11 -215 61190869
-103 -59 -4444 302 104 63 33 -11 -215 61190873
-54 -222 -4401 247 86 74 28 -16 -214 61190880
-95 -111 -4403 -27 -7 71 28 -16 -214 61190880
-83 -161 -4399 -178 -49 76 32 -8 -212 61190899
-89 -78 -4421 -313 -95 75 32 -8 -212 61190899
-81 -37 -4425 -351 -110 77 30 -14 -208 61190902
-77 15 -4412 -308 -98 59 30 -14 -208 61190907
-33 -32 -4398 -208 -66 82 33 -9 -211 61190907
-57 27 -4386 -180 -66 94 33 -9 -211 61190916
-112 166 -4392 -169 -68 165 31 -7 -213 61190916
-130 189 -4441 -183 -75 357 31 -7 -213 61190917
-124 188 -4400 -154 -69 568 33 -5 -211 61190931
-115 -16 -4443 -132 -64 772 33 -5 -211 61190931
-103 -10 -4393 -117 -59 835 34 -8 -210 61190951
-125 0 -4346 -149 -78 840 34 -8 -210 61190951
-1 -243 -4414 -196 -101 846 29 -11 -209 61190953
11 -282 -4417 -175 -91 691 29 -11 -209 61190957
-55 -129 -4418 -186 -95 479 30 -8 -220 61190957
-60 -138 -4473 -202 -96 373 30 -8 -220 61190965
-108 -49 -4462 -195 -90 252 30 -6 -216 61190965
-129 -35 -4478 -147 -64 183 30 -6 -216 61190966
-123 -59 -4447 -96 -34 156 28 -4 -212 61190976
-97 -41 -4433 -63 -21 113 28 -4 -212 61190976
-98 -74 -4405 -51 -14 89 30 -4 -214 61190988
-98 -54 -4424 -65 -23 79 30 -4 -214 61190988
-89 -54 -4402 -83 -32 72 39 -9 -215 61191006
-71 -52 -4393 -96 -36 79 39 -9 -215 61191006
-89 -44 -4405 -116 -47 89 28 -8 -212 61191006
-192 155 -4395 -142 -58 120 28 -8 -212 61191016
-309 433 -4394 -142 -56 325 31 -5 -217 61191016
-168 145 -4382 -88 -49 692 31 -5 -217 61191024
-27 -146 -4399 -65 -45 893 32 -8 -212 61191024
-92 58 -4377 -83 -50 849 32 -8 -212 61191024
16 -149 -4387 -74 -50 861 29 -11 -213 61191039
-81 0 -4427 -41 -34 789 29 -11 -213 61191039
65 -333 -4420 -57 -44 759 28 -8 -214 61191057
3 -197 -4446 -33 -30 546 28 -8 -214 61191057
-130 -2 -4413 -28 -19 362 31 -9 -207 61191060
-163 63 -4445 -30 -19 328 31 -9 -207 61191067
-87 -58 -4445 -32 -23 350 30 -8 -218 61191067
-117 13 -4423 -32 -18 290 30 -8 -218 61191073
-154 85 -4416 -43 -21 294 30 -2 -212 61191073
-48 -138 -4428 -40 -16 336 30 -2 -212 61191076
-105 33 -4396 -41 -14 273 31 -1 -215 61191088
-177 121 -4409 -40 -8 321 31 -1 -215 61191088
-43 -129 -4427 -38 -20 425 26 -2 -216 61191103
-138 18 -4391 -39 -12 402 26 -2 -216 61191103
-199 145 -4367 -47 -20 472 28 -6 -218 61191106
38 -258 -4423 -29 -20 600 28 -6 -218 61191111
78 -351 -4392 -29 -18 478 28 -8 -216 61191111
-24 -127 -4405 -35 -12 259 28 -8 -216 61191122
-79 -29 -4419 -38 -14 181 31 -3 -211 61191122
-105 -17 -4425 -32 -18 183 31 -3 -211 61191126
-147 75 -4427 -30 -15 200 26 -6 -218 61191155
-138 84 -4445 -28 -17 273 26 -6 -218 61191156
-183 86 -4437 -24 -20 358 30 -2 -216 61191159
-161 129 -4445 -23 -19 430 30 -2 -216 61191159
-77 -94 -4436 -21 -27 525 23 -5 -217 61191166
-201 204 -4437 -26 -21 504 23 -5 -217 61191166
-130 62 -4439 -18 -19 643 25 -3 -211 61191166
-68 -60 -4415 -5 -17 786 25 -3 -211 61191171
-163 119 -4413 -24 -20 744 30 -4 -222 61191171
-203 201 -4443 -25 -23 771 30 -4 -222 61191182
-77 20 -4427 -10 -21 945 24 -2 -214 61191182
-86 37 -4381 -31 -26 1118 24 -2 -214 61191185
-126 75 -4368 -10 -21 1275 30 2 -220 61191210
-67 6 -4393 8 -22 1390 30 2 -220 61191210
-27 -199 -4403 0 -27 1477 25 -5 -215 61191217
-143 132 -4369 -1 -29 1369 25 -5 -215 61191217
15 -303 -4395 7 -30 1428 24 -4 -220 61191218
-65 -101 -4400 5 -24 1313 24 -4 -220 61191223
-67 -26 -4397 -8 -23 1227 28 2 -216 61191223
-102 -177 -4390 -9 -29 1177 28 2 -216 61191231
-104 -77 -4420 -7 -29 1068 27 -1 -217 61191231
-135 78 -4375 -27 -30 1069 27 -1 -217 61191235
-206 49 -4443 -7 -34 1160 33 3 -215 61191259
-181 147 -4434 -14 -34 1226 33 3 -215 61191259
-81 -83 -4456 -3 -32 1333 26 -4 -216 61191269
29 -175 -4446 -4 -26 1248 26 -4 -216 61191269
-56 -133 -4467 0 -22 1039 29 1 -227 61191271
-144 102 -4438 -11 -18 886 29 1 -227 61191274
-241 257 -4432 -8 -15 978 30 0 -224 61191274
-160 140 -4393 0 -19 1150 30 0 -224 61191283
-145 96 -4411 9 -18 1301 26 0 -220 61191283
-115 104 -4372 8 -21 1421 26 0 -220 61191285
-69 -54 -4370 5 -27 1538 25 1 -217 61191294
4 -185 -4405 27 -23 1528 25 1 -217 61191294
-182 120 -4381 9 -21 1433 28 0 -218 61191311
-118 60 -4404 -20 -35 1505 28 0 -218 61191311
-257 314 -4422 0 -34 1583 24 2 -224 61191316
-124 -38 -4414 18 -36 1787 24 2 -224 61191316
-1 -214 -4384 13 -42 1829 33 5 -223 61191320
-57 -79 -4423 5 -43 1734 33 5 -223 61191331
-38 -157 -4413 -4 -40 1733 19 -1 -221 61191331
-145 14 -4412 -5 -38 1683 19 -1 -221 61191343
-35 -216 -4443 11 -28 1653 32 10 -226 61191343
-190 61 -4439 -6 -28 1488 32 10 -226 61191346
-60 -161 -4418 -5 -34 1419 25 5 -223 61191363
-91 -77 -4425 -3 -32 1326 25 5 -223 61191363
-99 -82 -4435 -1 -33 1272 24 4 -226 61191368
-151 84 -4427 -9 -26 1249 24 4 -226 61191368
-39 -105 -4431 -9 -19 1261 24 6 -226 61191372
-124 36 -4401 -11 -19 1203 24 6 -226 61191382
-64 -90 -4400 -13 -20 1235 25 3 -223 61191382
-91 -23 -4405 -6 -20 1251 25 3 -223 61191392
32 -221 -4399 0 -28 1262 30 6 -226 61191392
15 -206 -4387 -11 -25 1167 30 6 -226 61191395
-17 -111 -4387 -18 -27 1069 28 8 -228 61191411
-109 5 -4412 -8 -24 1011 28 8 -228 61191411
-139 75 -4388 -21 -26 1091 28 6 -222 61191418
-56 -145 -4422 -13 -26 1177 28 6 -222 61191418
-44 -121 -4420 -12 -26 1139 25 5 -225 61191423
-69 -102 -4405 -10 -32 1098 25 5 -225 61191426
-94 -22 -4389 -19 -32 1081 29 5 -225 61191426
-102 93 -4445 -8 -34 1164 29 5 -225 61191441
-96 -185 -4463 -2 -32 1541 31 15 -223 61191441
-7 -307 -4431 6 -43 2019 31 15 -223 61191444
-134 -141 -4417 15 -37 2142 29 9 -227 61191449
-227 133 -4432 5 -27 1862 29 9 -227 61191449
-288 309 -4459 -10 -20 1246 30 8 -222 61191467
-161 -44 -4467 -21 -24 1251 30 8 -222 61191467
-102 -198 -4415 -4 -24 1516 26 8 -222 61191470
160 -446 -4378 0 -26 1647 26 8 -222 61191474
3 -131 -4351 0 -24 1388 25 7 -227 61191474
28 -131 -4420 -3 -20 1134 25 7 -227 61191490
-62 -53 -4436 -19 -22 895 33 9 -221 61191490
-143 -27 -4424 -18 -20 887 33 9 -221 61191498
-115 -126 -4421 -9 -24 1043 33 5 -219 61191498
-137 -157 -4386 -1 -29 1216 33 5 -219 61191513
-135 -110 -4415 6 -31 1378 22 16 -224 61191518
-117 -179 -4451 2 -33 1504 22 16 -224 61191518
-117 64 -4434 -1 -32 1465 18 10 -228 61191525
-41 -27 -4428 -2 -31 1415 18 10 -228 61191525
-152 134 -4386 -7 -23 1379 22 14 -228 61191527
-362 249 -4414 -7 -30 1512 22 14 -228 61191539
-248 16 -4418 11 -38 1885 25 11 -227 61191539
90 -212 -4449 13 -42 2066 25 11 -227 61191547
-30 50 -4440 1 -32 1773 27 11 -227 61191547
-109 74 -4415 -4 -28 1515 27 11 -227 61191549
-102 -7 -4452 3 -25 1476 31 15 -225 61191566
-88 27 -4409 6 -28 1732 31 15 -225 61191566
0 -134 -4409 19 -30 2017 22 10 -224 61191573
-75 -324 -4400 21 -34 2226 22 10 -224 61191573
-43 -311 -4426 25 -36 2449 25 17 -233 61191582
-58 -227 -4413 19 -37 2320 25 17 -233 61191582
-60 -54 -4412 20 -36 2091 25 21 -229 61191582
-116 20 -4427 5 -21 1744 25 21 -229 61191598
-177 -15 -4362 1 -26 1618 29 17 -229 61191598
-244 -197 -4401 11 -34 1908 29 17 -229 61191628
-216 -282 -4425 31 -39 2431 23 23 -223 61191628
-26 -113 -4415 25 -51 2663 23 23 -223 61191634
-122 53 -4420 26 -40 2654 32 20 -222 61191638
-37 13 -4443 28 -44 2652 32 20 -222 61191638
-50 147 -4432 28 -41 2376 27 19 -231 61191643
4 96 -4450 10 -37 2135 27 19 -231 61191643
-36 137 -4410 1 -27 1761 29 19 -227 61191649
-16 52 -4420 6 -23 1429 29 19 -227 61191652
-82 161 -4423 1 -26 1236 29 17 -227 61191652
-112 124 -4418 -7 -23 1160 29 17 -227 61191667
-417 310 -4429 -9 -20 1110 29 23 -227 61191667
-158 194 -4428 -2 -26 1393 29 23 -227 61191671
-343 275 -4421 -8 -23 1606 30 28 -232 61191675
-206 -77 -4396 5 -30 1969 30 28 -232 61191675
71 -226 -4391 18 -32 2043 31 25 -227 61191683
174 -137 -4404 2 -26 1634 31 25 -227 61191683
-36 55 -4387 -8 -29 1210 31 23 -223 61191687
-23 -180 -4388 -10 -28 1123 31 23 -223 61191691
-29 -191 -4408 -17 -30 1077 29 25 -229 61191691
-54 -210 -4409 -18 -28 1031 29 25 -229 61191707
-319 20 -4436 -15 -29 1081 32 18 -234 61191707
-164 -314 -4406 -3 -35 1448 32 18 -234 61191717
-190 -235 -4437 -1 -37 1760 25 25 -231 61191722
-33 -244 -4450 12 -35 2049 25 25 -231 61191722
-140 -100 -4442 14 -37 2139 29 25 -225 61191732
3 -151 -4457 18 -39 2141 29 25 -225 61191732
-31 -69 -4438 0 -42 2022 32 30 -228 61191743
-71 -1 -4453 1 -31 1862 32 30 -228 61191743
-27 -56 -4444 -1 -29 1754 30 24 -224 61191743
-95 -93 -4451 -1 -29 1704 30 24 -224 61191756
-168 -8 -4424 4 -23 1668 29 31 -229 61191756
15 13 -4417 4 -24 1663 29 31 -229 61191773
-208 203 -4429 -1 -28 1543 27 31 -229 61191773
-144 175 -4391 2 -23 1629 27 31 -229 61191775
-277 203 -4404 11 -26 1924 26 30 -234 61191778
-265 62 -4361 17 -33 2503 26 30 -234 61191778
-143 -47 -4370 41 -43 3009 24 34 -232 61191789
110 -172 -4374 54 -39 3511 24 34 -232 61191789
-106 -117 -4417 57 -52 3807 25 31 -231 61191792
180 -514 -4369 60 -61 3997 25 31 -231 61191803
29 -380 -4418 56 -57 4002 27 35 -233 61191803
104 -280 -4367 59 -53 3774 27 35 -233 61191820
197 -333 -4421 36 -46 3139 20 36 -234 61191821
-69 -204 -4460 22 -41 2609 20 36 -234 61191823
44 -187 -4417 20 -39 2396 22 38 -222 61191831
-56 -154 -4424 7 -35 2178 22 38 -222 61191831
-107 -125 -4451 2 -37 2018 27 35 -225 61191838
-155 -24 -4439 7 -33 1999 27 35 -225 61191838
-88 -19 -4427 13 -27 2067 25 39 -229 61191842
-212 35 -4463 15 -31 2063 25 39 -229 61191849
-64 -157 -4379 24 -32 2267 31 39 -225 61191849
-66 -76 -4431 33 -30 2631 31 39 -225 61191872
-192 105 -4389 32 -33 2751 27 45 -229 61191872
-70 -124 -4441 31 -37 3027 27 45 -229 61191874
-111 -92 -4418 35 -40 3228 26 38 -230 61191875
135 -153 -4393 38 -43 3173 26 38 -230 61191876
-80 -52 -4408 27 -36 2876 25 49 -229 61191892
-72 -80 -4400 28 -32 2727 25 49 -229 61191892
-89 7 -4395 21 -33 2568 23 37 -227 61191899
-171 -127 -4390 29 -32 2615 23 37 -227 61191899
67 -193 -4393 38 -37 2975 24 46 -228 61191899
-9 -41 -4386 23 -40 2973 24 46 -228 61191923
-79 109 -4394 24 -42 2846 22 48 -236 61191924
-41 135 -4424 22 -41 2605 22 48 -236 61191933
-146 217 -4423 12 -37 1991 23 51 -231 61191933
-149 180 -4406 1 -30 1400 23 51 -231 61191936
-87 52 -4458 -6 -21 905 19 49 -231 61191941
-90 -11 -4463 -16 -21 696 19 49 -231 61191941
-131 0 -4475 -25 -19 607 17 45 -227 61191947
-126 25 -4415 -26 -20 540 17 45 -227 61191947
-129 -8 -4412 -26 -12 393 22 46 -222 61191950
-100 -54 -4388 -30 -12 229 22 46 -222 61191977
-86 -70 -4382 -36 -8 159 23 45 -227 61191977
-82 -83 -4431 -35 -12 130 23 45 -227 61191984
-84 -78 -4438 -34 -8 102 18 48 -226 61191984
-91 -85 -4378 -33 -13 99 18 48 -226 61191987
-96 -80 -4398 -39 -14 98 20 46 -228 61191992
-91 -70 -4403 -41 -16 99 20 46 -228 61191992
-98 -58 -4390 -35 -13 98 21 47 -229 61191998
-148 52 -4414 -39 -11 137 21 47 -229 61191998
-194 295 -4431 -36 -12 328 22 48 -232 61192001
-102 -167 -4395 -25 -18 738 22 48 -232 61192007
-143 -300 -4392 -14 -21 1085 22 46 -224 61192007
40 -374 -4431 7 -28 1571 22 46 -224 61192025
-3 -319 -4446 21 -35 2013 16 48 -230 61192025
11 -244 -4415 27 -39 2211 16 48 -230 61192033
-111 -144 -4418 27 -33 2338 24 46 -234 61192033
-99 -181 -4408 20 -39 2378 24 46 -234 61192033
-139 -112 -4422 27 -29 2536 24 52 -232 61192047
-187 56 -4442 29 -32 2620 24 52 -232 61192047
-87 27 -4425 21 -37 2466 25 49 -227 61192058
-126 94 -4445 17 -33 2360 25 49 -227 61192058
-170 109 -4408 11 -34 2332 18 52 -226 61192061
-230 167 -4425 9 -35 2268 18 52 -226 61192079
-90 22 -4440 18 -29 2512 19 47 -227 61192079
-123 30 -4379 20 -35 2496 19 47 -227 61192087
-128 112 -4432 11 -31 2340 20 50 -226 61192087
-188 39 -4383 1 -38 2139 20 50 -226 61192088
-121 115 -4418 6 -32 1860 17 55 -233 61192097
-116 219 -4439 -7 -29 1490 17 55 -233 61192097
-183 195 -4413 -17 -23 1131 18 54 -224 61192104
-219 178 -4396 -21 -21 1124 18 54 -224 61192104
-94 -184 -4392 -13 -26 1364 20 56 -224 61192108
-109 -98 -4428 -16 -28 1484 20 56 -224 61192130
-132 -159 -4419 -18 -31 1595 21 57 -225 61192130
-216 -10 -4419 -11 -40 1684 21 57 -225 61192137
-110 -161 -4413 -6 -36 1870 16 56 -224 61192137
-232 -278 -4429 1 -37 1964 16 56 -224 61192142
-33 -196 -4408 9 -37 2177 23 57 -231 61192146
-356 -320 -4404 8 -36 2576 23 57 -231 61192146
-162 -436 -4431 39 -45 3227 20 62 -230 61192154
-31 -166 -4407 42 -46 3544 20 62 -230 61192154
-23 -337 -4442 48 -49 3645 17 59 -229 61192166
-93 -38 -4415 43 -45 3576 17 59 -229 61192166
22 -132 -4439 47 -47 3416 16 58 -228 61192179
-19 -164 -4417 33 -45 3275 16 58 -228 61192181
-215 19 -4408 36 -45 3209 17 59 -227 61192181
-11 26 -4443 29 -42 3221 17 59 -227 61192192
-102 -13 -4387 25 -39 2970 10 68 -230 61192192
-130 1 -4391 25 -35 2758 10 68 -230 61192196
-146 247 -4411 11 -37 2546 14 62 -234 61192204
-103 154 -4407 12 -40 2545 14 62 -234 61192204
-100 151 -4414 10 -33 2423 10 64 -224 61192217
-220 287 -4408 9 -31 2151 10 64 -224 61192217
54 -156 -4420 12 -29 2152 12 66 -226 61192231
-74 24 -4404 0 -30 1988 12 66 -226 61192234
20 -182 -4404 3 -37 1861 8 62 -228 61192234
28 -219 -4422 1 -29 1714 8 62 -228 61192243
-43 -58 -4463 -9 -29 1454 13 69 -227 61192243
-201 -107 -4412 -15 -32 1435 13 69 -227 61192246
-252 -169 -4426 6 -32 1797 13 69 -233 61192250
-195 -227 -4433 28 -35 2538 13 69 -233 61192250
-168 -164 -4380 24 -39 3059 11 69 -227 61192265
-163 -274 -4442 39 -39 3316 11 69 -227 61192265
-338 -154 -4381 37 -49 3630 7 71 -231 61192282
-241 58 -4415 47 -50 4000 7 71 -231 61192282
-372 -82 -4428 57 -54 4403 6 72 -230 61192284
-9 -62 -4397 64 -63 4603 6 72 -230 61192289
138 158 -4424 62 -51 4236 6 68 -228 61192289
78 133 -4459 35 -50 3496 6 68 -228 61192298
-109 345 -4415 19 -42 2873 0 72 -228 61192298
-123 69 -4493 19 -41 2522 0 72 -228 61192301
13 -89 -4379 7 -40 2419 7 77 -225 61192313
-109 146 -4396 3 -42 2216 7 77 -225 61192313
-34 103 -4419 -2 -39 2186 2 74 -228 61192334
-97 122 -4426 0 -38 2244 2 74 -228 61192334
-82 11 -4451 9 -36 2196 -1 73 -227 61192337
-174 132 -4434 -5 -35 2150 -1 73 -227 61192343
-188 179 -4424 4 -39 2222 6 76 -234 61192343
-195 18 -4382 3 -41 2331 6 76 -234 61192349
-144 -15 -4405 5 -40 2329 -5 83 -233 61192349
-223 -26 -4376 3 -41 2335 -5 83 -233 61192351
-87 -86 -4427 10 -42 2451 0 74 -226 61192363
-168 -75 -4422 11 -41 2538 0 74 -226 61192363
-68 -140 -4424 17 -43 2595 0 76 -234 61192370
-195 34 -4421 5 -42 2606 0 76 -234 61192370
-177 -90 -4441 17 -48 2771 -2 78 -234 61192384
-153 77 -4441 22 -49 3045 -2 78 -234 61192388
-213 -125 -4409 37 -54 3490 -4 84 -234 61192388
-87 106 -4382 42 -57 3779 -4 84 -234 61192397
-24 -179 -4398 44 -56 3818 -5 83 -233 61192397
-98 -149 -4404 30 -53 3789 -5 83 -233 61192412
20 -42 -4393 45 -61 3918 -4 90 -232 61192412
-23 -405 -4432 42 -55 3529 -4 90 -232 61192412
110 -268 -4412 28 -44 3086 -11 85 -235 61192422
13 -78 -4410 9 -42 2521 -11 85 -235 61192422
-87 -297 -4436 8 -40 2082 -12 82 -228 61192437
-147 -140 -4413 1 -40 1758 -12 82 -228 61192437
-111 -59 -4487 -12 -35 1545 -13 87 -229 61192444
-159 -17 -4412 -11 -26 1519 -13 87 -229 61192447
-185 59 -4421 -7 -31 1492 -10 88 -234 61192447
-217 -79 -4411 -3 -24 1624 -10 88 -234 61192460
-43 -194 -4389 0 -27 1684 -12 84 -226 61192460
-184 -78 -4362 1 -32 1743 -12 84 -226 61192465
-107 -116 -4446 2 -35 1891 -16 88 -232 61192469
-227 -32 -4421 -3 -38 2020 -16 88 -232 61192469
-196 11 -4396 5 -39 2331 -19 89 -237 61192489
-12 -196 -4390 20 -40 2640 -19 89 -237 61192489
-10 -323 -4367 26 -44 2832 -17 87 -233 61192495
-215 -195 -4446 32 -50 3020 -17 87 -233 61192499
-70 -101 -4447 29 -50 3335 -21 93 -235 61192499
-139 -279 -4426 44 -52 3816 -21 93 -235 61192506
-135 -403 -4383 48 -54 3934 -18 94 -232 61192506
-10 -354 -4383 50 -52 3698 -18 94 -232 61192511
-42 34 -4447 21 -41 2892 -21 93 -233 61192516
49 -224 -4450 14 -38 2624 -21 93 -233 61192516
-171 -176 -4453 15 -40 2557 -25 95 -237 61192542
-127 -225 -4439 17 -38 2585 -25 95 -237 61192542
-236 60 -4416 16 -39 2552 -24 90 -232 61192545
-121 -248 -4413 31 -36 2751 -24 90 -232 61192549
-110 -119 -4414 24 -37 2756 -19 85 -229 61192549
-185 16 -4418 20 -39 2456 -19 85 -229 61192555
-87 43 -4426 22 -34 2383 -28 94 -234 61192555
-216 -108 -4378 18 -39 2459 -28 94 -234 61192564
-301 -82 -4383 26 -41 2717 -26 88 -234 61192564
-231 -185 -4410 38 -42 3170 -26 88 -234 61192567
-220 -117 -4338 34 -47 3364 -25 97 -233 61192589
-163 -128 -4398 42 -43 3376 -25 97 -233 61192589
-139 -190 -4415 52 -45 3553 -30 92 -230 61192599
-125 -24 -4398 39 -49 3785 -30 92 -230 61192599
-103 -259 -4412 46 -53 3774 -32 92 -234 61192601
-108 3 -4394 38 -53 3712 -32 92 -234 61192604
-51 -132 -4385 38 -49 3757 -35 97 -237 61192604
-252 18 -4394 42 -54 3788 -35 97 -237 61192614
58 -158 -4459 45 -48 3767 -34 92 -234 61192614
30 50 -4426 30 -46 3405 -34 92 -234 61192617
-212 113 -4429 18 -40 2898 -36 96 -234 61192642
-245 134 -4404 19 -41 2961 -36 96 -234 61192642
-76 -164 -4438 24 -44 2999 -35 97 -229 61192649
-281 165 -4426 24 -47 3135 -35 97 -229 61192649
52 -160 -4448 31 -53 3071 -38 92 -232 61192651
114 -5 -4410 24 -45 2897 -38 92 -232 61192654
37 19 -4421 15 -43 2480 -37 99 -233 61192654
-93 148 -4411 -7 -36 1764 -37 99 -233 61192663
-58 -103 -4423 9 -35 1772 -37 95 -227 61192663
-166 -29 -4413 6 -31 1759 -37 95 -227 61192665
-184 90 -4391 2 -30 1669 -36 102 -232 61192677
-254 -142 -4382 1 -37 1798 -36 102 -232 61192677
-240 -52 -4422 3 -35 1807 -36 96 -232 61192703
-107 -170 -4398 8 -34 1893 -36 96 -232 61192703
-250 -95 -4410 2 -33 1930 -39 101 -233 61192712
-186 -123 -4427 8 -34 2086 -39 101 -233 61192712
-268 -38 -4402 17 -35 2437 -44 96 -232 61192715
-224 -92 -4409 32 -40 2804 -44 96 -232 61192718
-166 -50 -4400 25 -47 2943 -41 97 -229 61192718
-86 -68 -4421 32 -48 3252 -41 97 -229 61192724
-113 -186 -4426 38 -48 3452 -47 97 -233 61192724
-33 -88 -4412 38 -46 3393 -47 97 -233 61192727
147 -188 -4410 35 -48 3310 -46 96 -230 61192742
42 -17 -4432 30 -48 2942 -46 96 -230 61192742
-59 155 -4420 21 -47 2566 -49 93 -233 61192749
-8 2 -4408 12 -47 2267 -49 93 -233 61192749
-206 66 -4424 10 -36 2119 -47 99 -231 61192753
-71 -25 -4422 12 -42 2164 -47 99 -231 61192764
-59 -153 -4392 6 -34 2079 -45 99 -235 61192764
-89 -40 -4411 4 -31 1767 -45 99 -235 61192779
-165 -28 -4409 -3 -28 1673 -44 96 -228 61192779
-193 74 -4422 -10 -34 1543 -44 96 -228 61192796
-163 49 -4440 -14 -30 1519 -48 98 -228 61192799
-109 -138 -4463 -7 -28 1667 -48 98 -228 61192799
-177 -45 -4390 1 -34 1813 -52 98 -226 61192805
-208 -21 -4405 -10 -33 1602 -52 98 -226 61192805
-96 -16 -4418 -12 -24 1324 -52 94 -234 61192809
-115 -118 -4438 -16 -19 1192 -52 94 -234 61192813
-113 -86 -4428 -14 -18 1129 -57 93 -227 61192813
-120 -181 -4437 -16 -22 1103 -57 93 -227 61192824
-92 -54 -4413 -17 -24 1014 -57 99 -227 61192824
-137 8 -4409 -16 -27 1041 -57 99 -227 61192833
-140 -171 -4417 -10 -29 1206 -57 97 -231 61192833
-241 107 -4438 -6 -28 1374 -57 97 -231 61192833
-179 -72 -4430 -6 -28 1604 -50 98 -228 61192847
-152 -69 -4397 -6 -25 1508 -50 98 -228 61192847
-180 35 -4397 -6 -30 1356 -55 97 -229 61192855
-258 181 -4445 -2 -30 1610 -55 97 -229 61192855
-207 157 -4423 4 -38 2296 -60 94 -228 61192861
-293 200 -4366 11 -44 2640 -60 94 -228 61192873
-106 180 -4383 19 -40 2507 -60 96 -232 61192873
-236 30 -4366 9 -36 2377 -60 96 -232 61192882
-123 -87 -4398 6 -37 2063 -61 99 -233 61192882
-70 -49 -4452 -1 -35 1887 -61 99 -233 61192895
-62 -20 -4444 -1 -35 1848 -59 97 -237 61192900
-219 -93 -4410 -1 -35 1866 -59 97 -237 61192900
-104 -149 -4396 -11 -32 1795 -66 96 -234 61192907
-201 5 -4442 -3 -31 1775 -66 96 -234 61192907
-130 -11 -4435 -11 -28 1798 -69 97 -237 61192909
-338 137 -4466 -11 -28 1797 -69 97 -237 61192922
-268 48 -4404 -5 -30 1894 -66 98 -234 61192922
-270 198 -4410 3 -36 2048 -66 98 -234 61192931
-207 -43 -4440 10 -40 2211 -73 95 -235 61192931
-172 -127 -4424 2 -39 2184 -73 95 -235 61192934
-186 -65 -4451 1 -38 2050 -64 98 -234 61192947
-133 -86 -4416 1 -34 2019 -64 98 -234 61192947
-66 -213 -4450 13 -34 1997 -73 95 -233 61192954
-98 -216 -4420 -3 -30 1914 -73 95 -233 61192955
-28 -359 -4413 6 -30 1810 -73 99 -237 61192960
-240 42 -4427 5 -31 1628 -73 99 -237 61192969
-286 135 -4398 -5 -31 1707 -70 92 -234 61192969
-289 111 -4362 -1 -32 1894 -70 92 -234 61192979
-382 135 -4395 7 -36 2098 -76 94 -236 61192979
-479 24 -4427 12 -35 2447 -76 94 -236 61192998
-286 -494 -4418 21 -45 2838 -74 96 -238 61192998
-359 -437 -4395 15 -45 2972 -74 96 -238 61192998
-224 -462 -4408 25 -49 3176 -80 90 -234 61193006
1 -596 -4402 19 -56 3241 -80 90 -234 61193006
443 -569 -4437 23 -51 2975 -80 92 -236 61193018
171 -180 -4430 9 -46 2320 -80 92 -236 61193018
203 -236 -4448 2 -34 1837 -78 94 -230 61193021
274 -161 -4450 -10 -29 1350 -78 94 -230 61193029
-85 23 -4440 -26 -24 877 -85 101 -235 61193029
-29 -30 -4407 -21 -19 751 -85 101 -235 61193049
-109 41 -4411 -23 -19 599 -81 95 -229 61193050
-79 -50 -4436 -25 -24 489 -81 95 -229 61193053
-181 54 -4418 -26 -18 400 -81 97 -233 61193057
-172 39 -4423 -27 -21 500 -81 97 -233 61193057
-185 10 -4391 -21 -22 620 -84 94 -232 61193065
-217 67 -4406 -26 -19 710 -84 94 -232 61193065
-312 99 -4439 -10 -23 1020 -85 93 -233 61193069
-364 -139 -4448 0 -31 1587 -85 93 -233 61193076
-597 90 -4409 1 -39 2066 -80 90 -230 61193076
-425 -181 -4426 18 -46 2669 -80 90 -230 61193102
-591 24 -4409 25 -51 3257 -85 87 -231 61193102
-336 37 -4381 41 -60 3907 -85 87 -231 61193107
-423 2 -4378 59 -67 4370 -83 87 -227 61193111
-166 -183 -4392 59 -67 4683 -83 87 -227 61193111
20 -389 -4436 55 -74 4850 -92 92 -232 61193117
26 -24 -4381 53 -70 4725 -92 92 -232 61193117
35 -114 -4392 64 -71 4578 -88 92 -224 61193123
36 -209 -4413 47 -70 4365 -88 92 -224 61193123
389 -373 -4405 45 -67 4121 -91 85 -221 61193123
244 -93 -4422 38 -54 3653 -91 85 -221 61193141
172 29 -4443 17 -56 2988 -92 88 -234 61193141
-121 237 -4421 12 -48 2656 -92 88 -234 61193155
-162 73 -4437 6 -43 2675 -88 90 -234 61193155
-132 71 -4411 13 -49 2777 -88 90 -234 61193160
-180 169 -4400 19 -55 2844 -93 89 -229 61193165
11 67 -4379 12 -49 2746 -93 89 -229 61193165
-85 -153 -4401 10 -42 2220 -98 84 -224 61193172
-174 -31 -4410 -1 -35 1833 -98 84 -224 61193172
-208 72 -4436 7 -37 1850 -96 78 -224 61193176
-166 -297 -4404 8 -35 1972 -96 78 -224 61193189
-198 -118 -4399 -1 -31 1599 -97 85 -225 61193189
-379 25 -4396 -3 -28 1555 -97 85 -225 61193206
-753 210 -4376 12 -33 1969 -98 82 -224 61193206
-626 77 -4395 26 -40 2742 -98 82 -224 61193207
-776 32 -4421 39 -53 3510 -96 84 -226 61193214
-750 258 -4397 46 -63 4280 -96 84 -226 61193214
-552 -88 -4358 66 -75 4984 -104 82 -224 61193222
26 -421 -4438 79 -85 5460 -104 82 -224 61193222
349 -422 -4442 68 -86 5412 -102 76 -220 61193227
553 -316 -4481 66 -79 4843 -102 76 -220 61193233
455 -149 -4435 42 -71 4187 -97 81 -219 61193233
438 -90 -4447 34 -56 3490 -97 81 -219 61193255
301 -381 -4425 20 -52 2842 -108 82 -222 61193255
77 -271 -4414 0 -47 2173 -108 82 -222 61193264
12 -326 -4433 0 -45 1788 -104 80 -226 61193264
-45 -122 -4461 -5 -41 1615 -104 80 -226 61193267
-123 -157 -4409 4 -39 1499 -114 76 -226 61193271
-100 15 -4421 -7 -33 1255 -114 76 -226 61193271
-177 -4 -4394 -14 -28 1042 -111 83 -223 61193282
-209 -79 -4384 -26 -21 657 -111 83 -223 61193282
-161 -32 -4407 -39 -16 418 -110 80 -220 61193285
-92 6 -4438 -35 -20 421 -110 80 -220 61193306
-83 21 -4446 -19 -12 713 -110 76 -218 61193306
-237 -62 -4410 -17 -25 987 -110 76 -218 61193316
-176 33 -4387 -15 -27 975 -104 80 -226 61193316
-182 -17 -4395 -15 -23 1058 -104 80 -226 61193319
-215 0 -4414 -21 -24 1021 -104 78 -220 61193322
-131 46 -4417 -17 -27 942 -104 78 -220 61193322
-137 107 -4421 -14 -21 1087 -105 75 -225 61193331
-70 2 -4460 -8 -29 1387 -105 75 -225 61193331
59 -102 -4423 -1 -36 1446 -111 71 -219 61193335
-171 -17 -4398 -4 -36 1447 -111 71 -219 61193343
-76 -111 -4398 -7 -30 1437 -105 75 -223 61193343
-191 -225 -4360 -9 -39 1322 -105 75 -223 61193361
-196 -160 -4423 -16 -28 1064 -111 77 -221 61193361
-139 -166 -4415 -24 -31 876 -111 77 -221 61193364
-70 -149 -4461 -28 -31 808 -109 71 -225 61193368
-289 -79 -4413 -19 -25 794 -109 71 -225 61193368
-144 -31 -4436 -26 -22 643 -112 74 -226 61193381
-148 -35 -4427 -24 -23 707 -112 74 -226 61193381
-75 4 -4438 -22 -27 807 -113 69 -225 61193389
-231 4 -4414 -20 -23 936 -113 69 -225 61193389
-233 -30 -4393 -14 -11 909 -108 76 -230 61193409
-293 61 -4391 -17 -16 905 -108 76 -230 61193413
-107 100 -4384 -18 -21 922 -114 74 -222 61193413
-69 239 -4419 -14 -22 1125 -114 74 -222 61193421
-329 -3 -4451 -4 -22 1404 -107 67 -215 61193421
-158 218 -4429 -6 -27 1416 -107 67 -215 61193426
-95 274 -4405 -2 -30 1665 -114 72 -218 61193430
-363 78 -4435 3 -33 2120 -114 72 -218 61193430
-258 307 -4370 5 -41 2326 -111 73 -221 61193441
-136 -7 -4453 13 -43 2604 -111 73 -221 61193441
-224 -57 -4410 12 -47 2798 -114 72 -222 61193445
-51 -45 -4421 14 -51 2697 -114 72 -222 61193460
-98 -421 -4413 22 -43 2692 -111 67 -219 61193460
-89 -343 -4391 7 -39 2367 -111 67 -219 61193467
-180 -279 -4434 2 -37 1967 -114 68 -222 61193467
-189 -311 -4456 -6 -32 1711 -114 68 -222 61193469
-92 -43 -4421 -3 -31 1555 -120 68 -224 61193479
-242 -148 -4396 -5 -31 1544 -120 68 -224 61193479
-288 -42 -4362 -4 -28 1437 -115 69 -223 61193488
-284 -22 -4389 -11 -24 1318 -115 69 -223 61193488
-53 103 -4408 -15 -27 1318 -116 60 -224 61193491
-149 -185 -4420 -3 -24 1525 -116 60 -224 61193512
-258 146 -4450 -3 -25 1510 -119 65 -225 61193512
-270 61 -4428 -9 -29 1622 -119 65 -225 61193520
-81 20 -4401 -8 -30 1576 -115 71 -223 61193520
-114 11 -4417 -9 -33 1642 -115 71 -223 61193525
-148 -351 -4418 -11 -35 1648 -121 67 -225 61193528
-93 81 -4449 -14 -32 1441 -121 67 -225 61193528
-62 -79 -4433 -4 -31 1490 -123 65 -227 61193537
-64 -156 -4438 -10 -36 1503 -123 65 -227 61193537
0 -127 -4409 -9 -33 1504 -120 60 -222 61193551
-153 -72 -4432 3 -26 1502 -120 60 -222 61193551
-83 314 -4430 -2 -33 1572 -121 63 -217 61193562
-138 -12 -4373 -4 -33 1737 -121 63 -217 61193566
-80 -121 -4372 -7 -38 1819 -121 61 -225 61193566
-304 -338 -4402 6 -36 1911 -121 61 -225 61193574
24 18 -4413 -10 -34 1756 -121 65 -225 61193574
-148 -137 -4423 -1 -30 1853 -121 65 -225 61193577
-216 -33 -4397 -6 -33 1803 -123 57 -219 61193588
-187 -163 -4386 1 -34 1815 -123 57 -219 61193588
-134 -101 -4432 2 -32 1801 -121 59 -223 61193597
-174 -225 -4414 -2 -28 2000 -121 59 -223 61193597
-274 101 -4410 0 -29 1812 -118 62 -220 61193612
-115 -71 -4423 1 -27 1774 -118 62 -220 61193617
-117 -223 -4394 6 -31 1902 -128 56 -232 61193617
-261 -2 -4437 7 -28 2049 -128 56 -232 61193623
-327 116 -4386 10 -30 2059 -120 58 -226 61193623
-250 116 -4416 4 -32 2106 -120 58 -226 61193628
-291 190 -4421 17 -43 2410 -126 56 -222 61193637
-174 27 -4395 25 -43 2759 -126 56 -222 61193637
-304 96 -4372 26 -49 2702 -129 53 -225 61193648
-177 -139 -4449 24 -44 2583 -129 53 -225 61193648
-195 83 -4429 20 -48 2863 -128 50 -218 61193651
-28 -178 -4458 28 -49 3116 -128 50 -218 61193663
-139 -299 -4432 27 -52 2967 -128 48 -218 61193663
-152 -231 -4400 17 -45 2630 -128 48 -218 61193672
-145 -407 -4425 15 -47 2430 -123 51 -217 61193672
-52 -278 -4460 9 -38 2166 -123 51 -217 61193682
-119 -454 -4412 15 -39 2161 -125 45 -219 61193682
-170 -139 -4429 8 -38 1934 -125 45 -219 61193682
-159 -282 -4377 7 -34 1780 -133 49 -221 61193697
-239 -64 -4415 3 -35 1707 -133 49 -221 61193697
-308 164 -4399 5 -43 1813 -130 46 -222 61193716
-399 173 -4418 12 -40 2086 -130 46 -222 61193716
-232 -127 -4422 26 -45 2459 -124 44 -220 61193717
-652 344 -4410 24 -46 2698 -124 44 -220 61193722
-779 410 -4389 37 -57 3491 -134 48 -220 61193722
-499 440 -4385 57 -76 4513 -134 48 -220 61193731
-451 137 -4381 72 -86 4929 -128 48 -220 61193731
-238 8 -4423 73 -84 5171 -128 48 -220 61193734
-144 -59 -4377 73 -81 5075 -136 42 -218 61193746
-59 -100 -4431 65 -78 4645 -136 42 -218 61193746
76 -475 -4396 43 -69 4174 -137 39 -219 61193767
129 -751 -4434 46 -66 3634 -137 39 -219 61193767
-175 -663 -4456 30 -58 3171 -130 38 -218 61193773
-330 -478 -4444 36 -57 3173 -130 38 -218 61193776
-296 -314 -4429 42 -62 3341 -133 37 -217 61193776
-434 -17 -4432 49 -65 3407 -133 37 -217 61193783
-402 223 -4382 56 -63 3540 -130 36 -214 61193783
-108 265 -4410 50 -60 3516 -130 36 -214 61193785
119 9 -4376 46 -53 3340 -129 37 -211 61193793
120 -7 -4418 28 -49 2889 -129 37 -211 61193793
146 -198 -4437 13 -45 2426 -130 30 -218 61193819
232 -167 -4487 5 -40 2028 -130 30 -218 61193819
163 -132 -4408 8 -36 1750 -129 33 -209 61193825
234 390 -4321 111 8 1428 -129 33 -209 61193829
-159 317 -4431 569 225 734 -136 32 -210 61193829
78 -612 -4457 549 241 137 -136 32 -210 61193837
-10 -493 -4537 -308 -133 49 -134 32 -212 61193837
-320 498 -4006 -950 -399 57 -134 32 -212 61193843
-265 159 -4406 -121 -60 13 -130 36 -216 61193843
-153 -86 -4428 2 -6 63 -130 36 -216 61193846
-199 -16 -4397 -52 -24 69 -133 31 -213 61193857
-193 -5 -4392 -27 -15 62 -133 31 -213 61193857
-196 -33 -4434 -31 -12 62 -131 35 -213 61193870
-183 -32 -4400 -37 -14 66 -131 35 -213 61193870
-190 -38 -4402 -32 -8 71 -132 30 -208 61193878
-175 -35 -4415 -34 -9 62 -132 30 -208 61193882
-161 -41 -4430 -31 -10 62 -129 29 -215 61193882
-152 -41 -4446 -35 -12 71 -129 29 -215 61193889
-133 -31 -4413 -37 -16 62 -135 35 -209 61193889
-162 -50 -4415 -32 -11 60 -135 35 -209 61193894
-132 -32 -4412 -33 -10 63 -133 35 -215 61193905
-157 -51 -4427 -34 -10 63 -133 35 -215 61193905
-152 -52 -4425 -34 -11 74 -136 34 -212 61193928
-177 -36 -4443 -30 -9 70 -136 34 -212 61193928
-173 -21 -4392 -32 -14 71 -135 31 -211 61193931
-172 -38 -4397 -31 -13 79 -135 31 -211 61193934
-169 -41 -4419 -30 -15 70 -134 32 -212 61193934
-193 -9 -4404 -36 -12 75 -134 32 -212 61193939
-165 -28 -4392 -36 -13 74 -135 33 -213 61193939
-188 -34 -4389 -38 -11 68 -135 33 -213 61193943
-187 -23 -4388 -37 -9 63 -135 33 -217 61193952
-172 -42 -4423 -32 -10 60 -135 33 -217 61193952
-183 -61 -4405 -36 -13 61 -134 32 -218 61193973
-183 -33 -4401 -38 -14 68 -134 32 -218 61193973
-154 -36 -4404 -35 -10 66 -133 33 -217 61193976
-174 -39 -4407 -35 -9 72 -133 33 -217 61193980
-145 -54 -4421 -33 -7 62 -130 30 -212 61193980
-146 -37 -4416 -33 -8 56 -130 30 -212 61193991
-151 -40 -4441 -31 -13 73 -135 35 -219 61193991
-147 -49 -4433 -28 -16 68 -135 35 -219 61193998
-148 -38 -4411 -29 -13 71 -136 32 -214 61193998
-178 -44 -4414 -32 -17 63 -136 32 -214 61194002
-160 -33 -4436 -34 -18 72 -131 37 -211 61194026
-180 -33 -4434 -34 -16 73 -131 37 -211 61194026
-158 -30 -4399 -38 -15 66 -130 34 -210 61194033
-168 -43 -4403 -36 -16 64 -130 34 -210 61194033
-197 -26 -4411 -35 -18 70 -132 28 -206 61194035
-187 -39 -4406 -41 -9 73 -132 28 -206 61194038
-185 -15 -4410 -36 -11 69 -138 34 -216 61194038
-209 -23 -4405 -38 -11 63 -138 34 -216 61194048
-190 -37 -4403 -34 -13 73 -133 31 -211 61194048
-193 -33 -4375 -33 -11 68 -133 31 -211 61194052
-186 -45 -4416 -30 -8 67 -136 32 -216 61194063
-191 -40 -4435 -29 -8 64 -136 32 -216 61194063
-187 -50 -4415 -29 -7 64 -135 31 -215 61194078
-163 -46 -4414 -33 -10 72 -135 31 -215 61194078
-146 -66 -4433 -35 -10 64 -132 30 -214 61194080
-144 -56 -4441 -35 -7 67 -132 30 -214 61194088
-138 -57 -4440 -30 -8 69 -133 35 -215 61194088
-152 -43 -4445 -35 -8 66 -133 35 -215 61194096
-130 -48 -4406 -35 -8 72 -128 36 -210 61194096
-145 -52 -4429 -37 -13 68 -128 36 -210 61194097
-140 -41 -4396 -38 -16 67 -132 36 -210 61194112
-148 -47 -4429 -37 -18 72 -132 36 -210 61194112
-176 -29 -4413 -37 -18 65 -134 34 -214 61194130
-178 -33 -4429 -32 -15 68 -134 34 -214 61194130
-170 -18 -4416 -34 -15 56 -136 30 -208 61194131
-190 -11 -4424 -33 -16 57 -136 30 -208 61194134
-184 -8 -4414 -29 -15 64 -132 36 -210 61194134
-177 -12 -4415 -30 -17 71 -132 36 -210 61194147
-185 -20 -4399 -33 -15 69 -132 36 -210 61194147
-181 -13 -4393 -34 -12 72 -132 36 -210 61194158
-166 -35 -4417 -32 -14 65 -134 36 -218 61194158
-171 -40 -4410 -39 -9 70 -134 36 -218 61194162
-189 -43 -4394 -36 -11 67 -135 35 -219 61194176
-166 -42 -4415 -35 -14 77 -135 35 -219 61194176
-151 -55 -4420 -37 -9 62 -131 37 -217 61194184
-142 -50 -4428 -37 -15 63 -131 37 -217 61194184
-150 -60 -4405 -38 -15 73 -133 35 -211 61194189
-157 -63 -4407 -35 -15 69 -133 35 -211 61194196
-154 -58 -4419 -33 -17 62 -133 31 -215 61194196
-163 -61 -4429 -35 -13 68 -133 31 -215 61194207
-170 -55 -4405 -31 -9 69 -138 32 -206 61194207
-180 -44 -4395 -34 -16 75 -138 32 -206 61194211
-183 -35 -4404 -34 -14 67 -133 29 -213 61194227
-193 -35 -4414 -33 -16 59 -133 29 -213 61194227
-167 -37 -4385 -29 -14 69 -129 23 -209 61194234
-191 -19 -4406 -30 -12 70 -129 23 -209 61194234
-173 -28 -4404 -34 -10 60 -132 30 -208 61194241
-179 -17 -4388 -38 -8 61 -132 30 -208 61194244
-187 -24 -4417 -38 -10 63 -131 31 -213 61194244
-169 -30 -4406 -38 -7 64 -131 31 -213 61194257
-151 -17 -4385 -36 -15 63 -131 33 -209 61194257
-152 -42 -4416 -34 -12 69 -131 33 -209 61194261
-144 -16 -4424 -32 -12 65 -132 28 -212 61194266
-152 -23 -4420 -32 -8 75 -132 28 -212 61194266
-148 -49 -4439 -37 -8 70 -131 31 -217 61194282
-156 -47 -4434 -33 -13 70 -131 31 -217 61194282
-163 -37 -4436 -33 -18 67 -138 34 -212 61194289
-141 -48 -4436 -31 -16 54 -138 34 -212 61194289
-167 -33 -4430 -29 -14 62 -138 32 -222 61194289
-149 -53 -4433 -30 -14 65 -138 32 -222 61194304
-184 -38 -4432 -33 -14 76 -129 33 -215 61194304
-179 -41 -4411 -41 -17 72 -129 33 -215 61194316
-188 -27 -4416 -32 -13 63 -134 36 -216 61194316
-190 -45 -4417 -31 -15 64 -134 36 -216 61194329
-185 -41 -4364 -40 -15 71 -136 36 -216 61194333
-223 -56 -4313 -44 -15 65 -136 36 -216 61194333
-227 -28 -4360 -49 -10 68 -131 35 -217 61194343
-195 -32 -4453 -43 2 63 -131 35 -217 61194343
-202 4 -4477 -43 0 77 -136 32 -216 61194345
-162 -11 -4402 -33 -3 70 -136 32 -216 61194356
-152 -41 -4398 -27 -3 67 -136 34 -218 61194356
-162 -33 -4419 -26 -5 60 -136 34 -218 61194364
-151 -68 -4423 -27 -5 64 -132 34 -206 61194364
-133 -74 -4479 -27 -9 59 -132 34 -206 61194367
-448 403 -4145 -22 -6 75 -128 38 -216 61194382
-307 1269 -5188 2133 855 320 -128 38 -216 61194382
760 -1759 -3653 4434 1246 790 -131 29 -213 61194392
-149 -1636 -3961 1036 168 357 -131 29 -213 61194392
-131 629 -4985 -1563 -188 133 -128 30 -220 61194393
-25 499 -4424 -30 1 -140 -128 30 -220 61194404
1192 -869 -4191 514 80 121 -134 30 -218 61194404
526 -422 -4483 -410 -58 275 -134 30 -218 61194413
-491 -8 -4438 -318 -49 246 -130 34 -214 61194413
-802 -4 -4552 -111 -32 404 -130 34 -214 61194416
-746 -170 -4175 -132 -40 551 -124 26 -218 61194432
-758 431 -4518 -356 -77 661 -124 26 -218 61194432
-225 -229 -4340 -1 -8 979 -129 37 -211 61194440
-75 -304 -4403 -60 -18 1214 -129 37 -211 61194440
-251 -389 -4413 -7 -2 1618 -129 31 -219 61194449
-559 -108 -4340 48 4 1861 -129 31 -219 61194449
-372 116 -4454 -2 -5 1791 -132 30 -222 61194449
-35 46 -4283 88 27 1286 -132 30 -222 61194463
33 238 -4461 -32 8 710 -133 33 -217 61194463
-83 136 -4464 -73 -10 259 -133 33 -217 61194483
-107 -91 -4415 -54 -12 101 -132 32 -220 61194483
-103 -105 -4356 -19 -10 71 -132 32 -220 61194486
-94 -62 -4435 -33 -12 83 -132 28 -220 61194491
-140 -97 -4454 -51 -13 99 -132 28 -220 61194491
-152 -107 -4505 -79 -19 103 -134 26 -218 61194500
-161 -68 -4419 -82 -25 131 -134 26 -218 61194500
-146 229 -4409 -81 -28 260 -130 28 -220 61194502
-147 -231 -4345 -45 -18 485 -130 28 -220 61194513
-132 32 -4401 -75 -28 556 -129 25 -223 61194513
-154 -185 -4429 -83 -29 698 -129 25 -223 61194539
-160 -262 -4418 -95 -22 702 -129 27 -219 61194539
-195 -151 -4399 -105 -27 630 -129 27 -219 61194543
-182 -198 -4401 -117 -23 582 -134 26 -216 61194547
-173 -156 -4400 -136 -32 508 -134 26 -216 61194547
-169 -143 -4440 -184 -51 498 -141 31 -217 61194551
-145 9 -4373 -228 -62 574 -141 31 -217 61194551
-216 8 -4379 -265 -77 852 -133 29 -219 61194556
-209 211 -4424 -260 -80 1144 -133 29 -219 61194559
-180 134 -4415 -207 -61 1414 -126 22 -214 61194559
-197 32 -4449 -141 -44 1693 -126 22 -214 61194573
-125 50 -4481 -41 -15 1968 -133 21 -217 61194573
-150 -66 -4426 -23 -14 2041 -133 21 -217 61194589
-210 -70 -4401 -95 -37 1707 -138 26 -216 61194593
-137 -166 -4408 -95 -38 1549 -138 26 -216 61194593
-158 -91 -4431 -102 -44 1404 -130 26 -218 61194598
-163 -98 -4445 -37 -24 1506 -130 26 -218 61194598
-193 93 -4411 17 -11 1786 -138 30 -218 61194607
-239 89 -4410 43 -6 1956 -138 30 -218 61194607
-97 -33 -4441 47 -4 1895 -126 18 -216 61194611
-61 -162 -4417 32 -9 1655 -126 18 -216 61194621
-154 -65 -4432 23 -9 1360 -132 22 -210 61194621
-134 -241 -4409 25 -3 1237 -132 22 -210 61194642
-205 4 -4410 -5 -8 1133 -128 26 -210 61194642
-169 -55 -4404 1 -5 1200 -128 26 -210 61194643
-214 60 -4408 51 9 1293 -138 22 -212 61194648
-228 345 -4399 80 17 1395 -138 22 -212 61194648
-190 219 -4398 123 25 1556 -136 20 -216 61194656
-200 77 -4392 142 34 1681 -136 20 -216 61194656
-200 -17 -4447 90 14 1813 -129 19 -213 61194660
-178 -213 -4391 74 13 1893 -129 19 -213 61194672
-305 5 -4406 75 11 2008 -129 15 -209 61194672
-301 -1 -4411 83 16 2515 -129 15 -209 61194691
-280 -129 -4371 113 22 3018 -133 19 -213 61194691
-188 -46 -4370 67 10 3209 -133 19 -213 61194692
23 -168 -4427 8 -8 2958 -132 22 -210 61194694
-168 -238 -4431 -6 -17 2454 -132 22 -210 61194694
-144 -22 -4400 -8 -15 2416 -130 16 -212 61194703
-51 -7 -4395 -47 -24 2472 -130 16 -212 61194703
-133 -120 -4373 -66 -26 2171 -130 10 -212 61194718
-126 -362 -4434 -63 -26 1962 -130 10 -212 61194718
-162 -60 -4433 -67 -31 1771 -132 12 -202 61194718
-80 -79 -4423 -65 -29 1743 -132 12 -202 61194742
-146 146 -4425 -68 -29 1674 -138 12 -206 61194742
-22 -138 -4468 -67 -36 1719 -138 12 -206 61194749
-114 -53 -4410 -53 -32 1661 -130 18 -204 61194749
-142 -85 -4429 -70 -35 1640 -130 18 -204 61194752
-200 -212 -4448 -88 -39 1636 -133 15 -207 61194757
-271 -65 -4445 -121 -48 1637 -133 15 -207 61194757
-194 -45 -4408 -164 -64 1755 -133 13 -213 61194764
-125 -160 -4425 -220 -85 1813 -133 13 -213 61194764
-171 -94 -4426 -253 -98 1756 -135 13 -199 61194768
-175 -89 -4426 -253 -102 1716 -135 13 -199 61194779
-281 -38 -4449 -210 -93 1711 -135 11 -209 61194779
-227 101 -4426 -171 -86 1848 -135 11 -209 61194794
-184 399 -4421 -129 -70 1992 -137 7 -193 61194794
-294 266 -4381 -83 -63 2135 -137 7 -193 61194798
-322 255 -4418 -51 -52 2348 -127 15 -201 61194803
-277 173 -4429 -28 -47 2600 -127 15 -201 61194803
-154 -87 -4409 -40 -57 2801 -134 6 -202 61194814
-54 -314 -4444 -31 -54 2772 -134 6 -202 61194814
-44 -301 -4401 -22 -46 2570 -130 0 -196 61194818
-68 -340 -4398 -30 -43 2330 -130 0 -196 61194850
-107 -300 -4395 -35 -34 2056 -132 4 -194 61194850
-122 -367 -4403 -60 -46 1838 -132 4 -194 61194857
-185 -194 -4388 -84 -46 1700 -135 7 -195 61194857
-101 -326 -4412 -45 -32 1642 -135 7 -195 61194860
-114 -338 -4456 -7 -19 1507 -128 12 -192 61194864
-90 -338 -4459 -7 -21 1451 -128 12 -192 61194864
-221 -431 -4473 1 -17 1537 -128 6 -194 61194869
-212 -14 -4409 -24 -38 2047 -128 6 -194 61194869
28 -7 -4387 -51 -50 2196 -127 -3 -195 61194878
-64 -63 -4395 -76 -54 1813 -127 -3 -195 61194878
-154 3 -4416 -80 -57 1535 -128 6 -192 61194878
-189 19 -4433 -115 -67 1341 -128 6 -192 61194894
-196 146 -4417 -128 -73 1330 -126 4 -190 61194894
-136 86 -4444 -117 -68 1361 -126 4 -190 61194902
-157 125 -4391 -99 -58 1331 -131 3 -189 61194902
-215 140 -4410 -107 -63 1303 -131 3 -189 61194904
-351 201 -4429 -115 -69 1420 -127 5 -197 61194912
-308 64 -4431 -79 -63 1714 -127 5 -197 61194912
-538 291 -4382 -71 -62 1952 -131 -1 -191 61194924
-696 473 -4390 -70 -73 2398 -131 -1 -191 61194924
-389 26 -4369 -47 -69 3083 -126 4 -188 61194929
-585 207 -4458 -48 -85 3613 -126 4 -188 61194944
-783 381 -4378 -36 -89 4226 -125 -5 -191 61194944
-450 79 -4418 -30 -104 4835 -125 -5 -191 61194952
-195 38 -4416 -62 -126 5137 -131 -7 -185 61194952
192 -426 -4441 -17 -110 5064 -131 -7 -185 61194957
142 -415 -4456 24 -82 4559 -127 -3 -185 61194960
258 -539 -4405 48 -66 3934 -127 -3 -185 61194960
25 -678 -4446 35 -55 3276 -124 -6 -178 61194974
24 -390 -4377 3 -56 2928 -124 -6 -178 61194974
-123 -66 -4446 36 -38 2675 -121 -9 -179 61194977
-231 29 -4419 43 -32 2578 -121 -9 -179 61194983
-223 -57 -4425 18 -43 2566 -121 -9 -179 61194983
-296 63 -4360 29 -40 2685 -121 -9 -179 61194998
-366 121 -4387 25 -42 2846 -124 -14 -182 61194998
69 -156 -4433 33 -38 2954 -124 -14 -182 61195000
97 -58 -4436 17 -38 2543 -121 -9 -179 61195009
-47 -172 -4388 24 -28 2037 -121 -9 -179 61195009
-161 -154 -4408 17 -26 1741 -128 -12 -178 61195023
-45 -326 -4428 -1 -32 1685 -128 -12 -178 61195023
-345 188 -4446 -19 -40 1693 -124 -12 -184 61195032
-682 711 -4409 6 -39 2091 -124 -12 -184 61195032
-493 512 -4356 29 -46 2913 -120 -18 -178 61195032
-439 528 -4399 56 -45 3570 -120 -18 -178 61195052
-414 331 -4425 62 -55 4039 -115 -17 -171 61195052
-246 57 -4424 87 -51 4385 -115 -17 -171 61195062
-249 -202 -4458 88 -60 4668 -116 -16 -170 61195062
-307 -12 -4484 108 -56 4927 -116 -16 -170 61195062
-344 -68 -4393 102 -75 5361 -114 -22 -166 61195069
-300 173 -4410 132 -65 5515 -114 -22 -166 61195069
200 -337 -4394 147 -48 5384 -116 -22 -166 61195081
577 -909 -4430 133 -34 4701 -116 -22 -166 61195081
424 -912 -4397 71 -47 3618 -108 -26 -164 61195085
176 -561 -4419 56 -30 2613 -108 -26 -164 61195097
207 -434 -4399 7 -37 1962 -117 -21 -167 61195097
61 -158 -4389 -10 -34 1374 -117 -21 -167 61195105
-46 -133 -4402 -7 -22 958 -109 -27 -163 61195105
-161 -56 -4434 -36 -25 880 -109 -27 -163 61195110
-191 -50 -4411 -33 -26 926 -109 -33 -161 61195119
-222 -103 -4438 -29 -25 999 -109 -33 -161 61195119
-269 -1 -4398 -56 -42 1172 -111 -21 -169 61195129
-295 -26 -4422 -32 -40 1366 -111 -21 -169 61195129
-326 143 -4430 -67 -59 1721 -107 -19 -169 61195132
-257 190 -4397 -39 -47 2017 -107 -19 -169 61195149
-295 230 -4413 -12 -40 2075 -112 -28 -166 61195149
-334 23 -4397 -6 -43 2314 -112 -28 -166 61195155
-236 -3 -4454 9 -45 2559 -117 -29 -167 61195155
-260 -31 -4418 3 -57 2791 -117 -29 -167 61195164
-263 72 -4401 9 -56 3188 -111 -23 -167 61195164
-313 383 -4375 37 -55 3429 -111 -23 -167 61195164
-303 35 -4360 41 -53 3724 -111 -31 -173 61195179
126 -159 -4378 56 -52 3783 -111 -31 -173 61195179
-92 -175 -4382 45 -38 3292 -111 -33 -165 61195188
-107 -421 -4465 57 -37 3205 -111 -33 -165 61195188
-256 -88 -4438 36 -42 3207 -107 -33 -171 61195202
-366 70 -4372 21 -52 3409 -107 -33 -171 61195206
-303 97 -4402 42 -56 3546 -109 -35 -163 61195206
-203 -156 -4434 40 -50 3603 -109 -35 -163 61195217
294 -306 -4427 24 -54 3472 -108 -36 -172 61195217
103 -202 -4451 29 -40 2963 -108 -36 -172 61195221
-198 -27 -4451 13 -36 2489 -99 -37 -165 61195230
-54 -226 -4492 7 -36 2309 -99 -37 -165 61195230
-72 -127 -4438 9 -34 2238 -105 -41 -165 61195254
-17 8 -4447 21 -35 2250 -105 -41 -165 61195254
-96 -73 -4413 0 -41 2136 -109 -39 -169 61195257
-82 -83 -4426 4 -41 2025 -109 -39 -169 61195262
-211 -52 -4403 12 -37 1884 -105 -37 -167 61195262
-151 -138 -4437 6 -40 1999 -105 -37 -167 61195269
-94 -86 -4427 15 -37 2126 -107 -33 -169 61195269
-192 52 -4393 23 -37 2325 -107 -33 -169 61195271
-291 126 -4377 12 -43 2403 -105 -39 -167 61195277
-341 118 -4420 8 -45 2539 -105 -39 -167 61195277
-291 195 -4359 7 -50 2773 -103 -41 -169 61195288
-339 138 -4422 33 -41 2846 -103 -41 -169 61195288
-423 203 -4409 25 -40 2964 -96 -40 -168 61195301
-264 172 -4419 33 -40 2976 -96 -40 -168 61195304
-367 339 -4427 37 -40 2988 -98 -40 -162 61195304
-216 232 -4425 37 -42 3252 -98 -40 -162 61195312
-3 140 -4401 40 -49 3437 -101 -45 -171 61195312
-386 359 -4429 41 -48 3441 -101 -45 -171 61195323
-300 196 -4426 45 -49 3478 -100 -42 -172 61195323
-434 438 -4458 49 -44 3506 -100 -42 -172 61195323
-122 -107 -4440 48 -48 3661 -96 -46 -160 61195338
-102 -36 -4452 45 -49 3610 -96 -46 -160 61195338
-21 -191 -4409 50 -51 3640 -99 -47 -171 61195355
-80 -178 -4398 27 -58 3464 -99 -47 -171 61195355
-39 -107 -4422 31 -53 3290 -98 -48 -166 61195357
-103 -94 -4432 29 -48 3131 -98 -48 -166 61195361
-140 -143 -4415 32 -49 3082 -88 -44 -170 61195361
-25 -287 -4426 32 -45 2995 -88 -44 -170 61195373
-90 -130 -4375 26 -43 2745 -88 -48 -166 61195373
-57 -114 -4397 30 -38 2599 -88 -48 -166 61195376
-148 43 -4388 22 -40 2537 -88 -44 -166 61195385
-167 85 -4413 21 -41 2591 -88 -44 -166 61195385
217 -187 -4410 21 -44 2714 -89 -51 -167 61195404
-415 241 -4454 41 -42 2586 -89 -51 -167 61195404
-354 493 -4453 33 -47 2814 -86 -54 -166 61195409
-398 744 -4392 25 -53 3108 -86 -54 -166 61195412
-272 379 -4394 37 -51 3442 -84 -50 -172 61195412
-112 -30 -4415 32 -54 3550 -84 -50 -172 61195421
-161 -47 -4457 39 -50 3434 -85 -55 -169 61195421
-97 -274 -4466 36 -47 3342 -85 -55 -169 61195423
-181 -117 -4409 29 -49 3198 -84 -56 -170 61195434
-269 145 -4415 31 -50 3213 -84 -56 -170 61195434
-134 -189 -4429 46 -45 3397 -79 -49 -167 61195456
-145 -156 -4410 37 -48 3419 -79 -49 -167 61195456
-239 -304 -4449 44 -45 3399 -80 -54 -168 61195460
-307 -186 -4387 34 -55 3519 -80 -54 -168 61195463
-125 -388 -4368 42 -55 3741 -74 -58 -166 61195463
-229 -44 -4381 55 -52 3787 -74 -58 -166 61195472
-19 -342 -4399 56 -58 4067 -72 -50 -170 61195472
75 -385 -4384 51 -58 4137 -72 -50 -170 61195483
-86 -397 -4424 61 -49 3975 -72 -54 -168 61195483
-111 -307 -4439 55 -51 3905 -72 -54 -168 61195486
-149 -114 -4383 53 -45 3765 -69 -55 -171 61195496
9 -122 -4387 53 -46 3631 -69 -55 -171 61195496
-325 147 -4412 49 -47 3433 -71 -59 -169 61195511
-274 202 -4460 40 -48 3307 -71 -59 -169 61195511
-277 208 -4447 42 -46 3280 -67 -51 -171 61195512
-290 128 -4439 40 -46 3278 -67 -51 -171 61195520
-131 114 -4404 32 -51 3353 -72 -52 -168 61195520
-72 -18 -4433 48 -44 3303 -72 -52 -168 61195532
42 -254 -4414 42 -42 3192 -70 -50 -176 61195532
37 -107 -4385 24 -44 3099 -70 -50 -176 61195535
-22 -162 -4454 26 -50 2958 -69 -49 -173 61195544
-54 -161 -4419 40 -35 2830 -69 -49 -173 61195544
-180 -194 -4398 33 -31 2650 -65 -63 -175 61195562
56 -246 -4423 18 -38 2577 -65 -63 -175 61195562
-105 -234 -4418 15 -36 2384 -66 -54 -174 61195563
-235 21 -4456 34 -26 2234 -66 -54 -174 61195572
-299 99 -4423 10 -38 2281 -64 -50 -172 61195572
-173 -7 -4427 15 -36 2405 -64 -50 -172 61195580
-162 163 -4371 15 -41 2494 -63 -53 -171 61195580
-75 103 -4423 9 -43 2428 -63 -53 -171 61195581
-245 84 -4382 2 -33 2269 -61 -51 -175 61195592
-109 103 -4467 20 -34 2231 -61 -51 -175 61195592
-60 -31 -4439 4 -30 2107 -61 -57 -171 61195609
-53 -221 -4465 19 -34 1837 -61 -57 -171 61195609
-257 189 -4482 7 -29 1597 -59 -55 -177 61195614
-75 188 -4438 -10 -36 1749 -59 -55 -177 61195617
-138 10 -4408 9 -30 1773 -62 -56 -168 61195617
-64 -129 -4432 8 -32 1793 -62 -56 -168 61195628
13 -225 -4392 1 -31 1774 -66 -50 -180 61195628
-62 -213 -4391 4 -23 1579 -66 -50 -180 61195641
-110 -53 -4413 3 -27 1476 -59 -53 -179 61195641
-253 118 -4447 -9 -32 1556 -59 -53 -179 61195644
-190 80 -4412 -9 -34 1852 -59 -53 -179 61195660
-132 -33 -4388 16 -32 2014 -59 -53 -179 61195660
18 -96 -4382 0 -34 2164 -58 -56 -176 61195668
-316 205 -4431 -4 -34 2181 -58 -56 -176 61195668
35 -164 -4425 -7 -40 2345 -62 -56 -174 61195674
-155 -149 -4418 22 -29 2116 -62 -56 -174 61195678
-45 -55 -4430 21 -28 1966 -58 -58 -176 61195678
-195 103 -4453 6 -30 1902 -58 -58 -176 61195691
-323 219 -4436 -1 -35 2065 -59 -51 -179 61195691
-248 295 -4427 8 -46 2427 -59 -51 -179 61195693
-175 -74 -4393 23 -36 2551 -57 -51 -177 61195702
-101 -174 -4331 -1 -37 2439 -57 -51 -177 61195702
-227 144 -4365 5 -36 2339 -57 -51 -183 61195718
-275 61 -4398 -6 -35 2294 -57 -51 -183 61195718
-270 24 -4443 12 -32 2312 -62 -56 -176 61195721
-154 47 -4443 13 -40 2351 -62 -56 -176 61195726
-231 57 -4413 0 -44 2478 -56 -56 -182 61195726
-347 178 -4472 -1 -47 2689 -56 -56 -182 61195740
-128 -15 -4453 15 -48 2979 -66 -58 -176 61195740
41 -169 -4368 24 -44 3008 -66 -58 -176 61195744
-308 108 -4398 25 -36 2855 -51 -55 -173 61195748
-165 177 -4416 17 -52 3085 -51 -55 -173 61195748
-188 46 -4412 32 -51 3318 -54 -52 -178 61195766
-145 -104 -4371 33 -53 3475 -54 -52 -178 61195766
28 -152 -4463 40 -50 3438 -63 -55 -177 61195776
-151 -55 -4436 32 -44 3301 -63 -55 -177 61195776
201 -224 -4458 32 -47 3300 -60 -52 -180 61195776
-181 -189 -4396 16 -37 2832 -60 -52 -180 61195788
-61 -97 -4438 24 -28 2510 -57 -49 -179 61195788
70 -201 -4441 11 -27 2200 -57 -49 -179 61195798
-194 -8 -4387 -5 -26 1935 -55 -57 -179 61195798
-127 29 -4417 3 -36 1847 -55 -57 -179 61195802
-99 58 -4418 -8 -37 1881 -56 -54 -186 61195816
36 -52 -4408 -9 -40 1977 -56 -54 -186 61195816
-87 -36 -4406 0 -33 1959 -51 -55 -183 61195825
-133 -1 -4428 0 -34 1978 -51 -55 -183 61195825
-327 111 -4406 -5 -39 2173 -54 -56 -182 61195827
-30 85 -4381 4 -49 2546 -54 -56 -182 61195835
-73 -154 -4420 14 -46 2826 -59 -53 -181 61195835
-67 -219 -4431 28 -45 2943 -59 -53 -181 61195848
-190 -50 -4424 20 -40 3007 -49 -57 -177 61195848
-258 -6 -4394 25 -45 3213 -49 -57 -177 61195865
-140 -121 -4462 32 -45 3275 -49 -53 -183 61195868
-162 22 -4448 26 -43 3201 -49 -53 -183 61195868
-20 -57 -4437 23 -46 3328 -49 -57 -183 61195878
-350 196 -4434 22 -50 3421 -49 -57 -183 61195878
-149 68 -4337 21 -56 3469 -45 -61 -181 61195880
-120 84 -4369 21 -48 3246 -45 -61 -181 61195883
-310 270 -4355 17 -35 2955 -53 -61 -179 61195883
-94 83 -4416 20 -35 2878 -53 -61 -179 61195895
-252 29 -4423 13 -39 2826 -51 -59 -179 61195895
-30 37 -4409 9 -47 2947 -51 -59 -179 61195917
138 -219 -4348 15 -46 2913 -48 -62 -186 61195917
-210 84 -4354 16 -37 2547 -48 -62 -186 61195917
-31 3 -4390 8 -42 2500 -47 -59 -183 61195924
-33 -40 -4416 18 -30 2342 -47 -59 -183 61195924
-68 -34 -4389 9 -40 2289 -46 -66 -182 61195930
-126 -47 -4405 12 -38 2243 -46 -66 -182 61195930
-250 164 -4419 16 -36 2182 -48 -66 -178 61195933
-141 -4 -4432 9 -40 2253 -48 -66 -178 61195944
-77 -77 -4454 14 -40 2348 -47 -59 -177 61195944
-533 284 -4433 13 -39 2632 -47 -59 -177 61195968
-164 -50 -4402 30 -51 3441 -45 -61 -185 61195968
-339 357 -4421 34 -57 3791 -45 -61 -185 61195972
6 -203 -4416 43 -60 4175 -43 -63 -181 61195975
-247 -79 -4441 47 -55 4105 -43 -63 -181 61195975
-290 220 -4432 39 -52 4007 -39 -61 -185 61195982
-274 249 -4435 37 -55 3940 -39 -61 -185 61195982
-146 227 -4383 27 -58 3899 -46 -60 -186 61195985
85 50 -4378 30 -50 3555 -46 -60 -186 61195989
-20 19 -4396 16 -37 2920 -37 -63 -185 61195989
-212 176 -4427 16 -27 2489 -37 -63 -185 61196004
-242 303 -4453 6 -30 2390 -38 -62 -182 61196004
-105 60 -4377 -2 -45 2470 -38 -62 -182 61196022
-14 -253 -4362 -2 -42 2416 -43 -57 -187 61196022
96 -351 -4387 -3 -36 2220 -43 -57 -187 61196024
-6 -270 -4437 -3 -33 1930 -41 -59 -189 61196029
-119 -129 -4427 -13 -32 1746 -41 -59 -189 61196029
-59 -205 -4434 -12 -28 1615 -43 -61 -189 61196038
-135 -175 -4386 -15 -28 1487 -43 -61 -189 61196038
-31 -233 -4393 -6 -29 1450 -39 -63 -181 61196041
-307 -53 -4431 -7 -25 1378 -39 -63 -181 61196055
-207 -132 -4465 -8 -36 1561 -38 -66 -188 61196055
-112 -128 -4447 -10 -37 1805 -38 -66 -188 61196076
-171 -105 -4385 -4 -32 1957 -40 -62 -194 61196076
-216 -16 -4379 -5 -33 2084 -40 -62 -194 61196077
101 -65 -4402 -1 -33 2102 -41 -65 -191 61196081
-296 71 -4413 0 -36 1904 -41 -65 -191 61196081
-307 149 -4415 6 -32 1921 -40 -62 -188 61196090
-272 237 -4423 1 -39 2069 -40 -62 -188 61196090
-210 241 -4393 5 -45 2307 -40 -70 -184 61196091
-10 128 -4396 14 -43 2614 -40 -70 -184 61196101
-474 261 -4465 18 -58 3166 -43 -65 -193 61196101
144 30 -4388 26 -65 4047 -43 -65 -193 61196121
-31 69 -4414 32 -62 3935 -29 -65 -191 61196121
-123 106 -4348 29 -60 3674 -29 -65 -191 61196128
-167 132 -4429 30 -53 3453 -35 -67 -187 61196128
-159 255 -4453 27 -46 3332 -35 -67 -187 61196128
-55 -100 -4419 27 -54 3371 -31 -69 -193 61196137
-25 -41 -4424 28 -51 3102 -31 -69 -193 61196137
-360 147 -4407 18 -44 2876 -33 -67 -193 61196148
-140 -172 -4401 16 -49 3101 -33 -67 -193 61196148
-108 -222 -4415 20 -47 3145 -25 -69 -185 61196148
-126 -320 -4434 13 -53 3195 -25 -69 -185 61196183
-118 -260 -4413 15 -56 3275 -31 -69 -193 61196183
-82 -253 -4398 19 -58 3251 -31 -69 -193 61196189
-128 -105 -4413 19 -54 3146 -27 -63 -189 61196189
-145 51 -4431 18 -52 3104 -27 -63 -189 61196194
-137 181 -4414 18 -48 3161 -26 -66 -192 61196197
-55 139 -4400 22 -50 3166 -26 -66 -192 61196197
-4 66 -4393 18 -46 2967 -28 -68 -196 61196204
-192 342 -4435 13 -45 2836 -28 -68 -196 61196204
-131 293 -4390 11 -52 2967 -26 -70 -196 61196206
33 48 -4416 17 -47 2863 -26 -70 -196 61196210
-65 -42 -4428 10 -44 2646 -18 -70 -200 61196210
61 -327 -4418 6 -43 2534 -18 -70 -200 61196223
-299 -33 -4405 6 -36 2382 -20 -70 -200 61196223
-63 -160 -4471 3 -44 2461 -20 -70 -200 61196225
-208 -117 -4406 2 -40 2383 -19 -65 -195 61196233
-55 -332 -4389 4 -42 2376 -19 -65 -195 61196233
-185 -321 -4381 2 -43 2348 -21 -65 -197 61196249
-174 -286 -4431 10 -44 2432 -21 -65 -197 61196249
-63 -176 -4411 19 -39 2496 -21 -67 -201 61196253
-260 -7 -4413 13 -42 2619 -21 -67 -201 61196259
-29 77 -4432 23 -48 3021 -8 -64 -198 61196259
23 0 -4409 31 -50 3412 -8 -64 -198 61196278
-55 103 -4424 35 -55 3716 -15 -67 -199 61196278
-51 116 -4397 32 -58 3916 -15 -67 -199 61196286
-98 141 -4408 51 -65 4334 -16 -64 -206 61196286
72 -35 -4371 55 -72 4764 -16 -64 -206 61196287
-14 143 -4408 53 -65 4580 -14 -58 -204 61196297
-89 91 -4438 43 -65 4302 -14 -58 -204 61196297
-142 -41 -4416 45 -62 4155 -13 -69 -199 61196306
-117 -33 -4428 40 -67 3856 -13 -69 -199 61196306
-33 -288 -4427 40 -64 3675 -11 -59 -199 61196311
-4 -212 -4386 32 -61 3470 -11 -59 -199 61196326
-214 -166 -4425 24 -54 3139 -9 -65 -199 61196326
65 -236 -4448 20 -57 2977 -9 -65 -199 61196333
-246 -179 -4442 22 -51 2774 -7 -63 -201 61196333
-190 -65 -4446 17 -49 2549 -7 -63 -201 61196335
-221 -49 -4403 17 -46 2447 -4 -62 -206 61196342
-341 14 -4455 21 -44 2494 -4 -62 -206 61196342
-178 29 -4427 15 -50 2602 -9 -59 -201 61196355
-104 87 -4479 28 -51 2682 -9 -59 -201 61196355
-155 119 -4418 34 -52 3183 -4 -58 -206 61196358
4 69 -4381 43 -48 3453 -4 -58 -206 61196381
-209 193 -4362 45 -44 3222 1 -63 -201 61196381
-305 403 -4397 46 -50 3321 1 -63 -201 61196388
-113 349 -4389 33 -65 3780 -1 -59 -199 61196388
-2 94 -4408 98 -57 4608 -1 -59 -199 61196393
-11 224 -4378 125 -62 5443 -3 -57 -203 61196393
-164 311 -4391 76 -92 5900 -3 -57 -203 61196397
-32 229 -4343 35 -114 6304 3 -57 -207 61196406
-178 -119 -4421 82 -96 6053 3 -57 -207 61196406
-248 -111 -4433 86 -76 5209 3 -55 -203 61196414
-465 -94 -4484 148 -41 4924 3 -55 -203 61196414
-438 -54 -4393 42 -96 5358 3 -55 -203 61196429
74 -173 -4429 48 -114 6012 3 -55 -203 61196433
-282 -191 -4427 73 -102 6175 8 -54 -204 61196433
-190 -285 -4396 114 -87 6337 8 -54 -204 61196442
119 -340 -4438 132 -80 6386 9 -49 -207 61196442
381 -402 -4395 143 -72 6151 9 -49 -207 61196445
76 52 -4395 168 -37 5132 8 -46 -208 61196454
-264 88 -4485 210 19 3932 8 -46 -208 61196454
318 -1 -4431 125 -1 2976 9 -43 -213 61196467
128 182 -4457 211 65 1737 9 -43 -213 61196467
32 24 -4405 216 86 966 12 -46 -208 61196480
-71 51 -4430 175 68 716 12 -46 -208 61196483
-50 -39 -4409 64 22 730 12 -40 -210 61196483
18 -211 -4412 21 1 709 12 -40 -210 61196493
-14 -191 -4409 18 4 576 11 -47 -211 61196493
-66 -167 -4390 6 -3 442 11 -47 -211 61196496
-62 -129 -4399 -71 -34 401 8 -48 -210 61196502
-108 -20 -4424 -118 -54 383 8 -48 -210 61196502
-32 -55 -4415 -149 -68 368 6 -46 -210 61196516
-54 -54 -4410 -145 -65 303 6 -46 -210 61196516
-86 -25 -4410 -129 -55 220 12 -46 -212 61196531
-89 -12 -4434 -137 -60 188 12 -46 -212 61196531
-114 -22 -4437 -132 -53 181 16 -42 -212 61196531
-119 22 -4442 -88 -35 171 16 -42 -212 61196537
-92 0 -4405 -38 -13 181 16 -46 -210 61196537
-73 -22 -4414 3 6 179 16 -46 -210 61196548
-88 18 -4389 20 16 162 11 -43 -215 61196548
-100 31 -4376 32 23 164 11 -43 -215 61196554
-119 52 -4397 38 18 193 11 -41 -211 61196562
-109 26 -4403 21 11 252 11 -41 -211 61196562
-101 -8 -4400 5 -3 290 6 -44 -208 61196583
-65 -17 -4422 9 -3 310 6 -44 -208 61196583
-46 -45 -4415 33 9 300 13 -41 -209 61196588
-76 -36 -4408 69 33 245 13 -41 -209 61196593
-39 -62 -4435 65 32 228 8 -42 -208 61196593
-72 -49 -4397 42 19 203 8 -42 -208 61196602
-85 -37 -4414 10 -1 185 10 -48 -214 61196602
-104 -18 -4438 -16 -6 188 10 -48 -214 61196604
-71 -13 -4433 -27 -15 188 12 -40 -212 61196609
-113 1 -4480 -33 -17 180 12 -40 -212 61196609
-117 -29 -4453 -19 -13 185 11 -45 -213 61196634
-105 2 -4424 8 4 174 11 -45 -213 61196634
-72 -102 -4354 78 33 152 7 -55 -205 61196642
-99 -41 -4401 -1 -4 130 7 -55 -205 61196642
-95 4 -4419 -9 -6 129 9 -47 -207 61196642
-92 -5 -4433 3 -2 133 9 -47 -207 61196651
-105 -63 -4428 22 8 168 10 -42 -214 61196651
-190 -194 -4427 55 22 367 10 -42 -214 61196657
-185 -93 -4392 37 7 813 15 -41 -213 61196657
-24 -209 -4393 37 -1 1129 15 -41 -213 61196660
-281 23 -4428 67 8 1297 16 -38 -210 61196685
-89 9 -4439 73 6 1514 16 -38 -210 61196686
-98 88 -4382 89 14 1535 12 -42 -208 61196693
-373 87 -4386 72 14 1352 12 -42 -208 61196693
-234 -49 -4378 79 9 1426 19 -47 -207 61196698
-60 13 -4465 -29 -29 1476 19 -47 -207 61196702
-70 109 -4411 33 4 1281 15 -47 -211 61196702
-390 0 -4428 26 0 1125 15 -47 -211 61196707
-155 18 -4404 31 -2 1435 12 -40 -212 61196707
-82 126 -4408 -80 -53 1639 12 -40 -212 61196710
26 68 -4393 -12 -22 1541 14 -42 -214 61196716
-126 2 -4418 30 -7 1495 14 -42 -214 61196716
-110 124 -4416 4 -17 1539 14 -40 -214 61196738
-617 -85 -4391 -9 -21 1663 14 -40 -214 61196738
108 -76 -4393 -88 -66 2483 9 -41 -213 61196741
-58 -26 -4396 -8 -38 2656 9 -41 -213 61196745
-309 -159 -4402 -1 -44 2714 12 -36 -220 61196745
-291 -187 -4397 4 -47 3139 12 -36 -220 61196756
-255 -378 -4406 -22 -73 3596 22 -38 -212 61196756
-129 -195 -4426 27 -62 4044 22 -38 -212 61196767
-152 -49 -4407 0 -75 4270 19 -37 -209 61196767
-116 3 -4381 -20 -82 4321 19 -37 -209 61196767
7 -27 -4378 12 -69 4209 18 -30 -218 61196789
318 -7 -4411 47 -53 3974 18 -30 -218 61196789
-61 177 -4404 91 -26 3564 23 -37 -213 61196796
-81 229 -4432 53 -37 3373 23 -37 -213 61196796
131 91 -4450 -27 -62 3237 26 -38 -216 61196797
196 204 -4465 -65 -74 3045 26 -38 -216 61196804
8 19 -4458 -82 -70 2598 21 -33 -219 61196804
-32 -88 -4456 52 -12 2363 21 -33 -219 61196815
26 -62 -4408 -21 -43 2228 16 -32 -218 61196815
9 -221 -4398 -6 -31 2046 16 -32 -218 61196819
86 -183 -4424 12 -33 2118 23 -29 -213 61196826
-87 -121 -4413 -12 -36 2061 23 -29 -213 61196826
-2 -70 -4408 28 -17 2050 26 -36 -214 61196843
31 -68 -4436 -20 -36 2054 26 -36 -214 61196843
30 -64 -4420 87 16 1881 26 -32 -218 61196849
-99 -92 -4409 63 6 1589 26 -32 -218 61196852
-219 -127 -4432 118 24 1547 21 -23 -217 61196852
-107 -86 -4456 75 4 1662 21 -23 -217 61196864
-267 -193 -4442 81 8 1834 24 -28 -216 61196865
-329 -321 -4435 71 -6 2497 24 -28 -216 61196876
-453 -129 -4400 29 -37 3346 26 -26 -218 61196876
-277 -235 -4396 69 -31 4361 26 -26 -218 61196888
-452 46 -4437 7 -76 5502 21 -21 -213 61196893
-118 20 -4428 -37 -116 6629 21 -21 -213 61196893
217 -328 -4395 121 -67 7221 29 -25 -213 61196899
-77 133 -4383 248 -20 7670 29 -25 -213 61196899
225 106 -4441 254 -15 7916 28 -24 -222 61196904
204 159 -4405 340 23 7672 28 -24 -222 61196913
-63 319 -4398 479 71 7303 33 -19 -215 61196913
43 272 -4368 484 78 6948 33 -19 -215 61196924
289 69 -4417 436 73 6320 29 -19 -219 61196924
111 251 -4396 538 111 5345 29 -19 -219 61196927
-122 189 -4437 290 50 4376 28 -12 -218 61196941
19 -151 -4434 124 8 3385 28 -12 -218 61196941
20 -82 -4392 76 1 2550 29 -7 -219 61196948
-35 -186 -4424 30 -9 1658 29 -7 -219 61196948
-33 -285 -4394 116 20 1144 24 -4 -222 61196953
-44 -239 -4433 80 17 893 24 -4 -222 61196958
-27 -398 -4448 -31 -15 760 34 -8 -222 61196958
-85 -209 -4468 -90 -33 553 34 -8 -222 61196973
-176 -73 -4402 -141 -42 477 27 -7 -219 61196973
-10 -294 -4454 -202 -64 496 27 -7 -219 61196992
-28 -161 -4451 -192 -58 344 30 -12 -220 61196992
-84 -111 -4429 -185 -51 212 30 -12 -220 61196992
-98 -183 -4422 -196 -58 274 26 -6 -222 61196999
-5 -190 -4387 -165 -50 582 26 -6 -222 61196999
-25 -199 -4414 -134 -49 841 36 -6 -218 61197011
1 -164 -4386 55 3 1267 36 -6 -218 61197011
-53 -219 -4486 79 9 1422 35 -9 -221 61197015
-60 -186 -4400 288 71 1822 35 -9 -221 61197022
-71 28 -4370 256 61 2133 31 -1 -219 61197022
-124 130 -4397 38 -6 1880 31 -1 -219 61197033
-8 -60 -4405 16 -8 1526 34 -2 -220 61197033
-339 191 -4408 -1 -10 1276 34 -2 -220 61197043
-189 -114 -4430 -65 -35 1104 29 -1 -221 61197045
154 -163 -4417 -94 -41 1274 29 -1 -221 61197045
-587 210 -4424 -63 -34 1271 33 -13 -215 61197076
-77 -34 -4451 -224 -85 1705 33 -13 -215 61197076
-36 -52 -4454 -183 -73 1843 34 -6 -220 61197077
-74 61 -4433 -177 -73 1900 34 -6 -220 61197079
-120 15 -4447 -136 -58 1741 37 -1 -219 61197079
-118 -48 -4399 -53 -34 1710 37 -1 -219 61197096
-88 -6 -4431 -115 -46 1546 38 -2 -220 61197096
-26 -133 -4441 1 -9 1212 38 -2 -220 61197100
-138 -186 -4388 200 50 1164 37 -1 -223 61197102
-92 -35 -4396 146 33 1360 37 -1 -223 61197102
-33 -100 -4382 38 1 1399 38 -4 -216 61197106
-183 -56 -4394 -20 -23 1395 38 -4 -216 61197106
2 -305 -4375 -30 -27 1574 28 2 -220 61197146
-268 -72 -4408 -7 -23 1661 28 2 -220 61197146
-56 -234 -4372 50 -11 1949 30 -2 -220 61197149
174 -140 -4459 -69 -42 2015 30 -2 -220 61197153
-21 -197 -4421 64 -3 1830 34 -4 -216 61197153
-107 -22 -4474 44 -9 1707 34 -4 -216 61197158
-33 -135 -4431 -74 -39 1606 33 1 -225 61197158
-34 -132 -4439 -144 -66 1610 33 1 -225 61197162
-187 -168 -4461 -113 -57 1676 35 -1 -223 61197166
-39 9 -4406 -114 -54 1978 35 -1 -223 61197166
29 -93 -4416 -183 -81 1974 40 2 -224 61197174
-50 -116 -4421 -118 -53 1945 40 2 -224 61197174
-208 -79 -4458 -118 -56 1991 32 2 -220 61197177
-74 -202 -4450 -152 -74 2174 32 2 -220 61197182
-146 -182 -4452 -118 -65 2511 34 4 -218 61197182
-122 -79 -4417 -110 -72 2852 34 4 -218 61197200
-91 -108 -4393 -51 -58 3116 37 9 -225 61197200
-62 35 -4404 -38 -54 3190 37 9 -225 61197205
104 24 -4415 -38 -52 3004 38 6 -220 61197210
-18 -97 -4439 87 -5 2807 38 6 -220 61197210
145 -75 -4402 320 69 2938 36 10 -222 61197215
-4 47 -4401 395 96 2801 36 10 -222 61197215
-6 121 -4413 290 65 2451 36 8 -214 61197220
56 43 -4426 180 36 1817 36 8 -214 61197224
8 7 -4418 214 53 1205 37 11 -215 61197224
-163 15 -4428 186 48 748 37 11 -215 61197249
-239 43 -4413 71 19 595 34 6 -220 61197249
-75 -108 -4393 -72 -26 640 34 6 -220 61197253
-89 -103 -4414 -68 -31 755 35 7 -219 61197257
-31 -183 -4416 -64 -34 913 35 7 -219 61197257
-213 -38 -4438 -137 -57 1020 37 13 -217 61197265
-382 -140 -4454 -82 -36 1402 37 13 -217 61197265
-291 -258 -4421 -196 -82 2087 40 16 -210 61197273
-305 -410 -4427 -82 -52 2838 40 16 -210 61197273
-133 -420 -4391 118 5 3720 31 13 -223 61197278
291 -133 -4422 225 33 4333 31 13 -223 61197302
55 70 -4362 311 60 4290 38 16 -212 61197302
291 278 -4492 114 3 3649 38 16 -212 61197309
-120 235 -4416 102 11 2561 39 17 -213 61197309
76 146 -4441 -46 -29 1552 39 17 -213 61197311
-25 -50 -4408 37 8 774 42 18 -220 61197314
-51 -96 -4438 -38 -11 414 42 18 -220 61197314
-179 -87 -4436 -48 -9 272 41 19 -221 61197324
-150 -108 -4425 -56 -13 326 41 19 -221 61197324
-156 -59 -4421 -74 -23 423 33 15 -219 61197337
-420 -31 -4420 -80 -25 524 33 15 -219 61197337
-256 -244 -4399 -72 -26 894 46 20 -218 61197349
136 -10 -4418 -150 -47 1253 46 20 -218 61197352
98 14 -4462 -237 -77 1039 39 19 -221 61197352
204 -61 -4430 -116 -38 727 39 19 -221 61197358
-155 -10 -4435 -21 -9 503 36 22 -226 61197358
-257 23 -4418 -7 -1 683 36 22 -226 61197361
-155 93 -4392 -143 -50 1050 35 25 -217 61197372
-487 54 -4376 -359 -127 1396 35 25 -217 61197372
-353 -282 -4370 -292 -114 2237 39 25 -217 61197386
101 -442 -4394 -175 -87 2844 39 25 -217 61197386
-258 -263 -4419 -88 -62 2577 43 23 -219 61197402
-233 -525 -4426 75 -8 2345 43 23 -219 61197407
-452 -469 -4388 51 -14 2097 37 19 -221 61197407
-98 -199 -4419 -110 -59 1805 37 19 -221 61197412
84 97 -4426 -189 -79 1333 39 29 -225 61197412
140 377 -4387 -338 -136 950 39 29 -225 61197417
101 738 -4433 -604 -204 715 37 27 -223 61197421
172 657 -4416 -355 -142 696 37 27 -223 61197421
208 257 -4429 -16 -21 760 34 24 -214 61197433
353 -470 -4488 -304 -131 920 34 24 -214 61197433
310 -488 -4375 -470 -196 833 37 23 -217 61197439
72 -494 -4499 184 67 257 37 23 -217 61197442
-182 114 -4362 -213 -80 71 36 24 -218 61197442
-60 -136 -4457 -60 -21 56 36 24 -218 61197457
-127 27 -4381 -51 -16 62 43 29 -221 61197457
-81 -119 -4440 -27 -6 74 43 29 -221 61197460
-108 -30 -4412 -48 -19 68 39 31 -217 61197468
-100 -71 -4436 -27 -10 67 39 31 -217 61197468
-83 -60 -4398 -39 -13 61 34 24 -212 61197482
-92 -56 -4408 -44 -16 65 34 24 -212 61197482
-82 -41 -4412 -40 -15 65 36 22 -220 61197491
-73 -50 -4403 -37 -14 63 36 22 -220 61197491
-65 -43 -4405 -38 -12 57 32 24 -218 61197504
-98 -48 -4421 -35 -13 58 32 24 -218 61197507
-103 -18 -4407 -35 -14 63 42 26 -218 61197507
-110 -26 -4424 -33 -11 56 42 26 -218 61197516
-87 -34 -4426 -36 -11 63 38 26 -220 61197516
-106 -3 -4434 -34 -14 69 38 26 -220 61197521
-99 -29 -4424 -32 -10 59 36 28 -220 61197532
-83 -38 -4411 -31 -6 70 36 28 -220 61197532
-105 -35 -4435 -37 -10 71 40 26 -218 61197541
-109 -46 -4422 -33 -12 70 40 26 -218 61197541
-83 -49 -4427 -33 -10 69 38 18 -220 61197543
-112 -58 -4399 -35 -9 71 38 18 -220 61197554
-99 -61 -4398 -37 -12 69 35 33 -217 61197554
-113 -67 -4415 -37 -10 68 35 33 -217 61197567
-94 -79 -4412 -35 -14 63 34 32 -220 61197567
-85 -77 -4409 -34 -11 62 34 32 -220 61197570
-87 -61 -4396 -36 -10 61 35 29 -217 61197580
-91 -64 -4392 -37 -10 73 35 29 -217 61197580
-91 -42 -4417 -32 -12 73 36 22 -218 61197589
-77 -42 -4408 -36 -13 64 36 22 -218 61197589
-99 -23 -4429 -34 -14 70 34 26 -218 61197592
-112 -40 -4431 -36 -15 68 34 26 -218 61197609
-95 -19 -4420 -36 -13 69 40 26 -220 61197609
-104 -21 -4413 -39 -11 63 40 26 -220 61197617
-97 -11 -4412 -37 -12 54 39 33 -215 61197617
-76 -9 -4434 -36 -14 67 39 33 -215 61197619
-103 -11 -4436 -38 -12 67 35 31 -221 61197628
-90 -27 -4441 -39 -15 67 35 31 -221 61197628
-106 -29 -4424 -36 -9 73 38 30 -218 61197638
-93 -36 -4412 -34 -11 72 38 30 -218 61197638
-93 -60 -4420 -33 -11 63 38 26 -218 61197657
-89 -51 -4424 -32 -10 70 38 26 -218 61197657
-85 -60 -4417 -32 -7 62 39 29 -219 61197661
-89 -58 -4396 -34 -12 68 39 29 -219 61197665
-88 -68 -4399 -32 -14 66 38 28 -220 61197665
-95 -69 -4407 -29 -12 69 38 28 -220 61197674
-97 -70 -4416 -33 -12 64 39 27 -221 61197674
-101 -57 -4441 -39 -15 56 39 27 -221 61197678
-95 -57 -4416 -37 -13 70 38 28 -220 61197712
-86 -53 -4407 -40 -15 67 38 28 -220 61197712
-79 -46 -4436 -33 -17 67 36 24 -216 61197720
-104 -43 -4423 -38 -17 67 36 24 -216 61197720
-82 -28 -4424 -37 -11 67 41 29 -217 61197724
-76 -7 -4413 -35 -10 69 41 29 -217 61197728
-86 -31 -4403 -33 -10 70 37 29 -223 61197728
-103 -15 -4391 -33 -11 71 37 29 -223 61197733
-111 -36 -4422 -34 -12 66 35 35 -221 61197733
-85 -35 -4419 -30 -11 67 35 35 -221 61197737
-83 -29 -4422 -29 -17 61 39 27 -215 61197741
-84 -33 -4405 -34 -11 60 39 27 -215 61197741
-83 -37 -4411 -32 -9 66 35 29 -217 61197761
-77 -59 -4406 -35 -11 71 35 29 -217 61197761
-76 -44 -4416 -37 -14 68 45 29 -215 61197766
-93 -66 -4416 -38 -10 61 45 29 -215 61197771
-92 -45 -4415 -34 -10 63 40 34 -218 61197771
-97 -54 -4390 -32 -13 58 40 34 -218 61197776
-92 -67 -4418 -41 -13 54 37 27 -219 61197776
-92 -68 -4400 -39 -16 52 37 27 -219 61197780
-110 -41 -4421 -38 -16 62 42 30 -220 61197784
-109 -62 -4421 -33 -15 58 42 30 -220 61197784
-98 -52 -4436 -34 -18 68 35 23 -217 61197798
-108 -35 -4433 -33 -14 67 35 23 -217 61197798
-100 -24 -4424 -33 -10 62 36 28 -218 61197814
-122 -26 -4453 -33 -12 63 36 28 -218 61197814
-93 -41 -4439 -31 -10 57 36 28 -218 61197820
-101 -35 -4419 -31 -10 69 36 28 -218 61197824
-120 -22 -4402 -31 -10 70 33 27 -221 61197824
-90 -21 -4408 -35 -8 61 33 27 -221 61197832
-88 -28 -4404 -37 -6 67 42 28 -220 61197832
-81 -41 -4403 -34 -7 69 42 28 -220 61197836
-68 -39 -4417 -30 -12 64 38 26 -222 61197848
-102 -53 -4372 -40 -11 67 38 26 -222 61197848
-361 563 -4315 117 50 79 36 26 -216 61197865
-74 243 -4530 1084 390 88 36 26 -216 61197865
-147 266 -4632 1800 584 54 35 21 -215 61197866
76 -957 -4048 2032 538 42 35 21 -215 61197873
175 -915 -4183 50 15 251 38 30 -222 61197873
-248 597 -4600 -1174 -275 272 38 30 -222 61197882
92 -855 -4278 -341 -101 71 42 22 -216 61197882
-118 -242 -4586 -1600 -529 24 42 22 -216 61197886
-406 1203 -4238 -2043 -726 78 43 29 -217 61197896
-217 349 -4521 -244 -93 68 43 29 -217 61197896
-239 222 -4403 -94 -34 192 30 28 -220 61197915
-314 125 -4410 -69 -28 211 30 28 -220 61197915
-299 -34 -4390 -73 -29 110 39 29 -217 61197916
-245 52 -4484 -61 -23 140 39 29 -217 61197921
-47 -129 -4435 -58 -18 298 39 27 -215 61197921
80 -418 -4389 -49 -22 384 39 27 -215 61197932
133 -289 -4388 -40 -22 349 43 33 -217 61197932
-35 -73 -4396 -28 -19 328 43 33 -217 61197937
63 -166 -4452 -19 -17 326 39 29 -221 61197943
18 -195 -4469 -26 -13 283 39 29 -221 61197943
-64 -100 -4420 -30 -12 206 44 32 -216 61197964
-59 -131 -4401 -34 -16 171 44 32 -216 61197964
-72 -95 -4399 -37 -16 113 44 26 -218 61197972
-76 -23 -4361 -41 -15 86 44 26 -218 61197972
-78 -73 -4471 -43 -14 80 39 31 -221 61197975
-76 -39 -4456 -52 -13 69 39 31 -221 61197979
-146 -72 -4438 -52 -9 88 39 31 -227 61197979
-339 -219 -4350 -39 -16 183 39 31 -227 61197993
-346 -208 -4414 -14 -24 540 37 31 -223 61197993
-272 -103 -4381 0 -29 932 37 31 -223 61197996
-81 34 -4527 10 -31 1227 32 34 -222 61198018
34 143 -4424 -16 -29 1440 32 34 -222 61198018
-16 14 -4402 5 -26 1526 34 32 -220 61198025
-195 -69 -4415 3 -28 1496 34 32 -220 61198025
-76 -103 -4430 5 -29 1482 41 29 -219 61198029
-37 -36 -4488 7 -30 1509 41 29 -219 61198033
-124 -71 -4401 -6 -29 1463 32 32 -220 61198033
-157 -154 -4433 7 -26 1360 32 32 -220 61198042
-138 -106 -4414 -7 -24 1275 38 32 -224 61198042
-191 -117 -4383 -16 -25 1198 38 32 -224 61198045
-201 -105 -4424 -5 -25 1272 36 34 -218 61198054
-176 -6 -4403 -6 -28 1377 36 34 -218 61198054
-228 49 -4414 -7 -30 1481 39 31 -217 61198070
-167 -24 -4363 -5 -30 1687 39 31 -217 61198070
-192 -31 -4323 -9 -30 1779 35 31 -221 61198074
-133 20 -4451 36 -40 1863 35 31 -221 61198077
-62 98 -4440 19 -34 2022 37 37 -217 61198077
-141 119 -4427 21 -30 2262 37 37 -217 61198092
-227 179 -4444 39 -34 2600 36 38 -220 61198092
-220 115 -4410 34 -38 3007 36 38 -220 61198100
-67 -8 -4423 51 -43 3241 31 39 -221 61198100
-112 79 -4434 48 -47 3255 31 39 -221 61198100
-103 -118 -4427 44 -45 3306 41 39 -217 61198118
92 -244 -4424 33 -47 3292 41 39 -217 61198118
-42 -73 -4407 37 -40 3086 36 44 -214 61198123
-157 -37 -4356 31 -41 2954 36 44 -214 61198123
-11 -121 -4429 31 -45 2941 34 46 -220 61198129
-176 16 -4420 28 -43 2830 34 46 -220 61198138
-193 21 -4382 25 -43 2811 36 44 -220 61198138
