-164 -7 -4017 -15 21 -7 -51 -149 -151 61189911
-161 -30 -4002 -16 21 -13 -49 -149 -145 61189911
-179 -23 -3994 -16 19 -24 -49 -149 -145 61189931
-171 -36 -3991 -15 19 -20 -51 -151 -149 61189931
-183 -28 -3990 -12 19 -23 -51 -151 -149 61189936
-175 -27 -4013 -13 22 -20 -56 -146 -158 61189936
-159 -29 -4024 -15 20 -13 -56 -146 -158 61189940
-166 -31 -3983 -11 21 -9 -58 -142 -148 61189950
-165 -22 -4017 -12 19 -19 -58 -142 -148 61189950
-185 -26 -3983 -13 20 -27 -49 -149 -147 61189962
-160 -24 -3992 -19 20 -20 -49 -149 -147 61189962
-175 -33 -4017 -10 20 -15 -48 -140 -152 61189977
-162 -13 -4000 -11 22 -12 -48 -140 -152 61189982
-170 -26 -3987 -13 19 -26 -47 -143 -153 61189982
-173 -17 -3992 -21 23 -19 -47 -143 -153 61189987
-158 -13 -4011 -9 21 -12 -56 -148 -152 61189987
-167 -21 -4018 -14 21 -22 -56 -148 -152 61189992
-197 -29 -4017 -15 22 -26 -46 -146 -154 61189997
-177 -26 -3992 -16 23 -17 -46 -146 -154 61189997
-169 -37 -3994 -15 22 -14 -57 -143 -157 61190010
-175 -27 -4013 -18 21 -18 -57 -143 -157 61190010
-180 -31 -3999 -15 25 -11 -48 -152 -150 61190014
-177 -20 -4012 -13 21 -10 -48 -152 -150 61190029
-181 -15 -3993 -15 26 -14 -43 -143 -149 61190029
-173 -20 -4009 -20 22 -16 -43 -143 -149 61190034
-177 -16 -3990 -18 24 -11 -47 -145 -145 61190034
-167 -21 -4007 -23 24 -12 -47 -145 -145 61190038
-178 -27 -4012 -21 25 -7 -49 -141 -151 61190047
-176 -25 -3992 -21 21 -6 -49 -141 -151 61190047
-159 -23 -4011 -21 20 -8 -52 -150 -148 61190060
-164 -37 -4000 -22 23 -18 -52 -150 -148 61190060
-178 -23 -4010 -20 21 -21 -49 -145 -151 61190063
-187 -32 -4016 -20 23 -16 -49 -145 -151 61190069
-175 -28 -4010 -19 22 -20 -51 -153 -153 61190069
-193 -20 -3990 -23 25 -7 -51 -153 -153 61190084
-158 -22 -3987 -22 24 -26 -50 -144 -154 61190084
-179 -30 -3999 -27 23 -22 -50 -144 -154 61190095
-177 -28 -3983 -25 25 -18 -55 -149 -153 61190095
-187 -25 -3998 -26 25 -15 -55 -149 -153 61190099
-171 -36 -4001 -27 19 -19 -53 -147 -151 61190109
-170 -18 -3990 -22 20 -17 -53 -147 -151 61190109
-174 -21 -4002 -23 22 -15 -56 -152 -148 61190133
-177 -8 -4001 -22 24 -22 -56 -152 -148 61190133
-193 -41 -4001 -27 23 -15 -55 -145 -151 61190137
-157 -9 -4003 -25 25 -16 -55 -145 -151 61190141
-181 -34 -3998 -25 21 -19 -52 -152 -152 61190141
-168 -30 -4024 -23 21 -15 -52 -152 -152 61190151
-190 -30 -3982 -25 23 -16 -50 -150 -158 61190151
-167 -41 -3995 -27 21 -16 -50 -150 -158 61190152
-154 -21 -4009 -25 23 -14 -47 -147 -147 61190159
-176 -35 -4013 -20 22 -10 -47 -147 -147 61190159
-164 -8 -4009 -21 19 -14 -55 -145 -153 61190168
-181 -30 -4023 -15 19 -21 -55 -145 -153 61190168
-153 -18 -3999 -18 19 -10 -48 -152 -154 61190181
-164 -29 -4027 -17 20 -10 -48 -152 -154 61190185
-186 -8 -3996 -22 20 -15 -53 -145 -151 61190185
-175 -31 -4020 -17 22 -15 -53 -145 -151 61190194
-171 -35 -4001 -19 22 -15 -55 -147 -155 61190194
-185 -20 -3982 -18 21 -18 -55 -147 -155 61190197
-161 -20 -3980 -12 21 -21 -52 -142 -150 61190208
-180 -21 -4024 -17 22 -17 -52 -142 -150 61190208
-171 -27 -3999 -12 23 -16 -54 -146 -148 61190219
-183 -34 -4016 -12 22 -19 -54 -146 -148 61190219
-173 -22 -4002 -18 21 -21 -48 -146 -154 61190239
-183 -14 -4024 -19 20 -21 -48 -146 -154 61190239
-183 -14 -4019 -18 21 -13 -55 -157 -151 61190244
-184 -22 -4019 -12 22 -25 -55 -157 -151 61190249
-185 -25 -4015 -14 24 -12 -51 -147 -155 61190249
-167 -21 -4013 -15 23 -27 -51 -147 -155 61190259
-195 -14 -4000 -12 21 -20 -46 -146 -152 61190259
-163 -11 -4013 -16 22 -1 -46 -146 -152 61190262
-164 -33 -3968 -10 24 -14 -56 -144 -142 61190270
-176 -33 -3977 -10 19 -13 -56 -144 -142 61190270
-182 -21 -4018 -10 21 -25 -56 -150 -148 61190285
-184 -24 -4016 -13 25 -15 -56 -150 -148 61190285
-190 -28 -3984 -9 21 -18 -56 -146 -146 61190288
-163 -12 -4024 -11 22 -22 -56 -146 -146 61190293
-159 -14 -4002 -7 19 -22 -48 -146 -146 61190293
-175 -13 -4005 -7 21 -14 -48 -146 -146 61190308
-178 -26 -4016 -4 25 -19 -57 -147 -147 61190308
-181 -26 -4009 -7 20 -20 -57 -147 -147 61190311
-165 -26 -4003 -6 21 -26 -46 -148 -158 61190342
-173 -20 -4011 -6 21 -13 -46 -148 -158 61190342
-162 -32 -4010 -6 21 -15 -50 -144 -152 61190349
-186 -31 -3999 -10 23 -3 -50 -144 -152 61190350
-166 -14 -3991 -9 25 -15 -54 -150 -150 61190355
-187 -24 -3999 -3 21 -21 -54 -150 -150 61190359
-165 -32 -4000 -6 23 -22 -55 -145 -149 61190359
-179 -25 -4000 -6 22 -21 -55 -145 -149 61190364
-187 -34 -3997 -6 24 -12 -54 -144 -152 61190364
-180 -34 -4018 -9 21 -28 -54 -144 -152 61190370
-187 -16 -4002 -2 24 -21 -48 -150 -148 61190374
-171 -25 -3993 -6 24 -32 -48 -150 -148 61190374
-178 -15 -4001 -11 26 -21 -54 -140 -146 61190387
-186 -29 -4003 -2 23 -11 -54 -140 -146 61190387
-163 -17 -4009 -2 24 -29 -55 -151 -149 61190394
-176 -22 -4010 -5 23 -17 -55 -151 -149 61190394
-171 -18 -4006 -6 22 -23 -51 -151 -153 61190396
-173 -21 -4018 -2 24 -23 -51 -151 -153 61190406
-181 -25 -4007 -7 24 -21 -47 -147 -145 61190406
-161 -28 -4000 -7 24 -23 -47 -147 -145 61190416
-187 -22 -4003 -2 22 -19 -51 -147 -145 61190416
-174 -3 -4015 -7 21 -22 -51 -147 -145 61190420
-177 -22 -4024 -3 22 -12 -53 -145 -157 61190441
-173 -21 -4026 -4 21 -17 -53 -145 -157 61190441
-192 -32 -4005 -3 21 -15 -60 -144 -150 61190448
-172 -42 -3998 -4 23 -17 -60 -144 -150 61190448
-167 -25 -4004 -6 18 -15 -49 -147 -147 61190450
-163 -18 -3938 1 22 -25 -49 -147 -147 61190458
-196 -19 -4000 4 25 -13 -51 -143 -151 61190458
-190 10 -4047 -2 25 -29 -51 -143 -151 61190466
-187 5 -4032 -6 28 -20 -51 -151 -151 61190466
-192 -36 -4031 -5 21 -15 -51 -151 -151 61190470
-180 -51 -4032 -9 22 -17 -59 -147 -149 61190479
-176 -19 -3979 -20 20 -11 -59 -147 -149 61190479
-147 -19 -3969 -15 23 -28 -58 -144 -150 61190494
-156 -45 -4040 -18 24 -22 -58 -144 -150 61190494
-83 -334 -4012 -20 20 -16 -49 -143 -151 61190496
-207 17 -3879 -121 -20 -27 -49 -143 -151 61190501
-205 13 -3984 46 32 -13 -57 -141 -149 61190501
-196 56 -4082 134 61 -13 -57 -141 -149 61190516
-118 -150 -4093 231 87 -13 -41 -149 -147 61190516
-149 -40 -4038 64 41 -9 -41 -149 -147 61190519
-141 -40 -3997 -17 22 -25 -51 -153 -145 61190542
-180 -3 -3966 -41 15 -12 -51 -153 -145 61190542
-173 -20 -3999 -10 24 -17 -50 -146 -146 61190550
-202 -25 -4001 -8 20 -23 -50 -146 -146 61190550
-190 -24 -4008 -16 16 -22 -55 -145 -147 61190555
-160 -5 -3967 -39 11 -17 -55 -145 -147 61190558
-144 -49 -3975 -40 11 -6 -49 -151 -149 61190561
-150 -64 -4031 -59 10 -12 -49 -151 -149 61190566
-157 -27 -4064 -94 -1 -23 -53 -149 -149 61190566
-156 -36 -4022 -95 -6 -19 -53 -149 -149 61190578
-194 -24 -3976 -83 1 -19 -50 -146 -154 61190578
-193 -34 -3974 -63 8 -21 -50 -146 -154 61190581
-219 -30 -4011 -50 13 -14 -55 -141 -143 61190592
-199 -47 -3992 -36 16 -22 -55 -141 -143 61190592
-177 -29 -4015 -23 16 -26 -52 -140 -148 61190602
-153 -27 -4012 -11 18 -28 -52 -140 -148 61190602
-143 -14 -4003 -6 21 -11 -41 -139 -153 61190607
-180 -22 -4019 -7 22 -30 -41 -139 -153 61190615
-192 -28 -4021 -12 25 -22 -52 -148 -156 61190615
-199 -11 -4015 -8 26 -23 -52 -148 -156 61190627
-208 -12 -4001 -2 23 -21 -41 -141 -151 61190627
-189 -17 -3984 -13 23 -12 -41 -141 -151 61190630
-172 0 -3992 -11 26 -18 -57 -149 -153 61190643
-159 3 -3995 0 28 -12 -57 -149 -153 61190643
-147 -8 -3974 7 30 -14 -46 -152 -154 61190651
-192 -23 -4018 20 33 -21 -46 -152 -154 61190651
-189 -25 -4021 26 40 -21 -52 -144 -154 61190662
-181 -43 -4032 24 40 -12 -52 -144 -154 61190662
-177 -52 -4042 17 35 -15 -55 -151 -149 61190666
-163 -63 -4024 -10 27 -15 -55 -151 -149 61190677
-179 -56 -4015 -14 28 -17 -50 -142 -152 61190677
-151 -55 -4007 -12 27 -25 -50 -142 -152 61190694
-158 -57 -4002 -10 25 -15 -53 -149 -153 61190694
-190 -56 -4018 -21 20 -19 -53 -149 -153 61190699
-182 -31 -4020 -36 12 -25 -54 -144 -146 61190702
-156 -35 -4013 -55 9 -22 -54 -144 -146 61190702
-185 -34 -4015 -75 7 -21 -50 -148 -146 61190712
-186 -10 -3974 -66 6 -10 -50 -148 -146 61190712
-164 9 -3982 -54 6 -13 -55 -153 -151 61190716
-163 6 -4001 -33 13 -15 -55 -153 -151 61190725
-177 11 -3985 -14 21 -13 -52 -152 -140 61190725
-187 34 -3976 16 30 -9 -52 -152 -140 61190746
-193 -6 -3994 61 38 -28 -58 -146 -142 61190746
-213 -17 -3997 84 44 -17 -58 -146 -142 61190750
-185 -27 -4008 75 43 -21 -59 -147 -149 61190753
-177 -34 -4062 26 33 -17 -59 -147 -149 61190753
-162 -39 -4007 14 31 -17 -56 -146 -146 61190763
-152 -67 -4006 4 28 -10 -56 -146 -146 61190763
-142 -60 -4009 -25 23 -13 -57 -155 -147 61190765
-172 -73 -4008 -40 18 -17 -57 -155 -147 61190773
-185 -56 -4011 -44 16 -15 -53 -145 -157 61190773
-177 -64 -4021 -46 13 -26 -53 -145 -157 61190797
-168 -54 -4002 -39 14 -10 -54 -148 -138 61190797
-161 -31 -4002 -32 18 -18 -54 -148 -138 61190805
-161 -38 -3974 -9 23 -11 -57 -141 -143 61190805
-183 -28 -3993 20 29 -10 -57 -141 -143 61190810
-186 -21 -4002 31 31 -18 -53 -149 -155 61190813
-184 3 -3984 43 36 -14 -53 -149 -155 61190813
-191 -4 -4016 63 44 -19 -58 -152 -150 61190822
-204 -1 -3990 67 47 -19 -58 -152 -150 61190822
-210 -3 -4004 69 42 -22 -46 -142 -150 61190825
-167 -13 -4005 65 44 -19 -46 -142 -150 61190848
-170 -33 -4012 46 41 -18 -52 -148 -146 61190848
-160 -22 -4025 5 32 -13 -52 -148 -146 61190858
-149 -40 -4029 -17 24 -15 -49 -149 -143 61190858
-143 -57 -4011 -21 21 -20 -49 -149 -143 61190861
-155 -58 -4006 -18 20 -27 -51 -149 -155 61190866
-165 -87 -4000 -14 20 -20 -51 -149 -155 61190866
-149 -76 -4023 -19 19 -16 -50 -154 -148 61190872
-135 -65 -4016 -25 17 -25 -50 -154 -148 61190872
-145 -71 -4017 -14 14 -17 -46 -146 -154 61190875
-135 -40 -4033 -17 14 -20 -46 -146 -154 61190886
-164 -46 -4022 -23 11 -15 -55 -153 -151 61190886
-161 -28 -4013 -19 12 -26 -55 -153 -151 61190904
-190 -22 -4019 -19 15 -25 -54 -150 -152 61190904
-201 -11 -4004 -12 18 -20 -54 -150 -152 61190909
-222 -17 -3963 -5 18 -13 -54 -142 -150 61190912
-229 -4 -3976 -8 20 -7 -54 -142 -150 61190912
-204 7 -3982 -8 20 -14 -54 -152 -148 61190921
-203 -2 -4005 -6 26 -19 -54 -152 -148 61190921
-213 -6 -4032 -1 26 -14 -55 -147 -147 61190933
-198 -9 -4012 -15 26 -24 -55 -147 -147 61190933
-197 -23 -4018 -20 25 -17 -47 -143 -153 61190936
-188 -47 -3969 -23 25 -14 -47 -143 -153 61190954
-168 -67 -3981 -21 25 -23 -47 -149 -153 61190954
-163 -63 -4011 -21 23 -23 -47 -149 -153 61190963
-141 -67 -4046 -15 21 -20 -53 -141 -153 61190963
-133 -73 -4048 -13 20 -20 -53 -141 -153 61190968
-139 -35 -4060 -15 19 -15 -52 -148 -158 61190971
-117 -59 -4022 -11 20 -18 -52 -148 -158 61190971
-134 -49 -4004 -3 23 -5 -59 -139 -153 61190982
-139 -42 -4016 0 22 -17 -59 -139 -153 61190982
-179 -28 -4034 -12 19 -11 -48 -150 -150 61190986
-150 -1 -3976 -3 20 -11 -48 -150 -150 61191001
-183 -5 -3971 22 27 -7 -47 -147 -151 61191001
-175 -3 -3983 31 32 -20 -47 -147 -151 61191008
-173 20 -3974 33 31 -23 -56 -150 -148 61191008
-171 7 -4001 22 26 -16 -56 -150 -148 61191010
-169 6 -4014 9 24 -15 -58 -146 -152 61191022
-194 -8 -4009 -9 22 -18 -58 -146 -152 61191022
-188 -27 -3985 -23 21 -21 -52 -148 -150 61191031
-181 -30 -3994 -16 22 -22 -52 -148 -150 61191031
-207 -47 -4016 -17 24 -20 -57 -147 -145 61191036
-175 -64 -4001 -13 22 -13 -57 -147 -145 61191054
-196 -87 -4000 -18 23 -19 -52 -150 -150 61191054
-163 -102 -4021 -14 22 -6 -52 -150 -150 61191062
-158 -95 -4025 -25 20 -18 -47 -147 -149 61191062
-160 -94 -4020 -26 22 -17 -47 -147 -149 61191064
-150 -79 -4014 -21 21 -15 -47 -141 -151 61191071
-151 -70 -4009 -13 21 -13 -47 -141 -151 61191071
-167 -51 -3987 -19 19 -15 -47 -151 -151 61191083
-186 -40 -4004 -35 14 -15 -47 -151 -151 61191083
-165 -7 -4026 -45 13 -14 -50 -148 -140 61191093
-178 -12 -4004 -52 11 -12 -50 -148 -140 61191093
-163 7 -3992 -55 8 -14 -46 -154 -148 61191105
-152 7 -3991 -67 5 -14 -46 -154 -148 61191108
-180 9 -3977 -77 3 -13 -51 -147 -153 61191108
-184 22 -3993 -82 2 -18 -51 -147 -153 61191117
-200 24 -3988 -73 4 -14 -54 -146 -148 61191117
-178 -1 -4023 -61 11 -16 -54 -146 -148 61191120
-184 -17 -3988 -47 17 -21 -42 -148 -146 61191133
-176 -39 -4004 -51 17 -25 -42 -148 -146 61191133
-154 -53 -4010 -41 16 -21 -53 -141 -151 61191163
-147 -58 -4024 -35 18 -19 -53 -141 -151 61191163
-147 -79 -4027 -35 20 -19 -48 -144 -146 61191168
-163 -95 -4013 -40 24 -18 -48 -144 -146 61191173
-119 -174 -4027 -44 19 -42 -50 -146 -150 61191173
-22 -427 -4050 -49 19 -131 -50 -146 -150 61191178
-165 -108 -4038 -69 15 -372 -42 -142 -158 61191178
-123 -134 -4027 -92 9 -429 -42 -142 -158 61191183
-27 -355 -4034 -109 7 -519 -53 -145 -153 61191187
-4 -321 -3961 -132 3 -771 -53 -145 -153 61191187
184 -675 -3974 -85 11 -1054 -57 -145 -149 61191192
-251 166 -3954 -148 -4 -1504 -57 -145 -149 61191192
-331 244 -4032 -85 12 -1555 -52 -148 -154 61191195
-399 412 -4030 -102 8 -1341 -52 -148 -154 61191205
-394 477 -3991 -73 21 -1014 -53 -143 -147 61191205
-298 292 -4006 -44 27 -653 -53 -143 -147 61191220
-253 184 -3982 -23 27 -392 -57 -143 -151 61191220
-159 23 -3974 -21 31 -250 -57 -143 -151 61191225
-158 20 -3990 -23 30 -248 -49 -145 -153 61191228
-137 144 -4006 -22 30 -271 -49 -145 -153 61191228
20 81 -4027 -28 26 -349 -54 -146 -152 61191242
56 0 -4064 -41 28 -641 -54 -146 -152 61191242
263 -57 -4055 -68 28 -1122 -52 -150 -156 61191262
-162 -46 -3985 -90 17 -1670 -52 -150 -156 61191262
-180 71 -4019 -80 15 -1766 -44 -144 -152 61191263
-127 17 -4026 -73 20 -1803 -44 -144 -152 61191267
-233 -154 -4017 -62 16 -1778 -55 -147 -147 61191267
-383 -35 -4005 -65 17 -1651 -55 -147 -147 61191277
-154 -26 -4014 -69 15 -1400 -52 -142 -158 61191277
-228 -65 -4003 -62 12 -1332 -52 -142 -158 61191281
-216 -38 -3964 -83 11 -1344 -50 -144 -154 61191292
-175 -14 -3988 -62 13 -1349 -50 -144 -154 61191292
-180 -69 -3972 -53 16 -1323 -48 -148 -152 61191308
-278 -248 -3971 -51 17 -1355 -48 -148 -152 61191308
-361 -69 -3997 -54 18 -1275 -52 -152 -146 61191314
-165 -46 -4005 -60 24 -1072 -52 -152 -146 61191318
-235 0 -3983 -47 26 -1059 -48 -150 -154 61191318
-246 -17 -4015 -21 29 -1006 -48 -150 -154 61191328
-105 -120 -4007 -45 25 -922 -49 -145 -159 61191328
-188 82 -4000 -59 19 -1031 -49 -145 -159 61191332
-36 -180 -4041 -47 21 -1012 -47 -143 -147 61191341
66 -454 -4059 -53 16 -1285 -47 -143 -147 61191341
-224 -480 -4069 -54 16 -1840 -51 -137 -159 61191361
-358 75 -4038 -84 17 -2301 -51 -137 -159 61191361
-109 -374 -4018 -66 16 -2025 -52 -142 -152 61191370
-274 -68 -4033 -69 7 -2034 -52 -142 -152 61191370
-362 -117 -4078 -55 6 -2291 -47 -145 -159 61191374
-144 -241 -4022 -88 9 -2891 -47 -145 -159 61191378
-107 -314 -4034 -114 -1 -3302 -51 -137 -155 61191378
-140 -145 -3978 -111 7 -3525 -51 -137 -155 61191389
55 33 -3975 -115 4 -3415 -54 -146 -144 61191389
-195 183 -3941 -143 2 -3234 -54 -146 -144 61191394
-78 77 -4105 -100 8 -2785 -49 -141 -159 61191413
-230 177 -3997 -118 7 -2295 -49 -141 -159 61191413
-152 146 -4016 -72 15 -1835 -46 -140 -148 61191421
-389 113 -4051 -82 11 -1682 -46 -140 -148 61191421
-209 96 -3983 -61 23 -1447 -44 -138 -146 61191424
-19 -325 -3973 -51 21 -1288 -44 -138 -146 61191428
-78 -149 -3963 -93 12 -1519 -50 -140 -156 61191428
-17 -68 -4038 -60 20 -1606 -50 -140 -156 61191438
-200 18 -4027 -59 21 -1652 -49 -129 -149 61191438
5 -206 -4002 -68 16 -1668 -49 -129 -149 61191442
-39 -221 -4010 -71 19 -1913 -49 -131 -157 61191464
-241 101 -4010 -81 9 -1993 -49 -131 -157 61191464
68 -509 -4069 -65 13 -1912 -54 -136 -152 61191472
131 -112 -4023 -116 9 -2370 -54 -136 -152 61191472
86 -84 -3905 -122 7 -2823 -49 -135 -149 61191481
-174 77 -3981 -103 6 -3178 -49 -135 -149 61191481
-180 -106 -3998 -105 13 -3225 -45 -133 -153 61191482
-349 187 -3935 -131 9 -3280 -45 -133 -153 61191488
-215 13 -4023 -93 12 -3220 -50 -130 -148 61191488
-410 -19 -3950 -125 13 -3134 -50 -130 -148 61191502
-332 38 -3809 -121 12 -2944 -53 -135 -155 61191502
-237 -245 -3973 -82 15 -2751 -53 -135 -155 61191512
-284 -55 -3932 -89 15 -2663 -47 -129 -157 61191515
-256 42 -3998 -84 21 -2538 -47 -129 -157 61191515
-253 -126 -3924 -87 19 -2612 -51 -139 -145 61191523
-187 -278 -3995 -61 21 -2702 -51 -139 -145 61191523
-26 -335 -4041 -115 14 -2724 -49 -133 -153 61191528
-143 -93 -3977 -103 22 -2940 -49 -133 -153 61191537
-211 -53 -3988 -115 15 -2908 -51 -129 -147 61191537
-255 209 -3909 -88 10 -2728 -51 -129 -147 61191551
-345 257 -3987 -96 15 -2424 -48 -136 -146 61191551
-59 35 -4034 -48 19 -2090 -48 -136 -146 61191564
-209 239 -4080 -64 15 -2025 -50 -132 -154 61191568
186 -369 -4035 -67 22 -1919 -50 -132 -154 61191568
-85 1 -4007 -78 7 -2382 -54 -134 -144 61191576
-21 195 -4028 -100 4 -2684 -54 -134 -144 61191576
-105 176 -4037 -88 12 -2887 -48 -134 -162 61191577
-159 52 -4148 -116 12 -2920 -48 -134 -162 61191584
-90 30 -3916 -113 4 -2986 -47 -131 -151 61191584
-308 207 -3796 -126 7 -3096 -47 -131 -151 61191621
-379 51 -3992 -106 11 -2954 -48 -136 -146 61191621
-464 -13 -3974 -94 8 -2724 -48 -136 -146 61191622
-469 -88 -4127 -79 17 -2274 -48 -130 -152 61191624
-234 -192 -3961 -84 21 -1925 -48 -130 -152 61191624
-69 -244 -4000 -91 19 -2059 -54 -126 -160 61191631
22 -356 -4006 -54 22 -2365 -54 -126 -160 61191631
-32 -231 -4065 -102 11 -2749 -47 -129 -145 61191636
-143 -52 -3968 -92 14 -2899 -47 -129 -145 61191636
-19 -135 -3983 -103 11 -2905 -53 -139 -143 61191641
-197 142 -4005 -123 5 -3032 -53 -139 -143 61191647
-47 171 -4072 -84 10 -2818 -48 -132 -142 61191647
28 62 -4069 -113 11 -2675 -48 -132 -142 61191669
157 -49 -3998 -109 4 -2846 -51 -125 -147 61191669
-54 5 -4031 -117 7 -3120 -51 -125 -147 61191672
-223 11 -3967 -117 5 -3199 -44 -130 -144 61191677
-235 32 -4119 -115 8 -3186 -44 -130 -144 61191677
-190 -212 -4030 -97 10 -3092 -47 -123 -157 61191686
-553 95 -3943 -135 6 -3011 -47 -123 -157 61191686
-348 6 -4039 -93 11 -2694 -43 -125 -153 61191689
-310 -75 -4046 -100 21 -2439 -43 -125 -153 61191699
-428 -281 -3966 -77 14 -2262 -43 -133 -157 61191699
-514 -24 -4052 -72 17 -2070 -43 -133 -157 61191719
-366 -129 -3941 -84 23 -1788 -48 -126 -158 61191719
-105 -305 -4019 -43 24 -1651 -48 -126 -158 61191724
-34 -228 -4037 -72 25 -1864 -46 -124 -152 61191728
90 -417 -3990 -55 24 -2090 -46 -124 -152 61191728
-45 -319 -4163 -90 17 -2477 -43 -125 -155 61191734
-159 -15 -3990 -122 15 -2773 -43 -125 -155 61191734
-93 -249 -4073 -80 17 -2825 -45 -123 -145 61191737
-207 -130 -4059 -107 15 -2851 -45 -123 -145 61191745
-290 127 -4070 -109 10 -2694 -48 -126 -156 61191745
-106 -218 -4071 -91 11 -2476 -48 -126 -156 61191771
-59 -181 -3964 -105 9 -2454 -42 -122 -148 61191771
-20 6 -4072 -109 7 -2587 -42 -122 -148 61191776
-225 95 -4010 -84 10 -2681 -45 -125 -157 61191781
-339 359 -4086 -75 9 -2514 -45 -125 -157 61191782
-258 196 -4024 -103 7 -2106 -44 -118 -158 61191786
-203 -68 -3987 -90 10 -1860 -44 -118 -158 61191786
-362 -193 -4021 -59 18 -1793 -45 -125 -159 61191794
-274 -62 -3930 -78 22 -1753 -45 -125 -159 61191794
-148 -242 -4044 -67 17 -1693 -38 -124 -142 61191798
-188 -393 -3932 -86 23 -1823 -38 -124 -142 61191808
164 -389 -3921 -69 34 -2110 -46 -112 -160 61191808
-291 -205 -4064 -111 19 -2704 -46 -112 -160 61191826
-308 -70 -4097 -120 20 -2875 -46 -118 -146 61191826
-130 -20 -4029 -128 17 -2794 -46 -118 -146 61191827
-314 172 -4010 -103 23 -2725 -43 -113 -149 61191833
-186 155 -4054 -102 22 -2629 -43 -113 -149 61191833
-26 -224 -4018 -104 21 -2541 -41 -119 -149 61191844
-2 -265 -3921 -103 19 -2595 -41 -119 -149 61191844
191 -772 -4023 -105 5 -2955 -38 -118 -146 61191847
-34 -569 -4143 -156 7 -3591 -38 -118 -146 61191882
-26 -721 -3958 -143 -1 -4012 -39 -109 -153 61191882
-4 -786 -4232 -138 11 -4394 -39 -109 -153 61191888
-266 -156 -3957 -171 -2 -4802 -45 -121 -143 61191888
-141 -439 -3974 -164 4 -4939 -45 -121 -143 61191890
-450 130 -4007 -181 5 -5042 -46 -122 -146 61191894
-281 -32 -4065 -149 0 -4641 -46 -122 -146 61191894
-360 243 -3903 -163 8 -4408 -37 -111 -149 61191902
-716 674 -4102 -102 7 -3985 -37 -111 -149 61191902
-445 601 -3900 -107 10 -3267 -42 -114 -144 61191903
-590 810 -4070 -79 19 -2576 -42 -114 -144 61191907
-494 546 -3984 -51 18 -1845 -34 -108 -142 61191907
-264 229 -4010 -51 23 -1315 -34 -108 -142 61191926
-231 -30 -4077 -35 28 -1076 -29 -109 -145 61191926
-443 364 -4029 -49 18 -940 -29 -109 -145 61191927
-123 -40 -4030 -32 24 -579 -31 -113 -143 61191931
1 -135 -4031 -43 24 -600 -31 -113 -143 61191931
75 -208 -4016 -49 22 -882 -35 -111 -139 61191944
-71 -142 -4080 -39 19 -1258 -35 -111 -139 61191944
-165 -136 -4087 -38 14 -1429 -39 -117 -137 61191956
-91 -307 -3957 -51 18 -1495 -39 -117 -137 61191956
-267 -60 -4013 -51 12 -1542 -30 -118 -136 61191959
-241 39 -3974 -71 12 -1373 -30 -118 -136 61191974
-85 -176 -3980 -58 12 -1225 -42 -116 -140 61191974
-39 -152 -4040 -39 13 -1305 -42 -116 -140 61191982
74 -532 -3984 -63 15 -1563 -34 -104 -130 61191982
-212 85 -3953 -69 14 -1980 -34 -104 -130 61191986
-155 97 -4015 -55 17 -2113 -32 -102 -142 61191995
-132 -60 -3977 -52 18 -2108 -32 -102 -142 61191995
-215 15 -4096 -65 16 -2166 -28 -110 -138 61192003
-254 -32 -3938 -81 15 -2192 -28 -110 -138 61192003
-447 387 -3973 -67 10 -2062 -34 -110 -132 61192009
-376 67 -4047 -47 20 -1671 -34 -110 -132 61192028
-123 -222 -4016 -40 23 -1476 -34 -104 -138 61192028
-129 -67 -3985 -67 23 -1556 -34 -104 -138 61192037
-473 278 -4023 -62 20 -1609 -37 -99 -141 61192037
-331 100 -4029 -40 21 -1267 -37 -99 -141 61192040
-157 -95 -4030 -35 18 -1015 -38 -98 -142 61192043
-188 -5 -4050 -41 21 -1030 -38 -98 -142 61192043
-137 -56 -4004 -47 19 -1036 -31 -99 -143 61192055
-254 147 -4029 -38 19 -981 -31 -99 -143 61192055
-142 17 -4015 -31 15 -823 -30 -106 -134 61192077
-132 -146 -3987 -22 13 -826 -30 -106 -134 61192077
-61 -208 -4040 -24 15 -888 -27 -103 -135 61192081
-257 12 -4020 -41 15 -988 -27 -103 -135 61192084
-86 -76 -3978 -59 16 -849 -27 -111 -137 61192084
-80 -100 -4001 -50 14 -926 -27 -111 -137 61192093
-4 -117 -4021 -46 15 -1077 -37 -99 -143 61192093
127 -154 -3950 -47 18 -1283 -37 -99 -143 61192095
169 -499 -4043 -45 25 -1685 -29 -105 -135 61192107
57 -478 -3986 -82 19 -2189 -29 -105 -135 61192107
-30 -286 -4064 -110 14 -2569 -29 -107 -135 61192114
-93 -351 -4157 -89 18 -2982 -29 -107 -135 61192114
-202 -335 -4149 -87 19 -3310 -37 -99 -131 61192127
-582 284 -4192 -129 16 -3251 -37 -99 -131 61192132
-263 -13 -4106 -91 16 -2856 -31 -103 -133 61192132
-246 144 -4047 -119 17 -2746 -31 -103 -133 61192140
-284 -54 -4032 -129 23 -2697 -28 -90 -140 61192140
-144 -176 -3778 -167 37 -2588 -28 -90 -140 61192141
-269 -68 -4112 -43 4 -2465 -28 -98 -140 61192151
-106 -532 -4115 -67 17 -2394 -28 -98 -140 61192151
-166 10 -3957 -145 24 -2653 -36 -100 -136 61192187
-278 252 -3919 -154 27 -2474 -36 -100 -136 61192187
-141 44 -4034 -73 17 -2225 -28 -102 -132 61192189
-272 229 -3883 -122 23 -2154 -28 -102 -132 61192194
-283 242 -3960 -104 20 -1838 -22 -98 -130 61192194
-344 317 -3965 -107 26 -1460 -22 -98 -130 61192200
-199 200 -4028 -86 25 -1081 -23 -99 -133 61192200
-63 -80 -3993 -90 27 -969 -23 -99 -133 61192207
-32 -80 -4014 -69 23 -1063 -28 -98 -130 61192207
65 -407 -4022 -36 12 -1238 -28 -98 -130 61192210
204 -289 -4033 -48 15 -1632 -28 -100 -134 61192213
329 -664 -4010 -125 22 -2295 -28 -100 -134 61192213
29 -449 -4030 -92 10 -3004 -31 -95 -125 61192229
35 -438 -4147 -62 3 -3456 -31 -95 -125 61192229
211 -1021 -4076 -61 3 -3898 -26 -98 -132 61192232
34 -1034 -4031 -59 -1 -4562 -26 -98 -132 61192238
-53 -970 -4284 -98 0 -5181 -24 -96 -136 61192238
-207 -875 -4084 -132 5 -5667 -24 -96 -136 61192253
-135 -536 -4089 -107 -8 -6029 -23 -99 -131 61192253
-424 -84 -4105 -202 -1 -6249 -23 -99 -131 61192256
-361 450 -4022 -213 7 -6049 -18 -92 -124 61192287
-56 264 -4035 -176 6 -5731 -18 -92 -124 61192287
-20 469 -4082 -208 0 -5666 -26 -86 -124 61192294
-191 337 -3917 -251 18 -5512 -26 -86 -124 61192294
-349 613 -4107 -182 9 -5285 -19 -85 -123 61192300
-531 641 -4072 -210 18 -4846 -19 -85 -123 61192303
-672 671 -3886 -199 24 -4190 -15 -79 -129 61192303
-636 521 -4015 -140 21 -3483 -15 -79 -129 61192308
-476 439 -4019 -132 20 -2826 -16 -84 -124 61192308
-315 473 -3904 -144 26 -2336 -16 -84 -124 61192311
-33 105 -4030 -89 20 -2054 -20 -78 -124 61192316
79 -16 -4070 -108 24 -2125 -20 -78 -124 61192316
152 39 -4055 -188 35 -2353 -18 -78 -116 61192332
198 -139 -4060 -239 44 -2642 -18 -78 -116 61192332
382 -272 -4031 -271 46 -3066 -6 -80 -120 61192336
471 -566 -4038 -283 47 -3741 -6 -80 -120 61192339
240 -884 -3939 -317 55 -4373 -13 -89 -123 61192340
140 -905 -4029 -346 58 -4953 -13 -89 -123 61192353
115 -592 -4002 -376 60 -5501 -11 -85 -123 61192353
261 -440 -4109 -389 67 -6050 -11 -85 -123 61192361
-285 -235 -4108 -479 85 -6434 -13 -79 -113 61192361
-537 176 -3895 -566 100 -6506 -13 -79 -113 61192365
-991 173 -3905 -430 91 -5795 -17 -71 -113 61192386
-1081 401 -3926 -230 53 -5006 -17 -71 -113 61192386
-919 561 -4002 -16 16 -4112 -18 -74 -118 61192394
-667 187 -3854 93 -2 -3196 -18 -74 -118 61192394
-518 223 -4140 205 -25 -2588 -12 -70 -116 61192399
-285 -48 -3991 107 -6 -2107 -12 -70 -116 61192402
-157 -108 -3957 20 8 -2015 -12 -74 -124 61192402
-114 -124 -4067 26 3 -2151 -12 -74 -124 61192410
-112 -226 -3929 53 1 -2236 -15 -75 -125 61192410
-26 -48 -4011 119 -13 -2372 -15 -75 -125 61192414
-218 -74 -4073 108 -15 -2570 -14 -64 -108 61192424
-262 31 -4113 26 -1 -2433 -14 -64 -108 61192424
-474 -438 -4184 119 -5 -2232 -14 -66 -116 61192439
-260 -222 -4294 203 -27 -1879 -14 -66 -116 61192440
118 -208 -3729 -142 32 -1667 -10 -70 -114 61192441
169 -315 -4160 25 -5 -1983 -10 -70 -114 61192451
251 -42 -3991 -123 14 -2376 -11 -69 -123 61192451
457 -89 -3975 -129 17 -2766 -11 -69 -123 61192462
645 -132 -3976 -129 12 -3421 0 -68 -122 61192462
589 74 -4167 -208 20 -4199 0 -68 -122 61192464
293 49 -4069 -312 38 -4757 -8 -64 -114 61192472
124 214 -4121 -342 42 -5098 -8 -64 -114 61192472
-349 157 -3993 -356 50 -5149 -4 -54 -118 61192492
-429 119 -3971 -362 58 -4926 -4 -54 -118 61192492
-620 135 -4063 -368 63 -4513 5 -63 -115 61192493
-570 140 -4033 -456 84 -3919 5 -63 -115 61192497
-600 163 -4021 -510 92 -3419 -1 -57 -117 61192497
-429 154 -3953 -516 107 -2938 -1 -57 -117 61192509
-244 70 -3913 -459 102 -2638 1 -65 -117 61192509
-328 -54 -3871 -371 86 -2499 1 -65 -117 61192523
-378 -123 -3980 -202 55 -2253 4 -54 -116 61192523
-350 -75 -3943 -79 37 -2008 4 -54 -116 61192526
-332 -162 -3944 61 12 -1745 -1 -59 -117 61192537
-402 -111 -3974 178 -12 -1487 -1 -59 -117 61192537
-212 -50 -4109 226 -31 -1172 -3 -65 -119 61192547
-56 21 -4080 155 -13 -1054 -3 -65 -119 61192547
-127 -80 -4096 71 5 -1107 4 -60 -116 61192552
21 -85 -4218 -38 27 -1127 4 -60 -116 61192561
119 -46 -4277 -288 69 -1273 -3 -55 -125 61192561
31 -136 -4268 -574 117 -1531 -3 -55 -125 61192572
48 -48 -4156 -891 174 -1763 0 -58 -118 61192572
224 -17 -4203 -1098 203 -1968 0 -58 -118 61192575
367 -4 -4205 -1314 237 -2334 -2 -56 -120 61192592
-33 -164 -3879 -1575 276 -2791 -2 -56 -120 61192592
-190 -182 -3212 -1390 228 -2862 -2 -56 -116 61192597
-541 -3 -3744 -598 135 -2792 -2 -56 -116 61192597
-181 -389 -3795 -200 94 -2476 -4 -58 -122 61192602
-171 -39 -4209 -25 69 -2492 -4 -58 -122 61192607
-124 -1 -4063 -120 79 -2464 3 -63 -125 61192607
-190 -204 -3774 -98 83 -2465 3 -63 -125 61192622
-382 -134 -3960 154 64 -2531 6 -54 -116 61192622
-488 -7 -4075 210 48 -2223 6 -54 -116 61192625
-224 -83 -3881 201 36 -1864 3 -57 -113 61192640
-361 132 -4122 281 22 -1767 3 -57 -113 61192644
-277 128 -4134 240 26 -1528 6 -60 -118 61192647
-265 131 -4108 170 27 -1342 6 -60 -118 61192647
-29 -5 -4146 52 37 -1213 -4 -48 -122 61192657
31 90 -4119 -131 61 -1415 -4 -48 -122 61192657
-161 105 -3972 -304 84 -1599 3 -49 -115 61192661
-55 -1 -3982 -275 77 -1704 3 -49 -115 61192672
-94 57 -3890 -202 75 -1903 8 -44 -116 61192672
-141 118 -3901 -87 63 -1986 8 -44 -116 61192692
-141 -68 -3992 52 51 -1969 -2 -50 -118 61192692
-375 104 -4234 65 46 -1897 -2 -50 -118 61192693
-165 -142 -3651 -132 61 -1410 7 -49 -121 61192697
30 -320 -3720 225 26 -1357 7 -49 -121 61192697
-146 -136 -4126 586 -25 -1608 -3 -51 -131 61192706
-12 -209 -3954 474 -23 -1502 -3 -51 -131 61192706
27 -316 -4050 531 -34 -1573 11 -57 -121 61192710
4 -283 -4130 478 -35 -1773 11 -57 -121 61192722
-49 -129 -4135 380 -21 -1942 15 -43 -117 61192722
127 -365 -3836 259 -4 -2020 15 -43 -117 61192744
-142 -52 -3826 343 -22 -2255 11 -47 -127 61192744
-190 -20 -3839 558 -53 -2403 11 -47 -127 61192747
-364 335 -4009 801 -99 -2398 16 -42 -126 61192752
-497 450 -4292 852 -121 -2111 16 -42 -126 61192752
-298 178 -4119 604 -91 -1758 14 -36 -122 61192758
-420 320 -4274 414 -64 -1523 14 -36 -122 61192758
-220 141 -4042 161 -18 -1187 14 -32 -120 61192767
-154 141 -4104 103 -9 -1151 14 -32 -120 61192767
-146 145 -3993 -1 13 -1157 22 -38 -116 61192770
-92 51 -4075 -26 11 -1169 22 -38 -116 61192794
-160 -108 -4061 -87 25 -1205 17 -43 -119 61192794
-98 -139 -4061 -109 28 -1354 17 -43 -119 61192803
-97 -57 -3970 -139 32 -1620 21 -37 -121 61192803
-108 -16 -4010 -198 43 -1674 21 -37 -121 61192807
-138 -26 -3963 -270 53 -1710 18 -32 -124 61192811
-127 -141 -4043 -265 56 -1769 18 -32 -124 61192811
-131 -220 -3928 -264 60 -1855 17 -37 -127 61192819
0 -204 -4028 -197 49 -1881 17 -37 -127 61192819
96 -179 -3908 -194 47 -2024 33 -37 -111 61192822
-122 -2 -3951 -130 29 -2195 33 -37 -111 61192831
-95 -135 -3846 -40 21 -2047 21 -43 -125 61192831
-118 -339 -3842 151 -20 -1988 21 -43 -125 61192850
-20 -185 -4125 317 -55 -2156 34 -38 -126 61192850
-110 75 -4077 165 -27 -2272 34 -38 -126 61192853
-39 -150 -3980 6 2 -2156 25 -37 -129 61192858
32 -139 -3986 -40 9 -2180 25 -37 -129 61192858
-19 -243 -4117 8 -3 -2321 27 -39 -125 61192868
0 -237 -4184 3 -2 -2510 27 -39 -125 61192868
-101 -250 -3830 -90 20 -2620 37 -39 -119 61192871
-189 63 -3864 -56 11 -2619 37 -39 -119 61192897
-164 -59 -4043 -37 6 -2490 31 -53 -119 61192897
-116 -24 -3993 -65 16 -2439 31 -53 -119 61192904
-227 -144 -3935 -41 10 -2439 31 -51 -125 61192904
-131 -41 -4034 10 0 -2331 31 -51 -125 61192911
-109 -208 -3965 -63 11 -2333 35 -51 -125 61192914
-121 31 -4061 -78 9 -2337 35 -51 -125 61192914
14 -98 -4116 -114 19 -2354 35 -49 -135 61192919
-127 118 -4070 -145 24 -2536 35 -49 -135 61192919
-119 92 -4140 -130 19 -2552 33 -45 -129 61192927
-161 5 -4062 -160 25 -2600 33 -45 -129 61192927
-152 117 -3917 -180 31 -2602 42 -60 -128 61192932
-144 -107 -4042 -119 21 -2438 42 -60 -128 61192949
-142 88 -4031 -117 24 -2357 43 -61 -129 61192949
-133 -80 -4149 -121 27 -2175 43 -61 -129 61192952
-287 162 -3863 -175 36 -1947 45 -55 -135 61192957
-94 -275 -4055 -121 25 -1570 45 -55 -135 61192957
7 -449 -4105 -144 35 -1520 52 -60 -132 61192967
108 -370 -3944 -192 42 -1608 52 -60 -132 61192967
55 -365 -4031 -195 38 -1754 52 -58 -122 61192976
35 -454 -3891 -212 45 -1927 52 -58 -122 61192976
9 -334 -4008 -97 21 -2169 47 -59 -131 61192981
29 -287 -3987 -82 18 -2441 47 -59 -131 61193001
-168 -210 -3878 -77 21 -2674 48 -64 -128 61193001
-163 -305 -4025 -21 8 -2797 48 -64 -128 61193011
-76 -235 -4052 -6 2 -2997 46 -56 -142 61193011
73 -189 -4126 -48 4 -3238 46 -56 -142 61193012
253 -515 -3888 -117 17 -3592 50 -48 -140 61193016
141 -338 -4157 -49 -1 -4164 50 -48 -140 61193016
-269 -158 -4077 -117 8 -4512 57 -49 -139 61193027
-468 -35 -4110 -121 10 -4430 57 -49 -139 61193027
-287 -222 -4008 -139 13 -4229 62 -56 -144 61193031
-163 -196 -4136 -128 12 -4216 62 -56 -144 61193040
-18 -360 -4064 -162 17 -4351 67 -63 -149 61193040
-153 -252 -4145 -126 10 -4621 67 -63 -149 61193055
-305 -61 -4068 -162 20 -4705 69 -53 -145 61193055
-56 -276 -4042 -212 24 -4668 69 -53 -145 61193063
-318 -55 -4364 -197 26 -4721 76 -52 -142 61193063
-199 -74 -4007 -269 45 -4531 76 -52 -142 61193067
-188 -135 -4097 -258 35 -4529 87 -61 -135 61193078
-178 -127 -4049 -266 43 -4603 87 -61 -135 61193078
-195 -90 -4054 -340 54 -4549 85 -65 -145 61193087
-148 -221 -3970 -402 67 -4609 85 -65 -145 61193087
-330 224 -4034 -345 58 -4740 93 -71 -151 61193100
-362 274 -4060 -402 74 -4350 93 -71 -151 61193105
-55 -222 -3846 -506 95 -3768 92 -72 -162 61193105
34 -154 -3814 -378 76 -3814 92 -72 -162 61193114
-20 -197 -3923 -101 31 -3917 98 -74 -152 61193114
-377 311 -4088 43 4 -3949 98 -74 -152 61193119
-397 344 -4110 -33 18 -3624 108 -78 -142 61193127
-397 423 -4100 -180 43 -3189 108 -78 -142 61193127
-291 313 -4069 -329 71 -2697 111 -81 -155 61193138
-161 135 -4021 -398 86 -2315 111 -81 -155 61193138
-39 -50 -3869 -376 87 -2147 109 -85 -147 61193153
-21 -121 -3855 -243 64 -2164 109 -85 -147 61193157
-215 208 -4030 -75 35 -2281 113 -79 -155 61193157
-354 365 -4121 -66 30 -2118 113 -79 -155 61193162
-216 178 -4032 -189 54 -1729 115 -89 -157 61193162
-104 77 -3883 -227 64 -1483 115 -89 -157 61193166
-59 -45 -3869 -126 47 -1430 118 -88 -144 61193178
-29 -69 -3922 60 17 -1550 118 -88 -144 61193178
-72 -87 -3987 220 -11 -1734 109 -97 -151 61193187
-188 84 -4050 286 -24 -1827 109 -97 -151 61193187
-251 178 -4070 241 -23 -1882 113 -95 -151 61193203
-279 221 -4172 141 -9 -1873 113 -95 -151 61193211
-252 136 -4107 -9 17 -1909 122 -94 -158 61193211
-141 -34 -4102 -103 34 -1898 122 -94 -158 61193217
-53 -182 -4101 -195 49 -1853 121 -91 -157 61193217
18 -184 -3843 -266 58 -2254 121 -91 -157 61193224
3 -78 -4034 -166 42 -2595 141 -95 -149 61193224
7 -154 -3860 -163 46 -2707 141 -95 -149 61193226
159 -336 -4021 -53 28 -2713 124 -96 -154 61193238
91 -194 -4088 -45 30 -2908 124 -96 -154 61193238
-177 -53 -3919 -135 47 -3056 134 -104 -152 61193257
-229 159 -4049 -83 37 -2911 134 -104 -152 61193257
-290 246 -3990 -26 27 -2642 126 -110 -152 61193259
-182 -19 -3941 -1 22 -2267 126 -110 -152 61193262
9 -158 -3949 74 10 -2091 136 -110 -154 61193262
-65 -66 -4060 190 -12 -2126 136 -110 -154 61193274
-81 -61 -3939 221 -17 -2152 132 -110 -156 61193274
-217 128 -4114 283 -31 -2054 132 -110 -156 61193277
-547 549 -4277 191 -18 -1878 133 -117 -151 61193287
-417 236 -4004 -69 28 -1268 133 -117 -151 61193287
-34 -225 -3959 -156 45 -794 141 -113 -151 61193308
-37 -177 -4031 -76 29 -854 141 -113 -151 61193308
113 -371 -3897 -18 19 -1053 138 -110 -152 61193310
107 -336 -3902 92 -4 -1458 138 -110 -152 61193313
182 -205 -4197 113 -17 -1966 139 -123 -155 61193313
125 -169 -4088 -66 9 -2805 139 -123 -155 61193326
26 -181 -4069 -157 29 -3612 137 -127 -147 61193326
-116 -114 -4024 -258 45 -4022 137 -127 -147 61193329
2 -221 -4057 -240 41 -4163 138 -124 -148 61193333
-50 -150 -3974 -245 40 -4286 138 -124 -148 61193333
35 -137 -3996 -251 44 -4570 145 -127 -147 61193358
-110 112 -3969 -252 45 -4919 145 -127 -147 61193358
-365 258 -4050 -234 45 -4910 150 -130 -152 61193366
-349 -3 -3872 -320 63 -4362 150 -130 -152 61193366
46 -190 -4079 -195 45 -3845 147 -149 -147 61193371
82 -267 -3977 -172 39 -3868 147 -149 -147 61193375
-120 -215 -3676 -44 27 -4035 141 -149 -143 61193375
-63 -219 -4043 226 -25 -3994 141 -149 -143 61193386
-146 141 -4291 158 -24 -3944 154 -142 -138 61193386
-265 172 -4112 -129 21 -3841 154 -142 -138 61193391
-57 -133 -3949 -218 41 -3621 148 -164 -142 61193408
-113 -155 -3959 -120 21 -3518 148 -164 -142 61193408
-307 159 -3990 -139 23 -3527 151 -163 -141 61193415
-383 147 -4043 -140 29 -3104 151 -163 -141 61193415
-210 -20 -4064 -137 25 -2568 145 -171 -139 61193419
-198 25 -4046 -139 28 -2431 145 -171 -139 61193423
-222 38 -3979 -119 31 -2362 147 -163 -137 61193423
-129 -10 -3975 -97 24 -2197 147 -163 -137 61193435
-39 -14 -4007 -46 16 -2126 152 -174 -134 61193435
-227 190 -4180 -91 22 -2216 152 -174 -134 61193439
-108 -90 -4104 -247 53 -2210 150 -178 -134 61193447
-105 12 -3925 -301 66 -2382 150 -178 -134 61193447
-62 -82 -3830 -170 46 -2409 156 -180 -136 61193465
-15 -63 -3934 -4 14 -2329 156 -180 -136 61193465
12 -149 -3894 95 -3 -2398 146 -184 -124 61193470
-41 -119 -3994 245 -32 -2501 146 -184 -124 61193473
-171 171 -4252 217 -31 -2547 153 -183 -131 61193473
-291 291 -4041 -5 7 -2429 153 -183 -131 61193485
-279 314 -4113 -100 22 -2078 155 -193 -133 61193485
-193 86 -3946 -119 29 -1699 155 -193 -133 61193490
-98 27 -4027 -34 13 -1509 141 -191 -131 61193493
-192 44 -3935 -32 15 -1500 141 -191 -131 61193493
-205 -13 -4020 53 3 -1374 153 -191 -133 61193514
-214 114 -4113 33 7 -1137 153 -191 -133 61193514
-198 81 -3862 -57 27 -952 142 -198 -128 61193522
-180 11 -4058 24 14 -761 142 -198 -128 61193522
-105 -73 -4077 -19 23 -661 144 -194 -126 61193523
-114 0 -4145 -36 26 -730 144 -194 -126 61193533
5 -111 -3981 -95 36 -799 155 -203 -123 61193533
196 -378 -3922 -79 29 -1011 155 -203 -123 61193543
325 -521 -4088 5 8 -1647 159 -191 -131 61193543
331 -224 -4016 -115 28 -2541 159 -191 -131 61193546
172 -456 -3949 -182 37 -3300 146 -208 -128 61193561
114 -379 -3896 -136 28 -3797 146 -208 -128 61193561
-84 -53 -3928 -181 33 -4288 143 -203 -127 61193568
-203 42 -3871 -231 35 -4409 143 -203 -127 61193568
-57 -502 -3813 -174 29 -4381 148 -200 -120 61193572
-68 -96 -4156 -38 3 -4561 148 -200 -120 61193583
-109 -129 -4266 -160 21 -4689 147 -219 -123 61193583
-175 -122 -3739 -256 37 -4792 147 -219 -123 61193594
-261 -102 -4019 -73 0 -4671 136 -216 -124 61193594
-326 -44 -3976 -45 -4 -4509 136 -216 -124 61193599
-93 -321 -4048 -49 1 -4417 136 -222 -118 61193614
-162 -47 -4049 -84 5 -4660 136 -222 -118 61193614
-129 129 -3796 -57 -1 -4685 129 -223 -119 61193626
-189 264 -3866 -45 -10 -4443 129 -223 -119 61193626
-123 229 -4168 -56 -2 -3991 133 -229 -109 61193627
-208 353 -3969 -177 21 -3788 133 -229 -109 61193631
-208 17 -4144 -110 12 -3430 134 -244 -112 61193631
-212 60 -3989 -93 15 -3017 134 -244 -112 61193643
-104 177 -4068 -81 17 -2836 127 -243 -113 61193643
-139 67 -4084 -82 15 -2783 127 -243 -113 61193646
317 -353 -4126 -68 13 -2819 129 -235 -109 61193667
308 -348 -4106 -180 25 -3375 129 -235 -109 61193670
347 -695 -4043 -151 20 -4044 114 -240 -102 61193674
332 -420 -4158 -177 19 -4992 114 -240 -102 61193674
57 -392 -3996 -245 25 -5973 117 -243 -107 61193679
-165 -312 -3629 -242 23 -6493 117 -243 -107 61193679
-657 64 -3979 -156 9 -6750 113 -257 -101 61193684
-965 712 -4182 -147 13 -6214 113 -257 -101 61193694
-706 388 -3683 -166 21 -5000 96 -258 -96 61193694
-696 558 -4014 -54 3 -4062 96 -258 -96 61193719
-659 732 -4124 -131 25 -3142 104 -268 -102 61193719
-540 637 -4109 -110 33 -2102 104 -268 -102 61193724
-199 57 -3974 -106 40 -1124 95 -259 -103 61193727
-114 -20 -3972 -48 32 -671 95 -259 -103 61193727
-65 -44 -3970 -32 30 -536 87 -259 -101 61193736
-29 -196 -4069 -5 31 -555 87 -259 -101 61193736
-7 -141 -3951 -26 35 -681 101 -261 -93 61193738
-26 -196 -4057 -12 35 -842 101 -261 -93 61193742
85 -332 -3852 -46 37 -1129 95 -267 -99 61193742
-275 129 -4067 0 22 -1643 95 -267 -99 61193755
-248 1 -4139 -37 29 -1787 93 -263 -89 61193755
-329 94 -3830 -89 35 -1913 93 -263 -89 61193765
-372 68 -3997 55 20 -1864 90 -260 -96 61193770
-434 -23 -3922 144 26 -1700 90 -260 -96 61193770
-632 -464 -4445 307 2 -1673 92 -260 -92 61193781
-785 -444 -3991 34 26 -1868 92 -260 -92 61193781
-752 -714 -4015 35 27 -1943 93 -269 -95 61193786
-56 -53 -3971 -46 17 -1887 93 -269 -95 61193789
444 574 -4042 -21 16 -1603 90 -260 -96 61193789
386 795 -3723 -42 17 -1095 90 -260 -96 61193804
432 688 -3909 25 31 -575 91 -259 -99 61193804
496 495 -4044 -4 33 -173 91 -259 -99 61193822
-27 32 -4000 7 27 -30 91 -271 -93 61193822
-106 10 -3968 8 27 -21 91 -271 -93 61193824
-90 -26 -4006 4 27 -19 87 -267 -95 61193827
-80 -25 -4020 3 28 -12 87 -267 -95 61193827
-78 -50 -3989 -7 27 -21 90 -262 -98 61193841
-64 -74 -4083 0 27 -7 90 -262 -98 61193841
-91 -28 -4033 -6 23 -12 87 -263 -101 61193845
-79 -35 -3983 -10 26 -9 87 -263 -101 61193854
-80 -54 -3970 -5 26 -14 91 -271 -105 61193854
-73 -36 -3998 -5 23 -9 91 -271 -105 61193873
-82 -27 -4002 -10 20 -17 94 -262 -98 61193873
-71 -31 -4003 -14 20 -12 94 -262 -98 61193875
-87 -27 -3967 -8 20 -15 85 -259 -101 61193877
-85 -26 -4028 -13 20 -19 85 -259 -101 61193877
-95 -34 -4017 -16 18 -18 89 -265 -93 61193892
-112 -26 -4007 -11 18 -28 89 -265 -93 61193892
-110 -24 -4007 -9 19 -15 88 -264 -102 61193895
-100 -30 -4012 -18 16 -18 88 -264 -102 61193900
-103 -36 -4011 -16 17 -10 94 -262 -102 61193900
-103 -32 -4004 -14 20 -13 94 -262 -102 61193920
-99 -40 -4038 -10 22 -6 92 -264 -92 61193920
-111 -33 -3994 -16 25 -14 92 -264 -92 61193925
-99 -39 -4002 -14 24 -17 90 -256 -94 61193925
-96 -40 -4036 -16 23 -25 90 -256 -94 61193930
-91 -55 -4024 -11 19 -23 86 -268 -96 61193942
-86 -36 -4001 -11 22 -16 86 -268 -96 61193942
-89 -31 -3988 -11 23 -34 88 -254 -96 61193949
-91 -34 -3981 -11 21 -26 88 -254 -96 61193949
-71 -35 -3988 -9 19 -26 93 -259 -97 61193953
-80 -38 -4009 -15 21 -11 93 -259 -97 61193970
-92 -28 -4001 -16 22 -12 93 -259 -87 61193970
-105 -38 -4003 -16 19 -20 93 -259 -87 61193978
-109 -40 -4018 -13 19 -12 89 -261 -95 61193978
-116 -19 -4008 -15 22 -16 89 -261 -95 61193983
-131 -22 -4015 -13 22 -15 85 -257 -103 61193988
-117 -29 -4024 -17 22 -16 85 -257 -103 61193988
-104 -21 -4026 -16 23 -16 86 -258 -94 61194001
-119 -18 -4017 -24 21 -14 86 -258 -94 61194001
-102 -27 -4003 -22 26 -16 87 -263 -93 61194004
-89 -24 -4016 -16 25 -16 87 -263 -93 61194023
-99 -42 -4004 -20 26 -17 84 -266 -98 61194023
-96 -30 -4031 -22 26 -12 84 -266 -98 61194031
-89 -29 -3987 -24 26 -18 90 -258 -94 61194031
-69 -47 -3983 -20 27 -16 90 -258 -94 61194036
-68 -43 -3973 -24 24 -20 85 -259 -103 61194041
-65 -78 -4006 -19 23 -23 85 -259 -103 61194041
-66 -66 -3996 -21 24 -27 77 -261 -101 61194051
-69 -45 -3975 -17 24 -19 77 -261 -101 61194051
-88 -47 -3972 -22 21 -26 91 -255 -91 61194061
-82 -37 -4007 -22 21 -15 91 -255 -91 61194061
-77 -35 -4002 -26 22 -20 97 -261 -91 61194061
-73 -14 -4025 -20 22 -8 97 -261 -91 61194076
-90 -9 -4014 -27 21 -7 91 -269 -91 61194076
-130 -9 -4033 -26 20 -19 91 -269 -91 61194085
-99 -33 -4012 -23 20 -13 96 -268 -96 61194085
-124 -16 -4025 -17 18 -14 96 -268 -96 61194090
-117 -30 -4015 -27 20 -14 81 -249 -101 61194100
-121 -16 -4021 -24 21 -15 81 -249 -101 61194100
-130 -47 -4013 -27 24 -18 93 -263 -95 61194109
-118 -19 -4013 -22 27 -19 93 -263 -95 61194109
-97 -51 -4012 -25 25 -18 82 -274 -100 61194124
-99 -48 -4005 -23 24 -17 82 -274 -100 61194127
-109 -48 -4010 -25 27 -14 85 -267 -101 61194127
-91 -55 -3991 -24 22 -20 85 -267 -101 61194137
-82 -65 -3987 -22 21 -15 88 -258 -98 61194137
-92 -72 -3984 -14 25 -11 88 -258 -98 61194139
-72 -52 -4025 -20 23 -18 84 -264 -100 61194149
-86 -58 -4007 -24 24 -16 84 -264 -100 61194149
-85 -42 -3989 -24 21 -19 93 -259 -95 61194160
-81 -32 -3998 -21 21 -21 93 -259 -95 61194160
-117 -22 -3991 -18 23 -24 83 -261 -99 61194163
-111 -27 -3996 -17 23 -18 83 -261 -99 61194178
-101 -18 -4010 -19 21 -15 80 -264 -96 61194178
-105 -18 -4010 -19 20 -13 80 -264 -96 61194186
-92 4 -4017 -14 20 -16 83 -267 -101 61194186
-82 -11 -4018 -14 21 -16 83 -267 -101 61194187
-98 -5 -4013 -13 20 -19 86 -256 -102 61194198
-117 -15 -4007 -19 21 -6 86 -256 -102 61194198
-66 -7 -3997 -12 24 -12 91 -259 -103 61194209
-89 -29 -4005 -11 25 -13 91 -259 -103 61194209
-63 -21 -3993 -17 21 -22 90 -258 -92 61194229
-91 -29 -4011 -14 21 -11 90 -258 -92 61194229
-71 -37 -3990 -9 19 -18 87 -265 -101 61194232
-81 -37 -4008 -15 18 -18 87 -265 -101 61194237
-91 -51 -3991 -12 21 -15 88 -264 -98 61194237
-80 -41 -3988 -18 19 -8 88 -264 -98 61194248
-87 -46 -3997 -12 19 -27 88 -258 -102 61194248
-94 -41 -4008 -13 19 -10 88 -258 -102 61194251
-86 -41 -3999 -18 18 -9 92 -266 -96 61194259
-125 -48 -4009 -13 20 -15 92 -266 -96 61194259
-120 -27 -4022 -14 20 -12 88 -262 -98 61194279
-119 -43 -4005 -12 19 -20 88 -262 -98 61194279
-117 -25 -4026 -6 21 -19 87 -261 -93 61194283
-117 -13 -4034 -9 22 -18 87 -261 -93 61194287
-107 -35 -4014 -2 26 -21 95 -259 -95 61194287
-104 -30 -4014 -9 22 -24 95 -259 -95 61194295
-113 -30 -4015 -11 23 -23 79 -257 -103 61194295
-112 -26 -4006 -9 25 -15 79 -257 -103 61194298
-96 -41 -4011 -3 28 -7 94 -264 -88 61194310
-72 -32 -3992 -7 27 -10 94 -264 -88 61194310
-66 -24 -3991 -7 27 -19 86 -256 -86 61194331
-72 -49 -3991 -4 25 -19 86 -256 -86 61194331
-297 621 -3839 51 36 -12 82 -266 -94 61194335
401 -1432 -3815 766 295 -53 82 -266 -94 61194338
-285 838 -3769 -695 -200 -201 84 -264 -106 61194338
-36 -101 -4094 -123 -27 -49 84 -264 -106 61194347
312 -930 -4097 -43 0 -123 84 -248 -98 61194347
463 -1410 -4010 -45 4 -765 84 -248 -98 61194350
39 -864 -3990 -49 12 -1715 85 -261 -95 61194358
-39 -175 -3998 -75 6 -1946 85 -261 -95 61194358
-134 463 -4144 -38 14 -1197 83 -263 -91 61194369
-355 584 -4057 16 20 216 83 -263 -91 61194369
-325 792 -3918 29 22 1225 77 -267 -99 61194384
-167 768 -4007 11 19 1502 77 -267 -99 61194384
-131 597 -3903 41 24 1120 87 -265 -99 61194386
-388 203 -4093 5 14 447 87 -265 -99 61194395
-317 -1 -3969 9 26 146 77 -261 -105 61194395
-164 -111 -4061 0 27 75 77 -261 -105 61194407
-129 -57 -4018 -22 24 24 80 -260 -94 61194407
-91 -47 -4012 -3 28 -2 80 -260 -94 61194410
-70 -119 -4122 4 30 10 86 -256 -88 61194434
-65 -78 -3946 -17 28 2 86 -256 -88 61194434
-78 -66 -3945 -23 29 9 81 -267 -91 61194442
-101 -70 -3924 -15 20 -2 81 -267 -91 61194442
-84 -85 -4006 -16 22 -9 80 -274 -88 61194444
-93 -52 -4069 -9 15 -22 80 -274 -88 61194447
-90 -54 -4011 -20 19 -17 75 -259 -101 61194447
-107 -75 -3928 -16 20 -20 75 -259 -101 61194458
-111 -51 -3921 -21 15 -23 82 -262 -98 61194458
-103 -8 -4006 -21 10 -20 82 -262 -98 61194461
-104 -21 -4095 -25 17 -15 81 -261 -89 61194471
-90 -33 -4053 -28 11 -12 81 -261 -89 61194471
-109 -22 -3991 -32 17 -16 80 -260 -98 61194489
-146 -13 -3994 -32 17 -19 80 -260 -98 61194489
-108 -44 -4017 -21 19 -22 88 -260 -100 61194494
-99 -18 -4088 -21 19 -32 88 -260 -100 61194497
-67 -5 -4031 -23 20 -28 80 -260 -96 61194497
-92 0 -3983 -19 22 -17 80 -260 -96 61194504
-83 -17 -3960 -12 24 -17 84 -258 -92 61194504
-76 4 -3990 -16 20 -17 84 -258 -92 61194518
-57 -27 -3999 -10 20 -26 81 -265 -93 61194518
-85 -51 -4015 -17 17 -24 81 -265 -93 61194521
-82 -47 -3951 -19 19 -32 81 -259 -97 61194534
-76 -43 -3958 -25 20 -40 81 -259 -97 61194534
-84 -23 -4007 -18 21 -48 80 -264 -98 61194542
-67 -21 -4023 -16 19 -54 80 -264 -98 61194542
-71 -18 -4012 -20 21 -42 79 -257 -95 61194545
-84 -18 -3977 -24 17 -25 79 -257 -95 61194554
-102 -31 -3979 -12 17 -15 80 -264 -98 61194554
-111 -42 -4008 -8 17 -19 80 -264 -98 61194568
-143 -45 -4042 -5 18 -8 79 -257 -91 61194568
-131 -32 -4022 -1 16 -25 79 -257 -91 61194571
-131 -29 -4041 -9 20 -25 77 -255 -91 61194586
-100 -15 -4012 -9 22 -32 77 -255 -91 61194586
-129 -33 -4014 -6 19 -35 88 -258 -94 61194591
-97 -31 -4028 -12 20 -26 88 -258 -94 61194591
-114 -49 -4005 -18 20 -34 78 -262 -96 61194596
-74 -125 -4021 -29 23 -62 78 -262 -96 61194605
22 -342 -4016 -24 25 -163 85 -259 -95 61194605
-65 -199 -4027 -31 23 -380 85 -259 -95 61194616
-72 -135 -4016 -51 19 -542 83 -265 -91 61194616
-80 -35 -4012 -59 20 -596 83 -265 -91 61194619
-82 -45 -4003 -45 21 -625 73 -259 -97 61194637
-145 149 -3996 -52 23 -624 73 -259 -97 61194637
-144 134 -4016 -57 15 -468 83 -255 -103 61194646
-147 101 -4008 -39 14 -313 83 -255 -103 61194646
-99 28 -4003 -31 23 -203 73 -257 -95 61194650
-95 -16 -4018 -32 21 -164 73 -257 -95 61194653
-78 -48 -4003 -36 20 -149 78 -258 -98 61194653
-63 -43 -3999 -35 20 -167 78 -258 -98 61194667
-112 71 -4003 -42 17 -176 77 -269 -95 61194667
-61 23 -4011 -36 15 -132 77 -269 -95 61194676
-34 -41 -3998 -41 14 -113 78 -266 -94 61194676
-69 -56 -4001 -32 18 -161 78 -266 -94 61194688
-77 -74 -4006 -23 19 -232 87 -263 -93 61194697
5 13 -4030 -22 18 -375 87 -263 -93 61194697
374 -33 -4019 -56 7 -892 79 -257 -101 61194706
137 246 -3994 -75 8 -2076 79 -257 -101 61194706
29 82 -3964 -123 4 -3076 84 -262 -98 61194707
-114 195 -4008 -137 1 -3743 84 -262 -98 61194716
-162 -138 -4025 -143 5 -4043 81 -265 -89 61194716
-526 213 -4042 -151 -1 -4177 81 -265 -89 61194740
-122 -299 -4047 -113 12 -3643 63 -267 -91 61194740
-354 -214 -4024 -131 1 -3391 63 -267 -91 61194744
-107 -222 -4031 -107 9 -2990 73 -273 -103 61194747
-41 -214 -4040 -121 11 -3089 73 -273 -103 61194747
-173 -312 -4000 -123 11 -3060 76 -268 -96 61194754
-121 -501 -4026 -96 15 -2667 76 -268 -96 61194754
2 -418 -3981 -88 19 -2392 77 -265 -99 61194760
-14 -250 -4004 -100 9 -2352 77 -265 -99 61194767
-71 -44 -4024 -95 13 -2545 74 -278 -96 61194767
-153 -169 -3957 -86 14 -2546 74 -278 -96 61194777
-150 -98 -3999 -96 11 -2391 73 -267 -95 61194777
-82 37 -4026 -72 22 -2167 73 -267 -95 61194789
-169 251 -4025 -67 21 -1751 71 -271 -95 61194792
-71 46 -3997 -68 18 -1295 71 -271 -95 61194792
-103 171 -3991 -58 20 -1114 60 -274 -96 61194800
-94 68 -4019 -41 18 -982 60 -274 -96 61194800
22 -225 -4009 -24 21 -925 58 -270 -100 61194806
-149 101 -4029 -27 15 -1139 58 -270 -100 61194812
-64 22 -4024 -32 17 -1361 64 -268 -88 61194816
266 110 -3999 -66 8 -2118 64 -268 -88 61194827
265 305 -4019 -95 2 -3575 61 -269 -95 61194827
-50 527 -3999 -146 -3 -5029 61 -269 -95 61194843
109 19 -4022 -196 -12 -5973 53 -271 -97 61194843
-136 126 -4007 -211 -7 -6411 53 -271 -97 61194845
-295 -125 -4023 -204 -11 -6148 37 -275 -97 61194852
-345 -368 -4029 -200 -6 -5390 37 -275 -97 61194852
-551 -396 -4037 -144 10 -4114 47 -275 -89 61194862
-283 -371 -4044 -114 16 -2689 47 -275 -89 61194862
-17 -441 -4048 -63 28 -1821 46 -282 -82 61194867
12 -317 -3962 -68 21 -1631 46 -282 -82 61194876
-77 -201 -3994 -60 18 -1741 46 -278 -88 61194876
-166 20 -4000 -75 15 -1905 46 -278 -88 61194892
-190 -13 -4021 -76 17 -1999 42 -270 -84 61194892
-236 200 -4056 -68 19 -2041 42 -270 -84 61194896
-215 349 -4001 -41 24 -1948 38 -268 -94 61194900
-195 61 -4028 -39 20 -1795 38 -268 -94 61194900
-186 233 -3975 -61 10 -1768 36 -264 -94 61194914
-92 103 -4039 -33 21 -1732 36 -264 -94 61194914
71 695 -4035 -53 13 -1912 34 -282 -92 61194917
317 26 -4026 -54 10 -2440 34 -282 -92 61194927
-17 395 -3980 -117 -2 -3729 34 -274 -88 61194927
56 171 -4113 -119 -5 -4702 34 -274 -88 61194947
-144 -256 -4008 -212 -6 -6581 34 -268 -96 61194947
-349 -290 -3966 -227 -5 -7055 34 -268 -96 61194950
-273 -358 -4012 -198 2 -6451 19 -261 -95 61194954
-145 -485 -4076 -192 0 -5738 19 -261 -95 61194954
-218 -153 -4024 -162 9 -5309 16 -270 -90 61194963
75 -257 -3984 -169 5 -5360 16 -270 -90 61194963
-251 329 -3972 -173 2 -5774 19 -279 -93 61194972
-97 115 -3954 -159 1 -5773 19 -279 -93 61194972
-165 118 -4019 -185 2 -5640 17 -275 -87 61194976
-160 43 -4059 -181 -3 -5160 17 -275 -87 61194996
-363 159 -3980 -153 3 -4554 6 -272 -90 61194996
-132 -25 -3974 -116 13 -3567 6 -272 -90 61195006
-144 51 -3983 -103 8 -2720 0 -268 -94 61195006
-26 -125 -3990 -75 14 -1994 0 -268 -94 61195007
-113 -15 -4017 -61 11 -1619 9 -267 -101 61195012
-122 58 -4001 -52 16 -1305 9 -267 -101 61195012
-80 -135 -4012 -33 20 -941 6 -280 -98 61195021
9 -317 -3988 -43 20 -939 6 -280 -98 61195021
-100 -228 -4033 -68 16 -1704 7 -271 -91 61195025
-79 -332 -4041 -116 4 -2580 7 -271 -91 61195047
-40 -381 -3993 -85 18 -3312 3 -271 -93 61195047
-223 -316 -4010 -129 5 -4293 3 -271 -93 61195055
-153 -94 -3994 -179 -10 -5439 4 -266 -98 61195055
-3 -75 -4058 -187 2 -6304 4 -266 -98 61195059
-193 12 -4045 -198 -4 -6556 -6 -260 -94 61195059
-144 -91 -4079 -210 -1 -6736 -6 -260 -94 61195064
-286 362 -4004 -212 -2 -6645 -7 -273 -91 61195073
-212 341 -4013 -204 -2 -5841 -7 -273 -91 61195073
71 225 -4022 -149 8 -5041 -13 -269 -91 61195083
-206 638 -4013 -166 -1 -4623 -13 -269 -91 61195083
61 246 -4005 -151 4 -4074 -7 -267 -97 61195086
8 342 -3993 -130 3 -3876 -7 -267 -97 61195099
-58 59 -3985 -129 5 -3601 -12 -270 -96 61195099
-161 32 -3984 -124 4 -3199 -12 -270 -96 61195108
-130 -71 -3985 -104 1 -2489 -22 -264 -100 61195108
-154 -198 -4028 -74 13 -1911 -22 -264 -100 61195111
2 -334 -4030 -47 18 -1428 -10 -274 -86 61195122
271 -627 -4012 -52 17 -1251 -10 -274 -86 61195122
-96 -598 -4012 -59 21 -1701 -15 -275 -91 61195153
-6 -597 -4009 -70 21 -1984 -15 -275 -91 61195153
-25 -549 -4014 -81 23 -2333 -30 -268 -98 61195157
-66 -421 -3975 -123 7 -2781 -30 -268 -98 61195161
-165 -81 -4006 -105 12 -3141 -24 -262 -98 61195161
-257 220 -4043 -121 12 -3231 -24 -262 -98 61195169
-314 371 -4042 -116 9 -3243 -28 -262 -106 61195169
-157 217 -4008 -102 12 -3102 -28 -262 -106 61195172
108 -120 -3980 -96 15 -3079 -25 -267 -93 61195176
-329 450 -3966 -114 10 -3499 -25 -267 -93 61195176
-154 361 -3913 -137 1 -3191 -26 -256 -98 61195182
-138 176 -3997 -73 11 -3022 -26 -256 -98 61195182
-143 218 -4014 -119 2 -2859 -28 -264 -90 61195185
-67 71 -4053 -91 13 -2909 -28 -264 -90 61195200
-62 -129 -4026 -91 15 -2628 -23 -261 -97 61195200
66 -346 -3961 -113 6 -2298 -23 -261 -97 61195208
-216 -498 -4035 -87 10 -2630 -30 -250 -90 61195208
-30 -614 -3979 -121 2 -2864 -30 -250 -90 61195220
-94 -436 -4019 -110 8 -3036 -21 -263 -91 61195220
-165 -309 -4010 -138 6 -3145 -21 -263 -91 61195222
-240 -244 -4046 -153 1 -3348 -32 -254 -104 61195232
-289 114 -4052 -148 5 -3589 -32 -254 -104 61195232
-292 242 -4004 -146 13 -3520 -28 -252 -96 61195252
-270 324 -4038 -138 13 -3184 -28 -252 -96 61195252
-305 356 -3986 -120 18 -2899 -30 -254 -96 61195256
-287 459 -3985 -107 15 -2870 -30 -254 -96 61195259
-445 572 -4016 -105 13 -2948 -30 -254 -98 61195259
-158 719 -4004 -137 5 -3157 -30 -254 -98 61195267
-5 544 -3976 -111 12 -3382 -36 -256 -98 61195267
-38 373 -3973 -100 15 -3394 -36 -256 -98 61195272
-162 404 -3952 -133 -2 -3250 -39 -253 -93 61195282
2 -86 -4009 -85 8 -2767 -39 -253 -93 61195282
-9 -221 -4028 -94 5 -2574 -35 -251 -95 61195292
81 -418 -3988 -100 -1 -2565 -35 -251 -95 61195292
-69 -139 -3982 -82 4 -2727 -38 -248 -98 61195304
-159 -289 -3989 -60 7 -2593 -38 -248 -98 61195307
177 -275 -4042 -48 6 -2266 -38 -246 -104 61195307
-88 -59 -4000 -71 5 -2485 -38 -246 -104 61195318
187 -232 -4037 -43 16 -2666 -33 -253 -97 61195318
-136 89 -3989 -89 0 -2903 -33 -253 -97 61195321
-28 -150 -4068 -52 17 -2824 -47 -245 -103 61195328
-70 -162 -4063 -110 4 -2963 -47 -245 -103 61195328
-85 -388 -4007 -124 1 -3061 -43 -245 -99 61195364
-425 -164 -3998 -134 4 -2986 -43 -245 -99 61195364
-241 -252 -4035 -101 13 -2686 -48 -242 -100 61195371
-255 5 -3973 -105 9 -2374 -48 -242 -100 61195371
-161 112 -4000 -96 6 -1982 -42 -248 -106 61195375
-180 372 -4029 -73 17 -1804 -42 -248 -106 61195378
-14 -312 -4012 -57 24 -1757 -45 -239 -101 61195378
-337 516 -3975 -102 13 -2095 -45 -239 -101 61195382
-161 -14 -3991 -78 18 -2307 -46 -240 -104 61195382
-309 254 -3982 -109 8 -2665 -46 -240 -104 61195387
-190 15 -3985 -84 9 -2643 -41 -235 -101 61195390
-25 -260 -4017 -16 24 -2897 -41 -235 -101 61195390
-123 -417 -3985 -90 6 -3653 -47 -243 -105 61195407
-125 -622 -4001 -73 15 -4539 -47 -243 -105 61195407
-108 -158 -3995 -80 9 -5386 -46 -242 -102 61195410
-7 -184 -3978 -39 23 -5500 -46 -242 -102 61195416
-26 -122 -4016 -53 14 -5558 -43 -235 -107 61195416
-174 -44 -4110 -14 21 -5512 -43 -235 -107 61195429
-23 260 -4025 149 70 -5335 -47 -233 -103 61195429
-4 355 -4026 347 120 -4748 -47 -233 -103 61195432
-274 326 -4000 256 96 -4198 -46 -232 -104 61195438
9 204 -3917 340 110 -3693 -46 -232 -104 61195438
-31 82 -4016 -11 3 -3435 -46 -220 -110 61195458
-87 -32 -3993 -80 -17 -3272 -46 -220 -110 61195458
-321 120 -3980 -169 -38 -3176 -53 -229 -99 61195461
-98 -158 -3909 -113 -9 -3019 -53 -229 -99 61195466
-375 75 -3998 -380 -89 -3113 -50 -230 -98 61195466
-184 -137 -3962 -313 -67 -2928 -50 -230 -98 61195481
-193 -390 -3974 -272 -56 -2785 -58 -224 -108 61195481
-328 -29 -4007 -248 -45 -3108 -58 -224 -108 61195488
-255 -255 -4007 -75 0 -3137 -52 -222 -110 61195488
-189 -67 -4001 -20 14 -3128 -52 -222 -110 61195491
-138 -220 -4003 -7 24 -2899 -49 -225 -109 61195508
5 -486 -4054 0 15 -2693 -49 -225 -109 61195508
-91 -348 -4000 154 61 -2831 -57 -229 -101 61195517
-19 -186 -4052 159 57 -2952 -57 -229 -101 61195517
-152 98 -4020 106 42 -2770 -63 -225 -101 61195519
-188 153 -4014 20 15 -2520 -63 -225 -101 61195529
-143 89 -3996 40 13 -2357 -58 -232 -112 61195529
-50 -35 -3998 -9 4 -2321 -58 -232 -112 61195538
-85 253 -3999 -45 -4 -2474 -54 -226 -110 61195538
-98 155 -4014 -55 -6 -2567 -54 -226 -110 61195542
-252 135 -4021 -136 -25 -2750 -51 -223 -107 61195559
-217 -97 -3952 -39 1 -2798 -51 -223 -107 61195559
-137 -127 -3983 -119 -20 -2791 -57 -217 -107 61195568
-278 -24 -4040 -129 -21 -2986 -57 -217 -107 61195568
-384 97 -4076 -119 -23 -3319 -57 -227 -109 61195570
-315 57 -4055 -87 -8 -3443 -57 -227 -109 61195577
-246 -123 -4085 -80 -11 -3497 -53 -227 -115 61195577
-234 -291 -3982 -76 -18 -3601 -53 -227 -115 61195587
-194 -379 -3944 -85 -21 -3828 -54 -216 -114 61195587
-243 -660 -3845 -77 -20 -4221 -54 -216 -114 61195590
-347 -353 -3946 -117 -36 -4943 -56 -210 -120 61195612
-127 -208 -3831 -118 -39 -5587 -56 -210 -120 61195612
25 -33 -4004 -180 -57 -5863 -61 -205 -115 61195620
54 246 -4002 -164 -45 -6003 -61 -205 -115 61195620
39 274 -3980 -160 -51 -5648 -55 -217 -107 61195621
105 383 -4030 -190 -53 -5139 -55 -217 -107 61195625
-115 464 -4084 -128 -36 -4674 -59 -217 -109 61195625
-132 277 -3973 -91 -23 -4122 -59 -217 -109 61195638
-228 210 -4057 -161 -36 -3635 -66 -218 -114 61195638
-113 -60 -4066 -59 -10 -3141 -66 -218 -114 61195663
-104 206 -4030 -70 -10 -2842 -62 -214 -110 61195663
-338 290 -4069 -102 -15 -2546 -62 -214 -110 61195666
-306 353 -4060 -83 -9 -2344 -66 -212 -114 61195671
-239 138 -3986 -57 0 -2059 -66 -212 -114 61195671
-277 222 -4077 -133 -15 -1805 -69 -215 -115 61195676
-235 230 -4095 -63 -4 -1579 -69 -215 -115 61195676
-200 -71 -3922 20 17 -1474 -62 -218 -118 61195681
-216 16 -3934 -81 -6 -1602 -62 -218 -118 61195688
-272 -32 -3886 -51 5 -1865 -61 -203 -113 61195688
-147 -343 -4015 -97 -11 -2379 -61 -203 -113 61195700
-243 -148 -4068 -120 -22 -2956 -67 -205 -117 61195700
-266 217 -4098 -116 -20 -3311 -67 -205 -117 61195711
-162 408 -3986 -90 -14 -3150 -63 -195 -119 61195715
-235 327 -4024 -140 -28 -2894 -63 -195 -119 61195715
-168 -18 -4010 -38 -9 -2893 -67 -203 -111 61195724
-125 -74 -3959 -106 -20 -2914 -67 -203 -111 61195724
-143 -63 -3945 -141 -28 -2952 -66 -198 -116 61195728
-62 -170 -4058 -155 -27 -3142 -66 -198 -116 61195738
51 -679 -3953 -80 -7 -3434 -67 -199 -119 61195738
131 -628 -3977 -112 -26 -3672 -67 -199 -119 61195751
139 -483 -3922 -135 -30 -3874 -61 -203 -105 61195751
28 -132 -4037 -103 -19 -3832 -61 -203 -105 61195764
-21 -143 -4042 -113 -24 -3484 -71 -189 -117 61195768
-88 -16 -4066 -124 -22 -3070 -71 -189 -117 61195768
-355 -618 -4019 -21 1 -3018 -71 -199 -109 61195773
-99 -329 -3888 -39 -9 -3161 -71 -199 -109 61195773
-173 716 -3931 -142 -23 -2759 -68 -198 -116 61195783
-279 919 -4016 -50 -5 -1716 -68 -198 -116 61195783
-213 96 -4029 -6 12 -738 -66 -196 -112 61195790
-189 -58 -3998 1 21 -548 -66 -196 -112 61195800
-184 -25 -4044 -32 12 -499 -78 -200 -118 61195800
-208 68 -4026 -9 18 -482 -78 -200 -118 61195818
-154 64 -4023 -72 13 -655 -66 -202 -116 61195818
-115 -116 -3978 -61 17 -749 -66 -202 -116 61195820
-159 -26 -4034 -100 6 -727 -67 -193 -107 61195823
-148 -67 -4013 -60 16 -691 -67 -193 -107 61195823
-115 -144 -3984 -70 13 -634 -67 -197 -117 61195833
-93 -170 -3998 -89 12 -391 -67 -197 -117 61195833
-129 -63 -4001 -75 13 -144 -67 -197 -113 61195837
-127 -44 -4008 -56 13 -66 -67 -197 -113 61195851
-130 -68 -4030 -44 16 -54 -74 -200 -116 61195851
-111 -91 -4021 -48 14 -69 -74 -200 -116 61195871
-36 -252 -4011 -37 16 -123 -68 -194 -110 61195871
338 -678 -4045 -23 16 -384 -68 -194 -110 61195872
415 -766 -4041 -39 7 -1243 -70 -200 -110 61195876
-133 -178 -4015 -96 -3 -2169 -70 -200 -110 61195876
-145 158 -3980 -86 -13 -2310 -67 -195 -121 61195886
-222 264 -3950 -26 -2 -2110 -67 -195 -121 61195886
-55 -157 -3996 -65 -5 -1933 -73 -199 -113 61195898
-278 -29 -4017 -64 -8 -2011 -73 -199 -113 61195898
-3 19 -4010 -41 -4 -2057 -62 -192 -124 61195901
-178 133 -3954 -89 -7 -2172 -62 -192 -124 61195919
-302 304 -3955 -102 -15 -2115 -62 -192 -120 61195919
-371 260 -3939 -55 2 -1907 -62 -192 -120 61195928
-470 307 -4006 -38 2 -1601 -71 -199 -119 61195928
-255 88 -3996 -41 6 -1203 -71 -199 -119 61195932
-188 31 -3997 -34 9 -994 -66 -186 -120 61195936
-195 13 -3983 -23 15 -947 -66 -186 -120 61195936
-210 -45 -4000 -24 18 -942 -66 -184 -120 61195947
-180 -1 -4016 15 17 -919 -66 -184 -120 61195947
-52 -89 -4028 -26 7 -1028 -67 -191 -113 61195950
-206 -46 -4024 -111 -5 -1443 -67 -191 -113 61195971
-134 -158 -3973 -65 -1 -1669 -68 -186 -118 61195971
-175 -189 -3966 -36 8 -1860 -68 -186 -118 61195979
62 -516 -4058 -80 -9 -1991 -74 -192 -104 61195979
262 -812 -4072 -80 -11 -2401 -74 -192 -104 61195983
273 -1122 -4052 -154 -36 -3267 -66 -192 -114 61195987
271 -1234 -3989 -126 -36 -4358 -66 -192 -114 61195987
-72 -1018 -3992 -150 -50 -5564 -73 -183 -119 61195995
256 -621 -4007 -205 -68 -6266 -73 -183 -119 61195995
187 -321 -4005 -184 -66 -6786 -68 -184 -110 61195998
-240 -278 -4064 -197 -73 -7156 -68 -184 -110 61196007
-414 599 -4047 -186 -71 -7270 -71 -175 -121 61196007
-616 895 -4034 -182 -61 -6549 -71 -175 -121 61196027
-463 956 -3970 -127 -48 -5467 -73 -177 -115 61196027
-618 769 -4065 -158 -41 -4542 -73 -177 -115 61196032
-439 675 -4096 -72 -22 -3729 -71 -179 -135 61196035
-517 634 -4049 -67 -13 -3044 -71 -179 -135 61196040
-448 303 -4073 -53 -8 -2372 -77 -185 -121 61196043
-392 233 -4050 -8 11 -1872 -77 -185 -121 61196043
-230 -87 -4031 -8 12 -1493 -63 -183 -115 61196046
-233 -62 -4016 -12 9 -1363 -63 -183 -115 61196057
-419 15 -3983 -21 10 -1152 -67 -177 -125 61196070
-235 13 -3986 35 22 -718 -67 -177 -125 61196073
-145 -30 -4008 57 26 -469 -74 -180 -118 61196073
-175 -66 -4009 64 30 -470 -74 -180 -118 61196083
-148 -67 -3988 36 20 -475 -72 -176 -132 61196083
-196 -27 -3992 8 18 -486 -72 -176 -132 61196085
-99 -117 -3972 -5 19 -424 -64 -182 -120 61196096
-122 -41 -3996 -21 21 -390 -64 -182 -120 61196096
0 -81 -3997 -26 20 -398 -73 -185 -125 61196104
85 -140 -4032 -69 14 -530 -73 -185 -125 61196104
335 -331 -3998 -136 4 -859 -74 -178 -120 61196107
-87 -367 -3952 -78 3 -1392 -74 -178 -120 61196123
-199 -234 -3937 -85 -5 -1696 -74 -168 -120 61196123
-121 -1 -4028 -86 -2 -1774 -74 -168 -120 61196131
-294 57 -4022 -66 -3 -1814 -70 -174 -118 61196131
-282 163 -4034 -37 -1 -1657 -70 -174 -118 61196132
-272 249 -3978 -34 -4 -1464 -75 -177 -125 61196143
-189 57 -3995 -23 3 -1299 -75 -177 -125 61196143
-232 18 -4000 -17 9 -1241 -60 -178 -122 61196154
-256 55 -4073 -59 2 -1131 -60 -178 -122 61196154
-205 -47 -3984 37 22 -1085 -62 -174 -122 61196172
-160 -107 -4002 -69 6 -1165 -62 -174 -122 61196174
-156 -147 -3954 -38 7 -1215 -65 -181 -125 61196174
-204 -108 -4030 -55 4 -1312 -65 -181 -125 61196178
-151 -87 -4083 -95 -6 -1405 -60 -170 -122 61196178
-152 -136 -4056 -59 0 -1507 -60 -170 -122 61196180
-80 -189 -4036 -90 -3 -1579 -71 -177 -129 61196192
-89 -133 -3977 -37 2 -1719 -71 -177 -129 61196195
-58 -211 -3956 -19 5 -1795 -68 -172 -120 61196227
9 -150 -3989 -40 0 -1780 -68 -172 -120 61196227
50 -212 -4039 -83 -12 -1855 -59 -169 -125 61196236
203 -226 -4019 -75 -11 -2019 -59 -169 -125 61196236
148 -160 -4026 -73 -3 -2250 -68 -172 -120 61196239
612 -369 -4077 -122 -16 -2572 -68 -172 -120 61196242
129 -336 -3970 -103 -17 -3252 -68 -168 -140 61196242
105 -311 -3962 -145 -30 -3700 -68 -168 -140 61196247
-1 -303 -3985 -162 -38 -4085 -63 -171 -137 61196247
85 -232 -3916 -141 -34 -4317 -63 -171 -137 61196251
71 -279 -4019 -160 -42 -4277 -63 -165 -137 61196254
-34 -341 -3964 -104 -31 -4299 -63 -165 -137 61196254
-155 -381 -3946 -140 -37 -4533 -61 -167 -131 61196276
-48 -356 -3936 -112 -32 -4712 -61 -167 -131 61196276
-488 -63 -3957 -140 -46 -4950 -65 -173 -127 61196280
-668 440 -4065 -130 -42 -4874 -65 -173 -127 61196283
-888 735 -4023 -98 -30 -4272 -57 -165 -129 61196283
-853 290 -3962 -55 -13 -3299 -57 -165 -129 61196292
-670 82 -4055 -129 -27 -2640 -60 -164 -136 61196292
-528 -66 -4027 9 6 -2353 -60 -164 -136 61196295
-239 -120 -4051 -49 0 -2316 -66 -174 -136 61196309
-397 -333 -4042 -97 -10 -2536 -66 -174 -136 61196309
-424 -427 -3982 -101 -12 -2815 -62 -172 -134 61196316
-195 -538 -3942 -98 -14 -2879 -62 -172 -134 61196316
-166 -279 -3998 -122 -20 -3132 -68 -168 -130 61196328
-166 -179 -4003 -61 -8 -3262 -68 -168 -130 61196331
-40 425 -4055 -129 -24 -3325 -60 -166 -136 61196331
-212 558 -4065 -155 -28 -3120 -60 -166 -136 61196339
-3 136 -4028 -96 -12 -2714 -62 -166 -136 61196339
-185 488 -3991 -63 -8 -2578 -62 -166 -136 61196343
-191 519 -4030 -62 -7 -2221 -63 -165 -127 61196353
167 303 -4063 -80 -14 -1931 -63 -165 -127 61196353
189 9 -3963 -44 -5 -2205 -64 -158 -130 61196378
-28 30 -4017 -119 -20 -2678 -64 -158 -130 61196378
-98 34 -4128 -110 -27 -3037 -59 -161 -127 61196386
-67 11 -4138 -82 -12 -3142 -59 -161 -127 61196386
-274 133 -3885 -13 -7 -3162 -64 -162 -136 61196391
9 130 -3963 -86 -21 -3103 -64 -162 -136 61196396
-285 72 -3962 -101 -27 -3371 -57 -161 -139 61196396
-354 7 -3966 -127 -32 -3481 -57 -161 -139 61196402
-490 104 -4127 -184 -35 -3541 -61 -165 -133 61196402
-480 44 -4075 -96 -26 -3413 -61 -165 -133 61196404
-251 3 -4007 -108 -28 -3174 -58 -158 -138 61196417
-367 -86 -4006 -102 -21 -3087 -58 -158 -138 61196417
-482 -112 -3940 -84 -16 -2921 -62 -158 -128 61196431
-99 -80 -3878 -60 -10 -2767 -62 -158 -128 61196431
-310 -218 -3930 -81 -17 -2822 -52 -154 -132 61196436
-143 -113 -4063 -59 -13 -2682 -52 -154 -132 61196440
-316 -62 -4056 -124 -25 -2699 -56 -154 -136 61196440
-220 -159 -3999 -102 -26 -2621 -56 -154 -136 61196452
-75 -239 -3943 -92 -12 -2375 -61 -153 -137 61196452
-123 -228 -3944 -110 -19 -2214 -61 -153 -137 61196456
-129 -192 -4007 -144 -24 -2131 -53 -149 -129 61196464
-118 -170 -3931 -61 -7 -1838 -53 -149 -129 61196464
-91 -35 -3974 -90 -8 -1681 -59 -149 -135 61196486
-149 18 -4050 -111 -12 -1778 -59 -149 -135 61196486
-115 -1 -4077 -89 -8 -1850 -60 -148 -136 61196487
50 5 -4026 -127 -16 -1910 -60 -148 -136 61196491
270 -165 -3968 -130 -13 -2133 -58 -148 -136 61196491
213 -392 -3966 -175 -23 -2512 -58 -148 -136 61196500
257 -294 -4112 -199 -40 -2864 -59 -149 -133 61196500
220 -238 -4072 -106 -18 -3184 -59 -149 -133 61196505
171 -308 -3974 -117 -28 -3640 -59 -143 -141 61196513
-234 -121 -3989 -173 -47 -4119 -59 -143 -141 61196518
-598 280 -3999 -131 -41 -4099 -60 -146 -140 61196534
-471 138 -4061 -72 -20 -3598 -60 -146 -140 61196534
-443 236 -4127 -52 -18 -3061 -58 -146 -138 61196542
-306 26 -3934 -57 -15 -2701 -58 -146 -138 61196542
-475 -88 -3904 -40 -14 -2614 -55 -151 -127 61196546
-306 -184 -3822 -52 -15 -2456 -55 -151 -127 61196551
-169 -338 -3737 5 -3 -2239 -62 -142 -144 61196551
-412 -169 -3937 -106 -21 -2081 -62 -142 -144 61196565
-360 26 -3980 -51 -10 -1960 -55 -143 -131 61196565
-173 -173 -4002 -5 2 -1916 -55 -143 -131 61196568
-196 -61 -4094 -100 -14 -1764 -55 -145 -133 61196586
-174 -137 -4046 -76 -4 -1582 -55 -145 -133 61196586
-69 -213 -3952 6 12 -1302 -58 -146 -134 61196591
-152 -81 -4062 -100 -5 -1147 -58 -146 -134 61196591
-115 -138 -3985 9 20 -970 -56 -140 -138 61196595
-127 -103 -3975 -56 13 -923 -56 -140 -138 61196600
-124 9 -3987 -33 13 -904 -57 -137 -133 61196600
-110 12 -3988 12 19 -1036 -57 -137 -133 61196612
128 78 -3962 -41 5 -1254 -54 -144 -142 61196612
196 166 -4140 -127 -10 -1741 -54 -144 -142 61196615
153 103 -4022 -78 -10 -2291 -63 -137 -137 61196622
99 -62 -3918 -117 -19 -2735 -63 -137 -137 61196622
58 -295 -3812 -105 -18 -2907 -44 -138 -144 61196637
125 -343 -3930 -144 -29 -2727 -44 -138 -144 61196637
52 -189 -4018 -108 -19 -2898 -49 -139 -147 61196646
-152 34 -4008 -110 -18 -3242 -49 -139 -147 61196646
-472 67 -3909 -64 -15 -3433 -47 -147 -143 61196655
-437 -65 -3885 -22 -11 -3225 -47 -147 -143 61196662
-611 -38 -3989 -78 -20 -2882 -54 -142 -142 61196662
-431 -156 -4033 -12 0 -2486 -54 -142 -142 61196671
-280 -98 -4114 -106 -19 -2216 -52 -132 -140 61196671
-364 -169 -4107 -52 -7 -1994 -52 -132 -140 61196684
-225 -113 -4096 -21 -1 -1713 -52 -144 -146 61196688
-209 -211 -4002 -8 5 -1543 -52 -144 -146 61196688
-62 -211 -3971 -38 2 -1419 -50 -130 -148 61196696
-140 -211 -4020 -59 -4 -1411 -50 -130 -148 61196696
-141 -220 -4000 -1 10 -1242 -43 -141 -143 61196700
-162 -83 -4026 -9 8 -1079 -43 -141 -143 61196712
-71 -81 -4039 -13 1 -1088 -49 -137 -139 61196712
-95 -55 -4056 -19 -1 -1221 -49 -137 -139 61196721
-192 -88 -3975 103 19 -1228 -60 -130 -146 61196721
-51 -35 -3995 189 25 -1005 -60 -130 -146 61196725
-226 -22 -4006 260 30 -925 -52 -132 -144 61196736
-55 29 -3984 373 35 -850 -52 -132 -144 61196736
79 -16 -3936 367 28 -1018 -49 -137 -143 61196748
68 -86 -3968 265 20 -1176 -49 -137 -143 61196748
194 -56 -3917 30 3 -1403 -57 -133 -143 61196751
-29 -119 -3950 -339 -22 -1774 -57 -133 -143 61196761
-150 -39 -3994 -533 -40 -1935 -53 -145 -147 61196761
-192 -95 -4039 -522 -38 -2021 -53 -145 -147 61196771
-360 -29 -4052 -459 -46 -2080 -57 -127 -141 61196771
-475 -17 -4042 -244 -21 -2079 -57 -127 -141 61196773
-723 -180 -3951 -48 0 -1864 -48 -126 -146 61196787
-64 -163 -3987 -84 -5 -1617 -48 -126 -146 61196787
-174 -162 -4003 -137 -6 -1583 -51 -137 -143 61196799
-289 -117 -4088 -105 -5 -1461 -51 -137 -143 61196799
-334 -168 -4015 -32 7 -1239 -54 -136 -138 61196807
-271 -51 -4078 -71 -4 -1072 -54 -136 -138 61196807
-210 -99 -4042 -80 1 -1080 -53 -137 -145 61196807
-216 -170 -3978 -22 12 -991 -53 -137 -145 61196821
-218 -91 -3990 -80 -2 -894 -49 -129 -141 61196821
-180 -64 -4014 -28 8 -814 -49 -129 -141 61196838
-164 -155 -3992 45 20 -737 -50 -132 -138 61196838
-127 -174 -4011 18 17 -642 -50 -132 -138 61196841
-159 -99 -3995 -11 15 -494 -53 -135 -145 61196846
-162 -87 -4038 -61 7 -465 -53 -135 -145 61196846
-148 -93 -4017 -36 12 -416 -45 -133 -141 61196857
-149 -64 -3998 -11 16 -365 -45 -133 -141 61196857
-143 -51 -3985 -24 14 -437 -49 -135 -141 61196862
213 -38 -4004 -124 1 -641 -49 -135 -141 61196871
1015 -316 -4066 -257 -26 -1354 -53 -119 -143 61196871
852 -595 -4005 -237 -38 -2715 -53 -119 -143 61196890
637 -286 -4109 -313 -72 -3901 -49 -133 -147 61196890
418 123 -4077 -188 -43 -4522 -49 -133 -147 61196897
-845 131 -3948 -109 -25 -4097 -52 -136 -152 61196902
-1157 194 -3961 -33 -5 -2855 -52 -136 -152 61196902
-1272 -16 -3964 4 16 -1626 -56 -142 -148 61196907
-898 -178 -3955 46 29 -823 -56 -142 -148 61196907
-377 -78 -4020 12 25 -444 -48 -128 -152 61196911
-226 -11 -3976 50 30 -310 -48 -128 -152 61196917
-155 13 -3994 77 30 -356 -45 -133 -145 61196917
-117 53 -4033 115 37 -437 -45 -133 -145 61196943
-19 69 -3998 104 30 -647 -48 -130 -148 61196943
-171 22 -4018 1 19 -1000 -48 -130 -148 61196950
-270 -108 -4039 -8 13 -1183 -46 -134 -146 61196950
-225 -155 -4053 198 34 -969 -46 -134 -146 61196952
-230 -76 -4053 446 56 -646 -52 -132 -148 61196955
-151 -78 -4061 656 66 -494 -52 -132 -148 61196955
0 -132 -4001 743 66 -518 -39 -133 -145 61196965
-50 -208 -4020 583 53 -695 -39 -133 -145 61196965
-2 -238 -4033 421 35 -773 -42 -136 -150 61196971
2 -233 -4027 396 29 -626 -42 -136 -150 61196994
-69 -162 -4001 371 28 -546 -40 -130 -152 61196994
2 -81 -3980 270 24 -635 -40 -130 -152 61197002
-262 -152 -3996 129 8 -758 -43 -129 -145 61197002
-234 -203 -3995 118 9 -699 -43 -129 -145 61197003
-162 -148 -3983 158 13 -588 -45 -131 -151 61197006
-405 -151 -4006 144 13 -502 -45 -131 -151 61197006
-288 -127 -4025 259 26 -319 -46 -132 -152 61197017
-321 -68 -3961 391 40 -192 -46 -132 -152 61197017
-298 -120 -3892 265 29 -426 -41 -133 -147 61197020
-182 -130 -4004 -60 -3 -809 -41 -133 -147 61197055
-130 -119 -4066 -13 -1 -818 -33 -131 -149 61197055
-165 -127 -3997 199 18 -679 -33 -131 -149 61197058
-215 -85 -3944 224 16 -715 -39 -131 -149 61197058
-118 -191 -4011 50 -5 -1002 -39 -131 -149 61197060
-103 -208 -3983 -36 -18 -1111 -44 -128 -150 61197062
-108 -182 -4030 -104 -22 -1134 -44 -128 -150 61197062
-129 -151 -4035 -126 -25 -1194 -32 -132 -152 61197066
83 -238 -3997 -167 -31 -1322 -32 -132 -152 61197066
-29 -121 -3944 -281 -54 -1576 -31 -131 -149 61197067
-186 -227 -4023 -456 -62 -1846 -31 -131 -149 61197098
-77 -89 -3981 -446 -58 -1742 -33 -135 -153 61197121
-380 -119 -3987 -433 -56 -1729 -33 -135 -153 61197123
-124 -50 -4019 -356 -43 -1563 -35 -131 -155 61197123
75 -74 -3971 -315 -38 -1553 -35 -131 -155 61197127
-92 -155 -3991 -448 -52 -1786 -43 -135 -153 61197127
154 -155 -3930 -585 -63 -1894 -43 -135 -153 61197129
-140 -255 -3976 -727 -68 -1958 -36 -124 -154 61197131
-88 -119 -3964 -744 -60 -1849 -36 -124 -154 61197131
-68 -185 -4022 -822 -61 -1923 -38 -132 -152 61197134
-60 -142 -3972 -839 -70 -2105 -38 -132 -152 61197134
-14 -390 -4152 -894 -80 -2558 -46 -124 -154 61197147
-20 -432 -3998 -334 -44 -2894 -46 -124 -154 61197151
82 -360 -3992 -139 -31 -3511 -43 -125 -153 61197151
-114 -149 -4021 -142 -39 -3930 -43 -125 -153 61197160
-394 17 -3999 -99 -34 -4031 -35 -125 -151 61197160
-479 50 -4013 -103 -36 -3762 -35 -125 -151 61197164
-502 19 -4001 -23 -20 -3184 -46 -122 -156 61197168
-318 -9 -3971 70 -4 -2719 -46 -122 -156 61197168
-296 36 -3996 44 -12 -2374 -40 -116 -150 61197179
-234 -19 -4013 16 -8 -2073 -40 -116 -150 61197179
-153 -79 -4002 -6 -4 -1940 -37 -129 -153 61197197
-203 -126 -3959 -18 -7 -2041 -37 -129 -153 61197202
-293 -91 -3977 -134 -19 -2045 -32 -126 -152 61197202
-217 -144 -3985 -170 -18 -1851 -32 -126 -152 61197207
32 -394 -3996 -165 -24 -1868 -37 -117 -147 61197207
71 -265 -3997 -229 -33 -2030 -37 -117 -147 61197212
60 -257 -4004 -262 -43 -2202 -40 -122 -158 61197217
5 -259 -4116 -131 -23 -2450 -40 -122 -158 61197217
-103 61 -4018 -97 -16 -2594 -35 -123 -151 61197229
-275 -139 -4007 -189 -37 -2709 -35 -123 -151 61197229
-524 -193 -4010 -248 -50 -2577 -33 -123 -147 61197237
-499 -154 -4040 -306 -62 -2244 -33 -123 -147 61197237
-202 -9 -4010 -181 -31 -1584 -42 -118 -158 61197247
-111 123 -3984 -109 -14 -1179 -42 -118 -158 61197252
-173 240 -4038 40 31 -821 -35 -125 -151 61197252
-233 63 -3994 212 79 -623 -35 -125 -151 61197263
-217 -49 -4044 145 56 -475 -42 -118 -158 61197263
-180 -135 -4004 124 45 -356 -42 -118 -158 61197267
-183 -80 -4013 14 23 -393 -39 -123 -147 61197277
-156 -129 -3991 -35 11 -507 -39 -123 -147 61197277
-73 -304 -4016 -54 9 -656 -41 -123 -151 61197299
-129 -328 -4000 -44 9 -811 -41 -123 -151 61197299
-197 -67 -4004 2 17 -856 -33 -123 -157 61197303
-171 -29 -4018 18 21 -742 -33 -123 -157 61197307
-42 -202 -4000 17 22 -777 -43 -119 -151 61197307
242 -398 -4018 -102 -7 -1036 -43 -119 -151 61197317
142 -124 -4041 -132 -17 -1474 -42 -116 -152 61197317
95 -11 -4020 -51 3 -1668 -42 -116 -152 61197319
52 -83 -4018 -75 -9 -1748 -34 -122 -152 61197328
-233 -86 -3995 -114 -17 -1754 -34 -122 -152 61197328
-262 -85 -4014 -151 -29 -1487 -33 -119 -153 61197339
-85 -56 -4019 -109 -16 -1140 -33 -119 -153 61197339
-106 -116 -3986 -206 -47 -853 -34 -120 -154 61197350
-249 -85 -3992 -597 -166 -600 -34 -120 -154 61197355
-669 67 -4032 -1051 -301 -360 -39 -119 -145 61197355
27 97 -4118 -1118 -317 -108 -39 -119 -145 61197364
-258 -136 -3975 -411 -107 -207 -39 -115 -153 61197364
-355 241 -3973 -273 -65 -249 -39 -115 -153 61197367
-771 241 -3944 -86 -10 -121 -38 -118 -156 61197374
-398 -162 -3966 7 22 60 -38 -118 -156 61197374
-238 -37 -3943 -33 10 -18 -41 -117 -147 61197388
-195 -78 -3980 -25 14 -10 -41 -117 -147 61197388
-205 -78 -4004 -28 14 -17 -35 -117 -147 61197404
-187 -54 -4021 -30 19 -13 -35 -117 -147 61197404
-190 -48 -3984 -30 17 -27 -37 -117 -145 61197410
-194 -54 -4007 -26 20 -16 -37 -117 -145 61197414
-179 -44 -3986 -33 23 -22 -45 -125 -149 61197414
-156 -58 -3999 -26 23 -25 -45 -125 -149 61197424
-147 -55 -4003 -27 26 -22 -38 -122 -154 61197424
-157 -32 -4029 -24 24 -25 -38 -122 -154 61197427
-144 -49 -4011 -24 22 -27 -37 -115 -143 61197439
-168 -59 -4017 -27 22 -22 -37 -115 -143 61197439
-175 -43 -4003 -22 20 -14 -35 -117 -147 61197454
-186 -61 -4018 -23 20 -23 -35 -117 -147 61197454
-184 -48 -4011 -21 24 -17 -36 -114 -144 61197458
-164 -39 -3997 -21 21 -24 -36 -114 -144 61197462
-192 -50 -4006 -26 21 -18 -39 -115 -153 61197462
-200 -37 -3991 -22 21 -17 -39 -115 -153 61197473
-177 -28 -4011 -26 22 -16 -42 -118 -150 61197473
-203 -52 -4002 -20 27 -17 -42 -118 -150 61197476
-180 -36 -3994 -22 24 -20 -32 -114 -142 61197487
-198 -66 -3988 -20 24 -10 -32 -114 -142 61197487
-171 -65 -4005 -22 25 -28 -36 -120 -150 61197509
-179 -69 -4012 -21 24 -20 -36 -120 -150 61197509
-171 -76 -4003 -20 24 -14 -42 -114 -144 61197512
-164 -63 -4010 -25 25 -15 -42 -114 -144 61197518
-154 -52 -4013 -28 26 -19 -39 -119 -155 61197518
-154 -59 -4011 -25 27 -23 -39 -119 -155 61197523
-163 -80 -4022 -22 25 -28 -38 -116 -154 61197523
-151 -52 -4003 -23 20 -33 -38 -116 -154 61197526
-153 -47 -3991 -21 21 -25 -40 -116 -148 61197537
-185 -49 -3996 -23 21 -28 -40 -116 -148 61197537
-168 -33 -4025 -25 19 -15 -39 -115 -149 61197557
-174 -32 -4022 -19 20 -5 -39 -115 -149 61197557
-156 -40 -4011 -11 20 -18 -41 -115 -147 61197563
-183 -37 -3985 -17 20 -23 -41 -115 -147 61197563
-178 -35 -3984 -18 19 -19 -45 -125 -145 61197565
-201 -47 -4004 -16 20 -20 -45 -125 -145 61197574
-189 -39 -3998 -14 24 -22 -42 -118 -158 61197574
-207 -38 -4018 -17 24 -16 -42 -118 -158 61197583
-177 -46 -3998 -17 24 -7 -40 -124 -144 61197583
-185 -57 -3975 -14 25 -17 -40 -124 -144 61197586
-184 -54 -4000 -15 27 -18 -40 -114 -150 61197607
-168 -75 -4031 -13 25 -18 -40 -114 -150 61197607
-146 -68 -4017 -15 24 -21 -50 -118 -144 61197614
-145 -87 -4011 -19 23 -25 -50 -118 -144 61197615
-129 -69 -3993 -14 20 -20 -36 -122 -148 61197620
-156 -63 -4012 -17 21 -18 -36 -122 -148 61197623
-157 -60 -4005 -19 23 -17 -44 -118 -152 61197623
-147 -61 -4011 -15 23 -31 -44 -118 -152 61197635
-157 -60 -4020 -17 23 -21 -38 -120 -152 61197635
-166 -45 -4008 -14 21 -16 -38 -120 -152 61197640
-178 -65 -4000 -15 21 -17 -37 -123 -145 61197659
-191 -33 -4015 -14 21 -26 -37 -123 -145 61197659
-179 -29 -4001 -9 20 -18 -45 -115 -145 61197667
-177 -30 -4004 -7 18 -26 -45 -115 -145 61197667
-181 -25 -3982 -9 20 -21 -38 -116 -148 61197669
-191 -25 -4001 -13 19 -17 -38 -116 -148 61197672
-176 -27 -3992 -12 23 -22 -48 -122 -152 61197672
-183 -24 -3997 -4 25 -20 -48 -122 -152 61197686
-181 -45 -3994 -6 24 -22 -44 -118 -148 61197686
-157 -49 -3992 -7 25 -29 -44 -118 -148 61197689
-181 -52 -3991 -9 22 -19 -41 -115 -151 61197718
-172 -57 -3995 -9 21 -16 -41 -115 -151 61197718
-167 -72 -4025 -9 22 -10 -41 -117 -145 61197726
-166 -62 -4023 -12 22 -14 -41 -117 -145 61197726
-161 -64 -3996 -10 22 -20 -47 -117 -153 61197736
-153 -80 -4005 -8 23 -10 -47 -117 -153 61197736
-152 -70 -3986 -6 19 -16 -47 -107 -143 61197739
-162 -64 -4005 -6 21 -12 -47 -107 -143 61197743
-176 -66 -4019 -6 22 -15 -43 -119 -147 61197743
-157 -75 -4011 -5 21 -18 -43 -119 -147 61197748
-180 -62 -3985 -6 22 -11 -48 -112 -138 61197748
-202 -41 -3997 -6 21 -24 -48 -112 -138 61197758
-189 -55 -4007 -1 21 -28 -51 -109 -135 61197763
-197 -50 -4003 -9 22 -28 -51 -109 -135 61197763
-196 -41 -3999 -6 25 -21 -47 -107 -139 61197768
-182 -52 -4017 -5 21 -15 -47 -107 -139 61197768
-175 -32 -3988 -8 24 -21 -40 -114 -146 61197773
-162 -39 -4022 -4 26 -14 -40 -114 -146 61197787
-163 -39 -4015 -10 26 -12 -42 -120 -144 61197787
-186 -42 -4014 -9 23 -10 -42 -120 -144 61197796
-147 -40 -4028 -10 21 -21 -41 -119 -149 61197796
-166 -49 -4015 -9 23 -19 -41 -119 -149 61197812
-159 -53 -4016 -3 24 -22 -43 -119 -147 61197817
-147 -46 -4022 -3 22 -13 -43 -119 -147 61197817
-146 -67 -4010 -10 21 -14 -38 -118 -144 61197822
-164 -61 -4004 -4 20 -12 -38 -118 -144 61197822
-147 -50 -4024 -8 18 -11 -41 -115 -159 61197826
-185 -65 -4012 -6 20 -8 -41 -115 -159 61197834
-171 -61 -4019 -6 17 -17 -41 -117 -149 61197834
-178 -72 -4002 -8 18 -12 -41 -117 -149 61197845
-174 -57 -3992 -14 17 -15 -43 -119 -151 61197845
-190 -41 -3979 -11 21 -20 -43 -119 -151 61197850
-193 -45 -3995 -9 22 -26 -39 -107 -145 61197862
-201 -84 -4000 -9 21 -31 -39 -107 -145 61197862
-188 -66 -4020 -13 22 -11 -38 -110 -144 61197871
-194 -46 -3983 -15 18 -14 -38 -110 -144 61197871
-202 -44 -3924 -14 22 -20 -38 -118 -154 61197879
-173 -47 -3964 -11 28 -23 -38 -118 -154 61197879
-158 -72 -4034 -9 26 -20 -44 -120 -148 61197885
-169 -66 -3980 -10 25 -19 -44 -120 -148 61197893
-182 -68 -4037 -9 27 -26 -35 -119 -137 61197893
-167 -51 -4018 -14 24 -15 -35 -119 -137 61197918
-144 -45 -4010 -9 23 -23 -38 -118 -142 61197918
-140 -64 -3999 -12 24 -22 -38 -118 -142 61197922
-141 -45 -4039 -17 22 -15 -43 -117 -147 61197926
-166 -30 -4033 -17 18 -19 -43 -117 -147 61197926
-193 -31 -4013 -18 16 -17 -43 -113 -145 61197934
-162 -35 -3953 -16 19 -21 -43 -113 -145 61197934
-177 -40 -3966 23 23 -22 -43 -113 -143 61197936
-217 11 -4000 32 34 -21 -43 -113 -143 61197946
-208 9 -4040 113 63 -27 -54 -112 -138 61197946
-139 -184 -4057 169 84 -26 -54 -112 -138 61197955
-199 -28 -3961 -36 18 -11 -58 -102 -130 61197955
-193 -66 -3977 -47 11 -30 -58 -102 -130 61197966
-176 -133 -4014 -49 13 -24 -43 -113 -137 61197969
-225 -387 -4062 -100 -1 -52 -43 -113 -137 61197969
-326 -736 -4041 -62 15 -201 -47 -123 -155 61197982
-90 -1024 -4045 -89 6 -427 -47 -123 -155 61197982
-351 -651 -3954 134 82 -1061 -42 -114 -150 61197985
-70 608 -4037 20 46 -1359 -42 -114 -150 61197990
-94 906 -4053 -218 -34 -1252 -41 -119 -145 61197990
-209 895 -4100 -37 28 -922 -41 -119 -145 61198015
-220 210 -4032 -23 26 -322 -41 -109 -141 61198015
-193 145 -4032 73 56 -282 -41 -109 -141 61198023
-163 147 -3982 -28 28 -740 -33 -119 -145 61198023
-178 97 -4009 -114 0 -1246 -33 -119 -145 61198027
-161 -61 -4022 -123 1 -1554 -38 -112 -150 61198031
-177 -241 -3991 -153 -13 -1566 -38 -112 -150 61198031
-370 -707 -3969 -86 12 -1489 -35 -121 -143 61198039
-194 -614 -3948 -104 8 -1518 -35 -121 -143 61198039
-95 -206 -3991 -81 15 -1624 -39 -115 -151 61198044
-204 25 -4048 -97 11 -1634 -39 -115 -151 61198057
-207 39 -4022 -75 16 -1553 -40 -110 -146 61198057
-88 -291 -4006 -87 15 -1559 -40 -110 -146 61198072
-160 -37 -3927 -77 20 -1735 -42 -118 -146 61198072
-109 -27 -3943 -74 19 -1732 -42 -118 -146 61198075
-16 -313 -4042 -54 15 -1804 -41 -111 -145 61198079
46 -148 -4088 -42 34 -2096 -41 -111 -145 61198079
-138 -182 -4032 -81 15 -2232 -35 -107 -147 61198089
75 -232 -3917 -105 8 -2306 -35 -107 -147 61198089
38 -129 -3904 -98 14 -2728 -34 -114 -148 61198094
15 85 -3961 -107 7 -3177 -34 -114 -148 61198127
-135 64 -3888 -144 1 -3239 -41 -115 -147 61198127
8 -14 -4023 -93 16 -3313 -41 -115 -147 61198133
10 -99 -3988 -126 -1 -3485 -39 -111 -145 61198133
93 -429 -4052 -108 10 -3726 -39 -111 -145 61198136
-290 -214 -4050 -173 -11 -4204 -32 -108 -150 61198140
-212 -74 -4000 -119 10 -4274 -32 -108 -150 61198140
