-0.06123469 0.3836761 2.082029 Tracked 64344118
-0.06234811 0.383992 2.08233 Tracked 64344153
-0.0643562 0.3843286 2.083266 Tracked 64344185
-0.07540108 0.3827646 2.078106 Tracked 64344218
-0.0800519 0.3806352 2.077549 Tracked 64344253
-0.0996473 0.3590892 2.075113 Tracked 64344285
-0.1081823 0.3422243 2.07492 Tracked 64344318
-0.1170441 0.3128643 2.074537 Tracked 64344354
-0.1278259 0.2746372 2.079889 Tracked 64344385
-0.1237316 0.2557729 2.083027 Tracked 64344418
-0.1220394 0.2283631 2.081744 Tracked 64344453
-0.1214713 0.195759 2.086188 Tracked 64344485
-0.1407565 0.1344772 2.090741 Tracked 64344518
-0.135074 0.09720669 2.080064 Tracked 64344552
-0.1243569 0.0868058 2.083504 Tracked 64344586
-0.1143006 0.06393939 2.087314 Tracked 64344618
-0.1046328 0.05004032 2.08646 Tracked 64344652
-0.09836403 0.02858239 2.080798 Tracked 64344685
-0.09486543 0.01629178 2.07863 Tracked 64344718
-0.09221794 0.007476645 2.078528 Tracked 64344752
-0.09040359 0.002061914 2.078429 Tracked 64344785
-0.08971588 -0.0007242768 2.078062 Tracked 64344817
-0.08976067 -0.002289732 2.078327 Tracked 64344853
-0.08442217 -0.007035874 2.081755 Tracked 64344886
-0.08013409 -0.008304021 2.08597 Tracked 64344918
-0.08264614 -0.001746547 2.097087 Tracked 64344952
-0.0911836 0.01156654 2.09637 Tracked 64344985
-0.0917452 0.0261108 2.086605 Tracked 64345018
-0.09551165 0.0447096 2.082134 Tracked 64345052
-0.0992288 0.06922368 2.083218 Tracked 64345086
-0.1032895 0.09492373 2.083787 Tracked 64345118
-0.1096178 0.1352118 2.082715 Tracked 64345152
-0.1158386 0.1578194 2.082569 Tracked 64345193
-0.127106 0.1989467 2.083476 Tracked 64345221
-0.1348008 0.229674 2.083423 Tracked 64345253
-0.1337462 0.240255 2.081599 Tracked 64345286
-0.1286243 0.2967768 2.073753 Tracked 64345318
-0.1266531 0.3131278 2.073285 Tracked 64345352
-0.1208066 0.3411396 2.07398 Tracked 64345385
-0.1192084 0.3491086 2.071405 Tracked 64345418
-0.1109823 0.3705808 2.07064 Tracked 64345453
-0.1065362 0.3776723 2.070762 Tracked 64345486
-0.1022215 0.3829158 2.07038 Tracked 64345518
-0.1020164 0.3830011 2.069064 Tracked 64345552
-0.1003874 0.3834922 2.068556 Tracked 64345585
-0.09883051 0.3834292 2.067827 Tracked 64345618
-0.09577259 0.3836245 2.068028 Tracked 64345653
-0.08991499 0.384212 2.069369 Tracked 64345685
-0.08976344 0.384224 2.069299 Tracked 64345718
-0.08967951 0.3842394 2.069231 Tracked 64345752
-0.0895971 0.38425 2.069102 Tracked 64345785
-0.08954355 0.3842543 2.069026 Tracked 64345818
-0.08960891 0.3844027 2.069007 Tracked 64345853
-0.09016146 0.3849693 2.069036 Tracked 64345885
-0.09128357 0.3860025 2.069591 Tracked 64345918
-0.09280221 0.3868395 2.070387 Tracked 64345952
-0.09716105 0.3859214 2.070187 Tracked 64345986
-0.1210541 0.3662919 2.062938 Tracked 64346019
-0.1297944 0.3475365 2.061716 Tracked 64346053
-0.1386321 0.3166561 2.059781 Tracked 64346085
-0.144483 0.2811428 2.05874 Tracked 64346119
-0.145818 0.2444749 2.060322 Tracked 64346153
-0.1438579 0.2098266 2.065049 Tracked 64346185
-0.1416154 0.1625426 2.066016 Tracked 64346219
-0.1323718 0.1301237 2.068216 Tracked 64346252
-0.130639 0.08703936 2.068691 Tracked 64346285
-0.114267 0.08097887 2.068271 Tracked 64346317
-0.09312905 0.05395194 2.065321 Tracked 64346352
-0.0883605 0.03962925 2.061275 Tracked 64346385
-0.07879301 0.01688244 2.059912 Tracked 64346417
-0.07706849 0.009197342 2.060252 Tracked 64346451
-0.07656118 0.003887637 2.059307 Tracked 64346485
-0.07721639 -0.002053756 2.059817 Tracked 64346517
-0.07764455 -0.00534998 2.060074 Tracked 64346552
-0.07699187 -0.006568538 2.059998 Tracked 64346585
-0.07681176 -0.006636818 2.059816 Tracked 64346618
-0.07638372 -0.006374058 2.059727 Tracked 64346652
-0.07609498 -0.005031272 2.059843 Tracked 64346685
-0.0762912 0.004497535 2.057565 Tracked 64346717
-0.07783441 0.01635544 2.057631 Tracked 64346752
-0.07917917 0.04169831 2.063297 Tracked 64346785
-0.0839873 0.0646063 2.063413 Tracked 64346818
-0.08909628 0.0837259 2.068438 Tracked 64346852
-0.0999481 0.1171097 2.069094 Tracked 64346885
-0.1054555 0.1503055 2.069703 Tracked 64346918
-0.1212404 0.1756031 2.0734 Tracked 64346952
-0.1292774 0.2003271 2.071912 Tracked 64346985
-0.1322384 0.2463888 2.069578 Tracked 64347018
-0.1332338 0.2686376 2.070108 Tracked 64347053
-0.1348163 0.2776162 2.067944 Tracked 64347085
-0.1312234 0.3322435 2.066041 Tracked 64347117
-0.1291623 0.3412775 2.066041 Tracked 64347151
-0.124728 0.3553345 2.065413 Tracked 64347186
-0.1225382 0.3609624 2.063805 Tracked 64347218
-0.1155899 0.3758068 2.063431 Tracked 64347252
-0.1141028 0.3784808 2.062733 Tracked 64347285
-0.1127369 0.3798747 2.062024 Tracked 64347318
-0.1114186 0.3805926 2.061356 Tracked 64347353
-0.1104894 0.3811031 2.060849 Tracked 64347386
-0.1070097 0.3816387 2.061481 Tracked 64347418
-0.1048729 0.3819308 2.062001 Tracked 64347452
-0.09831633 0.3832237 2.065045 Tracked 64347485
-0.09822311 0.3832052 2.065041 Tracked 64347518
-0.09812146 0.383199 2.065016 Tracked 64347552
-0.09573311 0.3841367 2.067034 Tracked 64347586
-0.0957488 0.3841674 2.066984 Tracked 64347618
-0.09582685 0.3843808 2.066997 Tracked 64347651
-0.09647011 0.3851769 2.06724 Tracked 64347686
-0.09757326 0.3863675 2.067639 Tracked 64347718
-0.09845576 0.3867852 2.068067 Tracked 64347753
-0.1001549 0.386589 2.069714 Tracked 64347786
-0.1044008 0.3824277 2.070929 Tracked 64347818
-0.127675 0.3476962 2.06643 Tracked 64347852
-0.1324814 0.3286834 2.066773 Tracked 64347885
-0.1368738 0.301744 2.067639 Tracked 64347918
-0.1410959 0.2630212 2.070424 Tracked 64347952
-0.1483982 0.2201304 2.074606 Tracked 64347985
-0.1475326 0.193449 2.076764 Tracked 64348019
-0.1466651 0.1528149 2.081065 Tracked 64348052
-0.132924 0.1280975 2.079461 Tracked 64348085
-0.1211356 0.09795656 2.080807 Tracked 64348118
-0.1127938 0.08007148 2.079794 Tracked 64348152
-0.09689253 0.06211544 2.075239 Tracked 64348185
-0.08554418 0.04357604 2.073477 Tracked 64348218
-0.08243243 0.03517866 2.070303 Tracked 64348252
-0.07884474 0.02117044 2.066151 Tracked 64348285
-0.07224599 0.008760391 2.069485 Tracked 64348318
-0.07127157 0.005674178 2.069354 Tracked 64348352
-0.07106046 0.003718552 2.068931 Tracked 64348385
-0.06944185 0.001523551 2.07124 Tracked 64348418
-0.06978346 0.001347006 2.070396 Tracked 64348452
-0.07045839 0.002296426 2.070464 Tracked 64348485
-0.07120299 0.005622947 2.071412 Tracked 64348518
-0.07448209 0.01868828 2.069736 Tracked 64348552
-0.07958617 0.06666943 2.075834 Tracked 64348585
-0.08062572 0.07487784 2.076289 Tracked 64348618
-0.08961473 0.09443211 2.080117 Tracked 64348652
-0.1008683 0.1350703 2.081601 Tracked 64348685
-0.1109339 0.1490591 2.076442 Tracked 64348718
-0.1133721 0.1958229 2.072665 Tracked 64348752
-0.1231079 0.2277863 2.077618 Tracked 64348785
-0.1230172 0.2524239 2.078862 Tracked 64348818
-0.1233328 0.2789113 2.076439 Tracked 64348853
-0.1225223 0.3044612 2.075297 Tracked 64348885
-0.118848 0.3277123 2.074716 Tracked 64348917
-0.1125146 0.3475751 2.074203 Tracked 64348951
-0.1069196 0.3606495 2.073164 Tracked 64348986
-0.1018893 0.3715342 2.072877 Tracked 64349019
-0.09666537 0.3779065 2.072022 Tracked 64349053
-0.09181762 0.3823675 2.072215 Tracked 64349088
-0.08514834 0.3851103 2.072514 Tracked 64349118
-0.0825207 0.3860789 2.072329 Tracked 64349152
-0.08000173 0.3866889 2.071899 Tracked 64349185
-0.07802247 0.3870196 2.071586 Tracked 64349219
-0.07637032 0.3873871 2.071388 Tracked 64349253
-0.07498179 0.3875032 2.071066 Tracked 64349285
-0.07371965 0.3876331 2.070879 Tracked 64349319
-0.07277165 0.3876377 2.07055 Tracked 64349352
-0.07204483 0.3876819 2.070342 Tracked 64349385
-0.07143489 0.3878397 2.070309 Tracked 64349419
-0.07085726 0.3881006 2.070297 Tracked 64349453
-0.0707201 0.388285 2.07037 Tracked 64349485
-0.070745 0.3884294 2.070429 Tracked 64349519
-0.07101472 0.3889273 2.071129 Tracked 64349552
-0.07405046 0.3881811 2.07054 Tracked 64349585
-0.08078464 0.3831425 2.069952 Tracked 64349619
-0.08278701 0.3803633 2.072037 Tracked 64349652
-0.1018328 0.3474741 2.069221 Tracked 64349685
-0.1095468 0.3221702 2.069799 Tracked 64349718
-0.1139849 0.2925824 2.072646 Tracked 64349752
-0.1158553 0.2574602 2.072958 Tracked 64349786
-0.1206928 0.2141095 2.078273 Tracked 64349818
-0.1237347 0.1777214 2.082132 Tracked 64349852
-0.1221573 0.1446914 2.088815 Tracked 64349885
-0.1068149 0.1136512 2.087673 Tracked 64349918
-0.09610438 0.08395214 2.086228 Tracked 64349954
-0.08710281 0.07479046 2.087191 Tracked 64349986
-0.07592144 0.05474895 2.090213 Tracked 64350018
-0.06643045 0.03048591 2.081664 Tracked 64350052
-0.06336045 0.01684928 2.080764 Tracked 64350085
-0.06158438 0.009848941 2.081975 Tracked 64350118
-0.05820099 -0.002597211 2.086968 Tracked 64350152
-0.05783812 -0.004965195 2.087295 Tracked 64350185
-0.05773503 -0.005881528 2.087714 Tracked 64350218
-0.0577866 -0.006191091 2.087937 Tracked 64350251
-0.05777998 -0.005799703 2.088196 Tracked 64350285
-0.05874364 -0.00361998 2.087797 Tracked 64350318
-0.06150329 0.007472297 2.086656 Tracked 64350352
-0.06403572 0.02554387 2.088054 Tracked 64350385
-0.07115279 0.07735589 2.093869 Tracked 64350418
-0.07159545 0.08829184 2.094227 Tracked 64350452
-0.08419096 0.1127806 2.095988 Tracked 64350485
-0.09947886 0.1434941 2.093083 Tracked 64350518
-0.1121545 0.183017 2.094067 Tracked 64350553
-0.1150824 0.205838 2.092704 Tracked 64350585
-0.1143709 0.2445397 2.089286 Tracked 64350618
-0.1125366 0.2626575 2.088752 Tracked 64350652
-0.1126165 0.2865027 2.086068 Tracked 64350685
-0.1111362 0.2991735 2.083822 Tracked 64350718
-0.1001367 0.3408563 2.081536 Tracked 64350752
-0.09594035 0.3499455 2.08121 Tracked 64350785
-0.09515538 0.3528595 2.07929 Tracked 64350818
-0.08436891 0.3700036 2.079469 Tracked 64350852
-0.07923824 0.3757871 2.078189 Tracked 64350885
-0.07502691 0.3792472 2.077829 Tracked 64350918
-0.07054653 0.3826183 2.077533 Tracked 64350951
-0.06775776 0.3841423 2.077211 Tracked 64350985
-0.06575736 0.3850835 2.076633 Tracked 64351018
-0.06411763 0.3855427 2.076061 Tracked 64351052
-0.06264684 0.3859517 2.075098 Tracked 64351085
-0.061513 0.3863726 2.074441 Tracked 64351118
-0.06058049 0.3866934 2.073917 Tracked 64351152
-0.05999194 0.3868886 2.073495 Tracked 64351185
-0.05967199 0.3870663 2.073087 Tracked 64351218
-0.05960754 0.3871623 2.07292 Tracked 64351252
-0.05965032 0.3872918 2.072725 Tracked 64351285
-0.05985804 0.3873849 2.072702 Tracked 64351319
-0.06168403 0.3875088 2.072441 Tracked 64351352
-0.06630372 0.3875515 2.072408 Tracked 64351385
-0.07373228 0.3842667 2.072746 Tracked 64351418
-0.08325128 0.3771451 2.073396 Tracked 64351452
-0.09504398 0.3631953 2.074689 Tracked 64351485
-0.1045079 0.3471796 2.077248 Tracked 64351518
-0.1140102 0.3206195 2.079269 Tracked 64351553
-0.1235655 0.2852812 2.082753 Tracked 64351585
-0.1234297 0.2811152 2.085368 Tracked 64351618
-0.1384541 0.2069988 2.093958 Tracked 64351652
-0.1382008 0.1949088 2.093964 Tracked 64351684
-0.1397542 0.1541499 2.097718 Tracked 64351718
-0.1339395 0.101925 2.094185 Tracked 64351752
-0.1309473 0.0818676 2.094657 Tracked 64351785
-0.1106951 0.0720919 2.096346 Tracked 64351819
-0.09216423 0.04550121 2.094293 Tracked 64351851
-0.08851508 0.03607414 2.092917 Tracked 64351885
-0.07481246 0.007611887 2.111176 Tracked 64351918
-0.07457943 0.002203085 2.113571 Tracked 64351952
-0.07349353 -0.004987487 2.11693 Tracked 64351984
-0.07407239 -0.009697164 2.118028 Tracked 64352018
-0.07073008 -0.01434748 2.124163 Tracked 64352051
-0.07076888 -0.01484 2.124433 Tracked 64352084
-0.07061935 -0.01417309 2.124828 Tracked 64352118
-0.06970626 -0.0101672 2.12637 Tracked 64352155
-0.07039624 -0.001577923 2.125992 Tracked 64352185
-0.08197854 0.03516328 2.117752 Tracked 64352218
-0.07233581 0.09052062 2.127663 Tracked 64352252
-0.07177079 0.1003477 2.124557 Tracked 64352285
-0.07943168 0.1226361 2.118037 Tracked 64352318
-0.08919579 0.1393654 2.113604 Tracked 64352352
-0.09781332 0.1604321 2.107569 Tracked 64352385
-0.1139655 0.1996991 2.109676 Tracked 64352418
-0.115139 0.2268073 2.111408 Tracked 64352452
-0.1124705 0.256653 2.110256 Tracked 64352485
-0.1112298 0.2744031 2.109712 Tracked 64352519
-0.1087273 0.3026391 2.106857 Tracked 64352552
-0.1039838 0.3238809 2.106148 Tracked 64352586
-0.1015576 0.3352621 2.102539 Tracked 64352618
-0.09336134 0.354775 2.102642 Tracked 64352652
-0.08631436 0.3670631 2.102306 Tracked 64352685
-0.08112472 0.3744762 2.101579 Tracked 64352718
-0.08109903 0.3750213 2.100224 Tracked 64352752
-0.07414781 0.3803124 2.100443 Tracked 64352786
-0.07376683 0.3807407 2.099493 Tracked 64352818
-0.07172089 0.3822789 2.099011 Tracked 64352852
-0.07062447 0.3829265 2.098505 Tracked 64352885
-0.0691459 0.3835056 2.097744 Tracked 64352919
-0.06815851 0.3839465 2.097153 Tracked 64352951
-0.06563257 0.3850777 2.096811 Tracked 64352985
-0.0640035 0.3856651 2.096161 Tracked 64353019
-0.06320933 0.3859812 2.095922 Tracked 64353052
-0.0626557 0.3864197 2.095859 Tracked 64353085
-0.06249968 0.3866626 2.095824 Tracked 64353118
-0.0625037 0.3868871 2.095853 Tracked 64353155
-0.06256016 0.3870681 2.095944 Tracked 64353185
-0.06538694 0.3870819 2.095004 Tracked 64353219
-0.06570154 0.3866041 2.0966 Tracked 64353252
-0.08143015 0.3725488 2.094379 Tracked 64353285
-0.0892849 0.3598066 2.094307 Tracked 64353319
-0.1000542 0.335882 2.09338 Tracked 64353352
-0.1077566 0.3074354 2.094361 Tracked 64353385
-0.1183156 0.264816 2.097704 Tracked 64353419
-0.1250352 0.2345341 2.096801 Tracked 64353452
-0.1263898 0.2071031 2.100434 Tracked 64353484
-0.131235 0.1598603 2.100348 Tracked 64353518
-0.1275418 0.1348351 2.102772 Tracked 64353552
-0.1246438 0.09267563 2.103757 Tracked 64353585
-0.1229922 0.07126888 2.10494 Tracked 64353618
-0.1060956 0.05943063 2.101926 Tracked 64353653
-0.09076744 0.05151301 2.101299 Tracked 64353685
-0.0844158 0.04118505 2.099084 Tracked 64353718
-0.07575302 0.02782423 2.0961 Tracked 64353752
-0.07092737 0.01620021 2.096279 Tracked 64353785
-0.06852184 0.009504491 2.097079 Tracked 64353819
-0.06486242 0.002573851 2.099573 Tracked 64353852
-0.06419343 -0.0001853455 2.100171 Tracked 64353885
-0.06265368 -0.003002814 2.101446 Tracked 64353918
-0.06245201 -0.00288026 2.101838 Tracked 64353952
-0.06171425 -0.001637059 2.10256 Tracked 64353985
-0.06168379 0.001518616 2.103467 Tracked 64354018
-0.06297363 0.02048416 2.103447 Tracked 64354052
-0.06196808 0.06167724 2.115258 Tracked 64354085
-0.06647781 0.0750512 2.113889 Tracked 64354117
-0.07952016 0.1030645 2.111482 Tracked 64354153
-0.09097792 0.1325423 2.112538 Tracked 64354185
-0.1020529 0.1693636 2.108015 Tracked 64354218
-0.1150945 0.1926725 2.101961 Tracked 64354252
-0.1184036 0.2433304 2.104126 Tracked 64354285
-0.1178543 0.2576357 2.102469 Tracked 64354319
-0.1188887 0.2679715 2.09692 Tracked 64354352
-0.1179763 0.3224109 2.092011 Tracked 64354384
-0.1171149 0.3273689 2.089636 Tracked 64354418
-0.1060824 0.3555821 2.084514 Tracked 64354453
-0.1016412 0.3654017 2.084105 Tracked 64354485
-0.1009144 0.3675802 2.082281 Tracked 64354518
-0.09784093 0.3707711 2.08019 Tracked 64354552
-0.09493693 0.372988 2.078442 Tracked 64354584
-0.08833421 0.3764839 2.07755 Tracked 64354618
-0.08494859 0.3780738 2.076764 Tracked 64354652
-0.07863227 0.3801624 2.076512 Tracked 64354685
-0.07550362 0.3804554 2.076142 Tracked 64354718
-0.0727367 0.3808068 2.075938 Tracked 64354752
-0.06809551 0.3816015 2.07636 Tracked 64354785
-0.06519268 0.3821951 2.076695 Tracked 64354818
-0.06348149 0.3825773 2.076863 Tracked 64354852
-0.06225561 0.3830456 2.077138 Tracked 64354885
-0.06161434 0.3834385 2.077334 Tracked 64354918
-0.06110166 0.383679 2.077422 Tracked 64354952
-0.060604 0.3842154 2.077794 Tracked 64354985
-0.06042926 0.3847646 2.078158 Tracked 64355018
-0.0604909 0.3851586 2.078687 Tracked 64355052
-0.0651004 0.3853273 2.076601 Tracked 64355084
-0.07227448 0.3822885 2.074785 Tracked 64355119
-0.08131807 0.3724396 2.074147 Tracked 64355152
-0.08772081 0.3628182 2.076032 Tracked 64355185
-0.1034912 0.3266676 2.073499 Tracked 64355219
-0.1111226 0.3032435 2.075531 Tracked 64355252
-0.1154756 0.2700891 2.075622 Tracked 64355285
-0.1179405 0.235688 2.076549 Tracked 64355318
-0.1302302 0.1967121 2.078784 Tracked 64355352
-0.1324395 0.1672127 2.081916 Tracked 64355385
-0.1215775 0.1368589 2.082247 Tracked 64355418
-0.1090099 0.1122666 2.081779 Tracked 64355451
-0.08947545 0.09164226 2.075642 Tracked 64355485
-0.08231467 0.05784548 2.076542 Tracked 64355518
-0.0753833 0.03779138 2.078435 Tracked 64355551
-0.06800619 0.01829561 2.078317 Tracked 64355584
-0.06336412 0.006342286 2.07787 Tracked 64355618
-0.06350201 -0.004726788 2.077688 Tracked 64355652
-0.06322576 -0.008407467 2.077073 Tracked 64355685
-0.062956 -0.0102396 2.07645 Tracked 64355718
-0.06366218 -0.01153582 2.076645 Tracked 64355752
-0.06400108 -0.01111886 2.076831 Tracked 64355785
-0.0645579 -0.008540473 2.077092 Tracked 64355818
-0.06665372 -0.0008721037 2.076093 Tracked 64355852
-0.0709014 0.01366612 2.072934 Tracked 64355885
-0.0777749 0.04017737 2.072271 Tracked 64355919
-0.0822435 0.06515521 2.073656 Tracked 64355953
-0.08778609 0.08095995 2.07697 Tracked 64355985
-0.0975883 0.105801 2.076093 Tracked 64356018
-0.1019273 0.1408485 2.073807 Tracked 64356051
-0.1043923 0.1585238 2.073034 Tracked 64356085
-0.1168984 0.192629 2.074064 Tracked 64356119
-0.1217783 0.2156777 2.076747 Tracked 64356152
-0.1199643 0.2415104 2.074721 Tracked 64356189
-0.1212844 0.2445545 2.071913 Tracked 64356218
-0.1157241 0.298738 2.070791 Tracked 64356253
-0.1122838 0.3099186 2.070303 Tracked 64356286
-0.1026506 0.3374445 2.069053 Tracked 64356320
-0.09965552 0.3452602 2.067015 Tracked 64356353
-0.08732534 0.3684609 2.065627 Tracked 64356386
-0.08475862 0.3725861 2.064547 Tracked 64356419
-0.08229756 0.3756047 2.063343 Tracked 64356452
-0.06525754 0.3853135 2.065163 Tracked 64356485
-0.05923388 0.3875824 2.06547 Tracked 64356519
-0.05506123 0.3885848 2.06511 Tracked 64356552
-0.05309503 0.3889372 2.064677 Tracked 64356585
-0.05201942 0.3893196 2.064736 Tracked 64356619
-0.05069926 0.3894743 2.06484 Tracked 64356651
-0.05014518 0.3895316 2.064705 Tracked 64356684
-0.04955924 0.3895982 2.06478 Tracked 64356718
-0.04923171 0.3897015 2.064821 Tracked 64356752
-0.04899853 0.3897488 2.06484 Tracked 64356786
-0.04885592 0.3899339 2.065001 Tracked 64356818
-0.04884791 0.3900951 2.065176 Tracked 64356852
-0.04926039 0.390653 2.065713 Tracked 64356886
-0.05001939 0.3912016 2.06645 Tracked 64356919
-0.05204857 0.391875 2.067693 Tracked 64356952
-0.05399261 0.392195 2.069188 Tracked 64356985
-0.07719593 0.3858699 2.06562 Tracked 64357019
-0.08832816 0.3771825 2.063735 Tracked 64357053
-0.1021272 0.3551384 2.060112 Tracked 64357085
-0.1141654 0.3336821 2.058201 Tracked 64357118
-0.1256832 0.3063003 2.053375 Tracked 64357152
-0.1337396 0.277038 2.053205 Tracked 64357186
-0.134209 0.2473344 2.054087 Tracked 64357219
-0.1515115 0.1825931 2.047713 Tracked 64357252
-0.1584211 0.1529267 2.050291 Tracked 64357286
-0.1455911 0.122614 2.046324 Tracked 64357318
-0.1271177 0.09609196 2.040363 Tracked 64357352
-0.116795 0.07137436 2.037099 Tracked 64357386
-0.1129269 0.03782862 2.029188 Tracked 64357419
-0.1042702 0.01037618 2.032388 Tracked 64357452
-0.1029712 0.001805611 2.027292 Tracked 64357485
-0.1019301 -0.02268967 2.019316 Tracked 64357518
-0.1019031 -0.02760231 2.019637 Tracked 64357552
-0.1000515 -0.03279011 2.016106 Tracked 64357586
-0.08696751 -0.03402711 2.001086 Tracked 64357619
-0.08578738 -0.03126781 1.996959 Tracked 64357652
-0.08476111 -0.02514534 1.993353 Tracked 64357685
-0.08321913 -0.01701876 1.989501 Tracked 64357718
-0.09053697 0.0008170304 1.992901 Tracked 64357752
-0.09557696 0.03559501 2.000081 Tracked 64357785
-0.09646239 0.04696947 2.000652 Tracked 64357819
-0.09605733 0.06711479 2.002808 Tracked 64357852
-0.09822418 0.0943193 2.000655 Tracked 64357886
-0.1084074 0.1134335 2.007432 Tracked 64357918
-0.1164955 0.1343851 2.011171 Tracked 64357952
-0.1217392 0.1597835 2.015154 Tracked 64357986
-0.1321344 0.1840807 2.015428 Tracked 64358019
-0.1398006 0.2114535 2.015535 Tracked 64358053
-0.1364491 0.2503969 2.022066 Tracked 64358086
-0.1354105 0.2568139 2.02111 Tracked 64358119
-0.123426 0.2974488 2.027165 Tracked 64358153
-0.1173174 0.3132673 2.029427 Tracked 64358186
-0.1107841 0.336327 2.031613 Tracked 64358219
-0.1035798 0.3534424 2.03265 Tracked 64358252
-0.09751585 0.3647729 2.033256 Tracked 64358286
-0.09472542 0.3694808 2.033223 Tracked 64358319
-0.091815 0.3730544 2.033482 Tracked 64358352
-0.08951931 0.3752842 2.033431 Tracked 64358386
-0.07669383 0.3843753 2.03869 Tracked 64358419
-0.07662247 0.384468 2.038673 Tracked 64358452
-0.07520882 0.3852603 2.039368 Tracked 64358485
-0.07432094 0.3856902 2.039825 Tracked 64358520
-0.0736146 0.3861628 2.040189 Tracked 64358553
-0.07328793 0.3864546 2.040443 Tracked 64358585
-0.07318841 0.3867697 2.04088 Tracked 64358619
-0.07326042 0.387035 2.041415 Tracked 64358652
-0.07384603 0.3875721 2.042705 Tracked 64358686
-0.07464004 0.3878708 2.04395 Tracked 64358720
-0.07601941 0.3879897 2.046208 Tracked 64358752
-0.08564007 0.3808262 2.048853 Tracked 64358785
-0.09199788 0.374085 2.05162 Tracked 64358820
-0.1070165 0.3432268 2.051285 Tracked 64358852
-0.1136301 0.3163605 2.053698 Tracked 64358885
-0.1192304 0.2858269 2.056155 Tracked 64358918
-0.1197657 0.2558211 2.057737 Tracked 64358952
-0.1315145 0.211104 2.067198 Tracked 64358985
-0.1324117 0.1795544 2.066947 Tracked 64359019
-0.1343942 0.1491274 2.073847 Tracked 64359053
-0.1283651 0.1224569 2.075185 Tracked 64359085
-0.1114962 0.1031376 2.07281 Tracked 64359118
-0.09793729 0.08642942 2.071655 Tracked 64359153
-0.08675811 0.06232015 2.073033 Tracked 64359186
-0.08124006 0.04453056 2.068714 Tracked 64359219
-0.07278202 0.01765876 2.068909 Tracked 64359256
-0.0723788 0.01306843 2.067863 Tracked 64359286
-0.0704782 0.005026223 2.068516 Tracked 64359320
-0.06978017 0.0004433811 2.069002 Tracked 64359352
-0.06955467 -0.001215309 2.06924 Tracked 64359385
-0.06956272 -0.001210919 2.069224 Tracked 64359419
-0.07036936 0.002746178 2.069796 Tracked 64359452
-0.07162332 0.01221753 2.069471 Tracked 64359485
