-0.05907701 0.6342568 2.06099 Tracked 64344118
-0.06380336 0.6341977 2.058122 Tracked 64344153
-0.07012466 0.6333574 2.054022 Tracked 64344185
-0.1112051 0.6252134 2.011194 Tracked 64344218
-0.1139409 0.6228798 2.009527 Tracked 64344253
-0.15133 0.5860406 1.983941 Tracked 64344285
-0.1660671 0.5661411 1.974681 Tracked 64344318
-0.1893036 0.5225145 1.95501 Tracked 64344354
-0.2067486 0.4803335 1.947031 Tracked 64344385
-0.2195 0.4341035 1.937218 Tracked 64344418
-0.2270115 0.3952613 1.925874 Tracked 64344453
-0.2326874 0.3477746 1.920634 Tracked 64344485
-0.242899 0.2918508 1.9186 Tracked 64344518
-0.2460176 0.2479192 1.913904 Tracked 64344552
-0.2448368 0.2175529 1.914139 Tracked 64344586
-0.2450332 0.1843213 1.911864 Tracked 64344618
-0.2448816 0.1546371 1.913115 Tracked 64344652
-0.2444881 0.128029 1.912044 Tracked 64344685
-0.2426098 0.1104013 1.913323 Tracked 64344718
-0.2420669 0.09773578 1.915857 Tracked 64344752
-0.2423305 0.09076279 1.917894 Tracked 64344785
-0.2430363 0.08738197 1.918115 Tracked 64344817
-0.243579 0.08493902 1.918569 Tracked 64344853
-0.2434956 0.08392996 1.918968 Tracked 64344886
-0.2432524 0.08388703 1.919254 Tracked 64344918
-0.2431667 0.08680297 1.921129 Tracked 64344952
-0.2451169 0.09806201 1.921859 Tracked 64344985
-0.2467337 0.1207252 1.918708 Tracked 64345018
-0.2488815 0.1471057 1.91641 Tracked 64345052
-0.2498534 0.1819684 1.918889 Tracked 64345086
-0.2473201 0.2244638 1.919332 Tracked 64345118
-0.2407845 0.2753325 1.921757 Tracked 64345152
-0.2359538 0.3160611 1.924834 Tracked 64345193
-0.2307629 0.3712355 1.93035 Tracked 64345221
-0.2249301 0.4239553 1.936594 Tracked 64345253
-0.2207861 0.4359596 1.93803 Tracked 64345286
-0.1978646 0.5162335 1.954133 Tracked 64345318
-0.1848188 0.5466914 1.964623 Tracked 64345352
-0.1663024 0.5790443 1.979762 Tracked 64345385
-0.1620033 0.5858061 1.982066 Tracked 64345418
-0.1297944 0.6254065 2.002485 Tracked 64345453
-0.1229985 0.6305698 2.007356 Tracked 64345486
-0.1107945 0.6383312 2.013896 Tracked 64345518
-0.1107287 0.638108 2.013774 Tracked 64345552
-0.1057933 0.6390631 2.016372 Tracked 64345585
-0.1017342 0.6395575 2.018341 Tracked 64345618
-0.09178378 0.6416622 2.024219 Tracked 64345653
-0.07844465 0.6445235 2.032324 Tracked 64345685
-0.07850878 0.6445174 2.032264 Tracked 64345718
-0.07867141 0.6445112 2.032149 Tracked 64345752
-0.07905932 0.6445002 2.031753 Tracked 64345785
-0.08018242 0.6444529 2.030901 Tracked 64345818
-0.08237931 0.6443334 2.029521 Tracked 64345853
-0.08697827 0.6441346 2.026433 Tracked 64345885
-0.09260928 0.6436877 2.023136 Tracked 64345918
-0.1015909 0.6411374 2.017935 Tracked 64345952
-0.1248915 0.6301341 2.001148 Tracked 64345986
-0.1706499 0.5944682 1.965048 Tracked 64346019
-0.1844432 0.5704641 1.954645 Tracked 64346053
-0.2058474 0.5241116 1.934266 Tracked 64346085
-0.2181343 0.4798392 1.920953 Tracked 64346119
-0.2306071 0.4259304 1.907367 Tracked 64346153
-0.2372755 0.3746825 1.899517 Tracked 64346185
-0.2355481 0.3232436 1.891751 Tracked 64346219
-0.2398211 0.2666371 1.891966 Tracked 64346252
-0.2418802 0.223039 1.888108 Tracked 64346285
-0.235681 0.1932668 1.8867 Tracked 64346317
-0.2275155 0.1546693 1.887631 Tracked 64346352
-0.2266982 0.1294781 1.887124 Tracked 64346385
-0.2241063 0.1051888 1.888256 Tracked 64346417
-0.2230541 0.09290637 1.889064 Tracked 64346451
-0.2237938 0.08277283 1.888083 Tracked 64346485
-0.2243377 0.07571679 1.889039 Tracked 64346517
-0.2248353 0.07174861 1.889288 Tracked 64346552
-0.2247021 0.07081509 1.889535 Tracked 64346585
-0.2246608 0.07084361 1.88957 Tracked 64346618
-0.2241499 0.07217674 1.890048 Tracked 64346652
-0.2233606 0.07701822 1.891115 Tracked 64346685
-0.2225219 0.09065912 1.890055 Tracked 64346717
-0.2227081 0.1097832 1.890781 Tracked 64346752
-0.224631 0.1336458 1.891912 Tracked 64346785
-0.2288214 0.1647395 1.892955 Tracked 64346818
-0.2311772 0.1968312 1.89525 Tracked 64346852
-0.2314342 0.2449719 1.897267 Tracked 64346885
-0.2279415 0.2909601 1.900751 Tracked 64346918
-0.2282618 0.3353294 1.908665 Tracked 64346952
-0.2239871 0.3872368 1.911787 Tracked 64346985
-0.2164197 0.435507 1.918918 Tracked 64347018
-0.2094406 0.4770546 1.931224 Tracked 64347053
-0.2074097 0.4874072 1.934229 Tracked 64347085
-0.1847652 0.5560746 1.955607 Tracked 64347117
-0.1740221 0.576898 1.96758 Tracked 64347151
-0.1600557 0.5971348 1.980488 Tracked 64347186
-0.1542961 0.6040306 1.984618 Tracked 64347218
-0.1266695 0.6315758 2.005687 Tracked 64347252
-0.1253413 0.6323812 2.006619 Tracked 64347285
-0.1221799 0.6339153 2.008808 Tracked 64347318
-0.1184921 0.6350672 2.011397 Tracked 64347353
-0.1149113 0.6360804 2.013916 Tracked 64347386
-0.1033187 0.6387965 2.022796 Tracked 64347418
-0.1002244 0.6395065 2.02556 Tracked 64347452
-0.08588528 0.6429554 2.036794 Tracked 64347485
-0.08640993 0.6428002 2.036454 Tracked 64347518
-0.08698059 0.6426631 2.036033 Tracked 64347552
-0.0849719 0.643508 2.038486 Tracked 64347586
-0.08743495 0.6431272 2.036638 Tracked 64347618
-0.09018596 0.6430326 2.034729 Tracked 64347651
-0.09471946 0.6429151 2.032006 Tracked 64347686
-0.1006582 0.6423793 2.028478 Tracked 64347718
-0.1081145 0.6397927 2.02333 Tracked 64347753
-0.1165716 0.6351332 2.018234 Tracked 64347786
-0.140235 0.6179724 2.001524 Tracked 64347818
-0.1832715 0.5735446 1.967916 Tracked 64347852
-0.1965983 0.5469174 1.956749 Tracked 64347885
-0.2134428 0.5019622 1.942687 Tracked 64347918
-0.2270487 0.4524399 1.929574 Tracked 64347952
-0.2391478 0.4032984 1.91769 Tracked 64347985
-0.240525 0.3605664 1.911182 Tracked 64348019
-0.2430256 0.3068815 1.908915 Tracked 64348052
-0.2420398 0.2661746 1.903938 Tracked 64348085
-0.2412765 0.2241911 1.900758 Tracked 64348118
-0.2388905 0.2012361 1.897813 Tracked 64348152
-0.2341153 0.1707897 1.897308 Tracked 64348185
-0.2285916 0.1464014 1.899201 Tracked 64348218
-0.2260666 0.1321507 1.899974 Tracked 64348252
-0.2241456 0.1160519 1.899079 Tracked 64348285
-0.2227616 0.1046029 1.900977 Tracked 64348318
-0.2221871 0.09931512 1.901606 Tracked 64348352
-0.2220725 0.09455561 1.902324 Tracked 64348385
-0.2214472 0.09215578 1.903475 Tracked 64348418
-0.2214249 0.0919374 1.903471 Tracked 64348452
-0.2214319 0.09267645 1.903939 Tracked 64348485
-0.2218527 0.09973051 1.905115 Tracked 64348518
-0.2231463 0.1181633 1.904505 Tracked 64348552
-0.2264917 0.1570695 1.907059 Tracked 64348585
-0.2277314 0.1802604 1.907895 Tracked 64348618
-0.2306695 0.2224139 1.911308 Tracked 64348652
-0.2298159 0.2706079 1.913487 Tracked 64348685
-0.225793 0.3152369 1.912629 Tracked 64348718
-0.2214368 0.3720131 1.91731 Tracked 64348752
-0.2153281 0.4158575 1.926092 Tracked 64348785
-0.2040486 0.4631943 1.938889 Tracked 64348818
-0.1959772 0.4993585 1.949345 Tracked 64348853
-0.1844791 0.5334822 1.961799 Tracked 64348885
-0.1677967 0.5649121 1.974609 Tracked 64348917
-0.1533259 0.5868196 1.985843 Tracked 64348951
-0.1384315 0.6039799 1.995792 Tracked 64348986
-0.1247159 0.6197097 2.006152 Tracked 64349019
-0.1110143 0.6300315 2.012782 Tracked 64349053
-0.09917014 0.6369358 2.020356 Tracked 64349088
-0.08706345 0.6411314 2.026317 Tracked 64349118
-0.08279161 0.6425803 2.028601 Tracked 64349152
-0.07851534 0.6435021 2.030468 Tracked 64349185
-0.07541779 0.6440663 2.031852 Tracked 64349219
-0.07258146 0.6448003 2.033329 Tracked 64349253
-0.07057777 0.6450821 2.034177 Tracked 64349285
-0.06885967 0.6453346 2.034816 Tracked 64349319
-0.06782839 0.6453857 2.035054 Tracked 64349352
-0.06719541 0.6454085 2.035181 Tracked 64349385
-0.06690196 0.645503 2.035196 Tracked 64349419
-0.06683106 0.6455459 2.035097 Tracked 64349453
-0.0671602 0.6455502 2.034612 Tracked 64349485
-0.06878965 0.6452508 2.033073 Tracked 64349519
-0.07232503 0.6444712 2.03063 Tracked 64349552
-0.09780069 0.6321496 2.00779 Tracked 64349585
-0.1113079 0.6212486 1.998463 Tracked 64349619
-0.1133685 0.618844 1.997259 Tracked 64349652
-0.1548104 0.5685987 1.964329 Tracked 64349685
-0.1710873 0.5363084 1.952849 Tracked 64349718
-0.1883152 0.4927504 1.940752 Tracked 64349752
-0.2003108 0.4421687 1.927341 Tracked 64349786
-0.2150203 0.3911984 1.9188 Tracked 64349818
-0.2150047 0.3474892 1.915976 Tracked 64349852
-0.2213664 0.2923808 1.91495 Tracked 64349885
-0.2232587 0.2479296 1.911719 Tracked 64349918
-0.2223771 0.2083594 1.907444 Tracked 64349954
-0.2199968 0.1842345 1.910022 Tracked 64349986
-0.2151979 0.1473112 1.913747 Tracked 64350018
-0.2134331 0.1278281 1.9126 Tracked 64350052
-0.2129244 0.1037183 1.914897 Tracked 64350085
-0.2125143 0.09277213 1.915871 Tracked 64350118
-0.2132116 0.07772828 1.919142 Tracked 64350152
-0.2130545 0.07377578 1.91968 Tracked 64350185
-0.2130768 0.07171094 1.92036 Tracked 64350218
-0.2132293 0.07093564 1.920807 Tracked 64350251
-0.2132821 0.0715465 1.921064 Tracked 64350285
-0.2137459 0.07766614 1.921374 Tracked 64350318
-0.2148533 0.1006408 1.920599 Tracked 64350352
-0.2163434 0.1303389 1.921497 Tracked 64350385
-0.2217413 0.1752193 1.922089 Tracked 64350418
-0.2216331 0.1969375 1.925519 Tracked 64350452
-0.224561 0.250277 1.93061 Tracked 64350485
-0.2251023 0.2932202 1.930771 Tracked 64350518
-0.2203973 0.3487431 1.936115 Tracked 64350553
-0.2135129 0.3913239 1.939397 Tracked 64350585
-0.2005662 0.4401109 1.944442 Tracked 64350618
-0.1921163 0.4727654 1.953256 Tracked 64350652
-0.1830896 0.512851 1.964618 Tracked 64350685
-0.1788941 0.5222947 1.967566 Tracked 64350718
-0.1466737 0.5779723 1.986509 Tracked 64350752
-0.1362003 0.590138 1.992734 Tracked 64350785
-0.1351412 0.5914392 1.993325 Tracked 64350818
-0.09882823 0.6257813 2.016616 Tracked 64350852
-0.09447226 0.6284047 2.017725 Tracked 64350885
-0.08420348 0.6327415 2.022172 Tracked 64350918
-0.0729131 0.6377468 2.026775 Tracked 64350951
-0.06805281 0.63955 2.029061 Tracked 64350985
-0.06445818 0.6404992 2.030638 Tracked 64351018
-0.06139985 0.641053 2.031998 Tracked 64351052
-0.05935361 0.6414279 2.032439 Tracked 64351085
-0.05787377 0.6417534 2.032944 Tracked 64351118
-0.05653813 0.6420683 2.033204 Tracked 64351152
-0.05593103 0.6421757 2.033338 Tracked 64351185
-0.05568092 0.6422713 2.033321 Tracked 64351218
-0.0556808 0.6422948 2.033291 Tracked 64351252
-0.05606716 0.6423525 2.032997 Tracked 64351285
-0.05767634 0.6423328 2.032337 Tracked 64351319
-0.06717846 0.6409633 2.027896 Tracked 64351352
-0.08382005 0.6377231 2.021857 Tracked 64351385
-0.1014825 0.6291935 2.014205 Tracked 64351418
-0.1226144 0.615867 2.004973 Tracked 64351452
-0.14299 0.597976 1.994329 Tracked 64351485
-0.1668977 0.5735899 1.98431 Tracked 64351518
-0.1869639 0.5385598 1.972965 Tracked 64351553
-0.2081821 0.4975469 1.963001 Tracked 64351585
-0.20794 0.4965688 1.963063 Tracked 64351618
-0.2405898 0.4010816 1.945912 Tracked 64351652
-0.2449679 0.3662763 1.939417 Tracked 64351684
-0.2549938 0.3103046 1.934254 Tracked 64351718
-0.2545162 0.2561328 1.929838 Tracked 64351752
-0.2550141 0.217573 1.925726 Tracked 64351785
-0.2506454 0.1899341 1.92577 Tracked 64351819
-0.2435127 0.1450446 1.927832 Tracked 64351851
-0.2403821 0.1283666 1.928436 Tracked 64351885
-0.2351263 0.1016895 1.934742 Tracked 64351918
-0.2349813 0.0898667 1.937354 Tracked 64351952
-0.2342684 0.07481814 1.940615 Tracked 64351984
-0.2336721 0.068037 1.942281 Tracked 64352018
-0.2328338 0.06436761 1.944709 Tracked 64352051
-0.2327709 0.06402256 1.944959 Tracked 64352084
-0.2324324 0.06497377 1.945347 Tracked 64352118
-0.2305732 0.07412679 1.94854 Tracked 64352155
-0.2291762 0.09562435 1.94805 Tracked 64352185
-0.2317984 0.1262572 1.947751 Tracked 64352218
-0.2243936 0.1785003 1.953306 Tracked 64352252
-0.2237482 0.1968997 1.952206 Tracked 64352285
-0.2235559 0.2474345 1.954982 Tracked 64352318
-0.2285405 0.2801403 1.955764 Tracked 64352352
-0.2224838 0.3331546 1.957123 Tracked 64352385
-0.2187362 0.3797288 1.965169 Tracked 64352418
-0.2086907 0.4267058 1.972908 Tracked 64352452
-0.1971684 0.4637884 1.980781 Tracked 64352485
-0.1871142 0.5011321 1.994555 Tracked 64352519
-0.1746466 0.5340821 2.004287 Tracked 64352552
-0.1588807 0.5630137 2.015271 Tracked 64352586
-0.1537354 0.5712513 2.017942 Tracked 64352618
-0.1253696 0.608764 2.039402 Tracked 64352652
-0.1170815 0.6154072 2.044177 Tracked 64352685
-0.1043559 0.6246971 2.051243 Tracked 64352718
-0.1043597 0.6246371 2.051142 Tracked 64352752
-0.07952567 0.635491 2.063511 Tracked 64352786
-0.08014912 0.6351373 2.062819 Tracked 64352818
-0.07786876 0.6359731 2.063758 Tracked 64352852
-0.07591642 0.636526 2.064339 Tracked 64352885
-0.07366475 0.6371902 2.06491 Tracked 64352919
-0.07200602 0.6375745 2.065132 Tracked 64352951
-0.06523867 0.6397962 2.06711 Tracked 64352985
-0.06277648 0.6404058 2.067296 Tracked 64353019
-0.06184163 0.640725 2.067369 Tracked 64353052
-0.06137929 0.6410816 2.067327 Tracked 64353085
-0.06140037 0.6411779 2.067139 Tracked 64353118
-0.06212208 0.6412612 2.06635 Tracked 64353155
-0.06437244 0.6410039 2.064514 Tracked 64353185
-0.08747116 0.6355994 2.045154 Tracked 64353219
-0.08735704 0.6351033 2.045761 Tracked 64353252
-0.1318455 0.604434 2.016455 Tracked 64353285
-0.1418375 0.5934718 2.009178 Tracked 64353319
-0.1692489 0.5534939 1.98958 Tracked 64353352
-0.1833971 0.5228966 1.980458 Tracked 64353385
-0.2044168 0.4681773 1.967887 Tracked 64353419
-0.2189386 0.4213281 1.953162 Tracked 64353452
-0.2239754 0.3853157 1.947649 Tracked 64353484
-0.2324965 0.3307068 1.938435 Tracked 64353518
-0.2387444 0.2879121 1.938091 Tracked 64353552
-0.2400854 0.2397585 1.934729 Tracked 64353585
-0.2410225 0.2102259 1.932858 Tracked 64353618
-0.2350968 0.1882782 1.930163 Tracked 64353653
-0.2299123 0.1614669 1.930427 Tracked 64353685
-0.2247606 0.1400678 1.931789 Tracked 64353718
-0.2224389 0.1225696 1.9318 Tracked 64353752
-0.2214876 0.1051949 1.933926 Tracked 64353785
-0.220831 0.09441944 1.935199 Tracked 64353819
-0.2190608 0.08522404 1.936696 Tracked 64353852
-0.2182813 0.08019622 1.937695 Tracked 64353885
-0.2173239 0.07754431 1.938754 Tracked 64353918
-0.217113 0.07755122 1.939143 Tracked 64353952
-0.2161496 0.0794619 1.940123 Tracked 64353985
-0.2147318 0.08993208 1.942115 Tracked 64354018
-0.2138594 0.1196186 1.943909 Tracked 64354052
-0.213523 0.1539644 1.948177 Tracked 64354085
-0.2174863 0.1844593 1.945819 Tracked 64354117
-0.2220314 0.2327767 1.946648 Tracked 64354153
-0.2232186 0.2783524 1.950411 Tracked 64354185
-0.2163984 0.3316864 1.950498 Tracked 64354218
-0.2157254 0.3805911 1.949779 Tracked 64354252
-0.2075328 0.4294881 1.95857 Tracked 64354285
-0.1965645 0.4676929 1.96751 Tracked 64354319
-0.1945279 0.4791471 1.969216 Tracked 64354352
-0.1730452 0.5484386 1.990107 Tracked 64354384
-0.1700388 0.5543207 1.991673 Tracked 64354418
-0.138006 0.6013923 2.010257 Tracked 64354453
-0.1300749 0.6102502 2.017143 Tracked 64354485
-0.1287989 0.611173 2.017711 Tracked 64354518
-0.1164169 0.6186565 2.023624 Tracked 64354552
-0.1097092 0.6217094 2.026667 Tracked 64354584
-0.09051564 0.6296817 2.035189 Tracked 64354618
-0.08649624 0.6308467 2.036928 Tracked 64354652
-0.07339688 0.6341999 2.042642 Tracked 64354685
-0.06907681 0.6347712 2.044168 Tracked 64354718
-0.06554876 0.6352726 2.045243 Tracked 64354752
-0.05690987 0.6365886 2.048504 Tracked 64354785
-0.05366392 0.6372377 2.049479 Tracked 64354818
-0.051957 0.6376659 2.049856 Tracked 64354852
-0.05112477 0.6379256 2.050007 Tracked 64354885
-0.05087383 0.6381039 2.049974 Tracked 64354918
-0.05087517 0.6382222 2.049796 Tracked 64354952
-0.05117821 0.638517 2.049327 Tracked 64354985
-0.05302222 0.6388918 2.047728 Tracked 64355018
-0.05704071 0.638788 2.044991 Tracked 64355052
-0.0956733 0.6313034 2.01342 Tracked 64355084
-0.1044004 0.6246041 2.007964 Tracked 64355119
-0.126713 0.6050509 1.994461 Tracked 64355152
-0.1342197 0.5967863 1.989826 Tracked 64355185
-0.1710933 0.544566 1.962635 Tracked 64355219
-0.1870916 0.5127475 1.953637 Tracked 64355252
-0.2038485 0.461759 1.938847 Tracked 64355285
-0.2171227 0.4166197 1.925081 Tracked 64355318
-0.2273108 0.3703077 1.917076 Tracked 64355352
-0.2339485 0.3246883 1.91448 Tracked 64355385
-0.2370772 0.2724932 1.911477 Tracked 64355418
-0.2386751 0.2337039 1.907669 Tracked 64355451
-0.2341558 0.2004492 1.902125 Tracked 64355485
-0.2311574 0.1574248 1.902461 Tracked 64355518
-0.2277611 0.1364519 1.906775 Tracked 64355551
-0.225156 0.1139772 1.905749 Tracked 64355584
-0.2230496 0.09921465 1.906554 Tracked 64355618
-0.2234246 0.08679562 1.906191 Tracked 64355652
-0.2240172 0.08125012 1.906135 Tracked 64355685
-0.2244083 0.0788903 1.906027 Tracked 64355718
-0.2249314 0.07811027 1.906098 Tracked 64355752
-0.2252953 0.07843386 1.906235 Tracked 64355785
-0.2262203 0.0821638 1.90634 Tracked 64355818
-0.2277768 0.09470963 1.904948 Tracked 64355852
-0.2301317 0.1122034 1.904323 Tracked 64355885
-0.234042 0.1369574 1.903245 Tracked 64355919
-0.2368422 0.168563 1.905532 Tracked 64355953
-0.2378926 0.1930187 1.908316 Tracked 64355985
-0.2380284 0.235224 1.909806 Tracked 64356018
-0.2349536 0.2799152 1.911263 Tracked 64356051
-0.230499 0.31536 1.912855 Tracked 64356085
-0.2261218 0.3625054 1.919728 Tracked 64356119
-0.2191383 0.4016122 1.925767 Tracked 64356152
-0.2038495 0.4443643 1.932938 Tracked 64356189
-0.2042125 0.4443992 1.932974 Tracked 64356218
-0.1828827 0.5167167 1.954902 Tracked 64356253
-0.1700231 0.5375545 1.961813 Tracked 64356286
-0.1454973 0.5751356 1.975353 Tracked 64356320
-0.1421774 0.5791388 1.976836 Tracked 64356353
-0.1079851 0.6162767 1.996157 Tracked 64356386
-0.1056198 0.6180398 1.997233 Tracked 64356419
-0.09936342 0.621989 2.000051 Tracked 64356452
-0.05397592 0.6439467 2.021262 Tracked 64356485
-0.05080121 0.6444498 2.022786 Tracked 64356519
-0.04642249 0.6448754 2.024496 Tracked 64356552
-0.04328213 0.6450299 2.025908 Tracked 64356585
-0.04031638 0.6455593 2.027677 Tracked 64356619
-0.03779074 0.6458861 2.02906 Tracked 64356651
-0.0365244 0.6459873 2.029726 Tracked 64356684
-0.03561227 0.6461803 2.030403 Tracked 64356718
-0.03520872 0.6463133 2.030762 Tracked 64356752
-0.03511088 0.646395 2.030873 Tracked 64356786
-0.03517222 0.6465113 2.030936 Tracked 64356818
-0.0359647 0.6467826 2.030719 Tracked 64356852
-0.03842292 0.6473533 2.030073 Tracked 64356886
-0.04282763 0.6476106 2.028386 Tracked 64356919
-0.05014313 0.646894 2.024966 Tracked 64356952
-0.05876934 0.6447713 2.020891 Tracked 64356985
-0.1199043 0.624752 1.986963 Tracked 64357019
-0.1329481 0.6129768 1.977049 Tracked 64357053
-0.1610755 0.5780756 1.954594 Tracked 64357085
-0.1783161 0.5539051 1.943338 Tracked 64357118
-0.2034865 0.509847 1.922241 Tracked 64357152
-0.2238556 0.461571 1.909665 Tracked 64357186
-0.2397812 0.4083844 1.895614 Tracked 64357219
-0.2471783 0.3557275 1.881042 Tracked 64357252
-0.2594042 0.3017575 1.876284 Tracked 64357286
-0.2650661 0.2496818 1.867721 Tracked 64357318
-0.2618994 0.2039716 1.86294 Tracked 64357352
-0.2615261 0.1633052 1.860849 Tracked 64357386
-0.2611525 0.11637 1.860785 Tracked 64357419
-0.2600074 0.08752684 1.86253 Tracked 64357452
-0.2628405 0.06171677 1.86227 Tracked 64357485
-0.2643706 0.04092861 1.858626 Tracked 64357518
-0.2663877 0.02644051 1.858891 Tracked 64357552
-0.2672406 0.01895604 1.858241 Tracked 64357586
-0.2670978 0.01678815 1.856854 Tracked 64357619
-0.2671477 0.01672107 1.85579 Tracked 64357652
-0.2672931 0.01894583 1.854121 Tracked 64357685
-0.2672087 0.02898029 1.850963 Tracked 64357718
-0.2693269 0.04912698 1.848865 Tracked 64357752
-0.2711364 0.07484943 1.848068 Tracked 64357785
-0.2719675 0.1009999 1.84566 Tracked 64357819
-0.2696154 0.1382358 1.84785 Tracked 64357852
-0.2683621 0.1729608 1.846011 Tracked 64357886
-0.2703292 0.2162507 1.84736 Tracked 64357918
-0.26671 0.2580734 1.848469 Tracked 64357952
-0.2595833 0.3085327 1.857363 Tracked 64357986
-0.2515934 0.3503632 1.860873 Tracked 64358019
-0.2434648 0.4010359 1.866822 Tracked 64358053
-0.2248363 0.4494434 1.880916 Tracked 64358086
-0.2216529 0.4581231 1.883635 Tracked 64358119
-0.1948483 0.5257722 1.913172 Tracked 64358153
-0.1810973 0.5489488 1.924748 Tracked 64358186
-0.1623773 0.5776951 1.937368 Tracked 64358219
-0.1463906 0.598251 1.947809 Tracked 64358252
-0.1322712 0.6130126 1.956535 Tracked 64358286
-0.1264152 0.6181399 1.960105 Tracked 64358319
-0.1198079 0.623305 1.964287 Tracked 64358352
-0.1146318 0.6264362 1.967612 Tracked 64358386
-0.07773393 0.6439285 1.9924 Tracked 64358419
-0.08081942 0.6425287 1.990534 Tracked 64358452
-0.08057421 0.6425643 1.990789 Tracked 64358485
-0.08030216 0.6425865 1.991068 Tracked 64358520
-0.08008299 0.6426377 1.991263 Tracked 64358553
-0.08006087 0.6426319 1.991322 Tracked 64358585
-0.08009765 0.6426185 1.991353 Tracked 64358619
-0.08055365 0.6425561 1.991296 Tracked 64358652
-0.08225763 0.642212 1.991001 Tracked 64358686
-0.0863983 0.6407949 1.989369 Tracked 64358720
-0.09209021 0.6380174 1.986891 Tracked 64358752
-0.1294892 0.609306 1.964175 Tracked 64358785
-0.1321635 0.6057057 1.962457 Tracked 64358820
-0.1609892 0.5575424 1.935779 Tracked 64358852
-0.1737056 0.5274249 1.927166 Tracked 64358885
-0.1916599 0.4801081 1.913504 Tracked 64358918
-0.2025615 0.4362931 1.904418 Tracked 64358952
-0.2186696 0.3846853 1.902131 Tracked 64358985
-0.2204538 0.3474615 1.896541 Tracked 64359019
-0.2291764 0.2935481 1.89807 Tracked 64359053
-0.2345063 0.2555458 1.897559 Tracked 64359085
-0.2344439 0.2234547 1.893943 Tracked 64359118
-0.2306067 0.1872668 1.89186 Tracked 64359153
-0.2261693 0.1575208 1.896055 Tracked 64359186
-0.2257399 0.1311011 1.897742 Tracked 64359219
-0.2238032 0.1048856 1.900916 Tracked 64359256
-0.2237428 0.09432196 1.899775 Tracked 64359286
-0.2242568 0.08210354 1.90103 Tracked 64359320
-0.2242247 0.07515226 1.901848 Tracked 64359352
-0.2245177 0.07284185 1.902315 Tracked 64359385
-0.2244605 0.07286008 1.902406 Tracked 64359419
-0.2243066 0.07668213 1.902906 Tracked 64359452
-0.2239302 0.08931358 1.902192 Tracked 64359485
