-0.06771453 0.03875513 2.098872 Tracked 64344118
-0.06538658 0.04027407 2.105423 Tracked 64344153
-0.06287738 0.04281565 2.117265 Tracked 64344185
-0.05756653 0.04363324 2.132748 Tracked 64344218
-0.05160581 0.04369854 2.149546 Tracked 64344253
-0.04585299 0.03243406 2.176149 Tracked 64344285
-0.03819698 0.02324829 2.193093 Tracked 64344318
-0.02745442 0.007898713 2.215864 Tracked 64344354
-0.02265939 -0.01329771 2.243095 Tracked 64344385
0.01076144 -0.01554716 2.269125 Tracked 64344418
0.01545199 -0.01670279 2.272711 Tracked 64344453
0.02604306 -0.02577326 2.290428 Tracked 64344485
-0.0008190336 -0.08053103 2.309705 Tracked 64344518
0.0173134 -0.1136616 2.289749 Tracked 64344552
0.05805793 -0.1007707 2.304263 Tracked 64344586
0.06551875 -0.1061023 2.309188 Tracked 64344618
0.09370844 -0.1048349 2.306025 Tracked 64344652
0.1010667 -0.1115132 2.297462 Tracked 64344685
0.1065753 -0.1171741 2.290527 Tracked 64344718
0.111579 -0.1207418 2.287044 Tracked 64344752
0.1170619 -0.1237225 2.283206 Tracked 64344785
0.1196994 -0.1249849 2.281643 Tracked 64344817
0.1198462 -0.1250869 2.281634 Tracked 64344853
0.1430458 -0.1360663 2.293154 Tracked 64344886
0.1499694 -0.1372479 2.302007 Tracked 64344918
0.1320645 -0.1204088 2.335057 Tracked 64344952
0.1113946 -0.1028895 2.320411 Tracked 64344985
0.1176589 -0.09617046 2.294723 Tracked 64345018
0.1146454 -0.09077013 2.291933 Tracked 64345052
0.1089943 -0.0803575 2.29201 Tracked 64345086
0.09890851 -0.07137483 2.29246 Tracked 64345118
0.07406538 -0.04964473 2.287642 Tracked 64345152
0.05133542 -0.04251353 2.2836 Tracked 64345193
0.01953501 -0.02947959 2.278562 Tracked 64345221
-0.007229035 -0.01925596 2.271167 Tracked 64345253
-0.01081867 -0.01756571 2.265293 Tracked 64345286
-0.03271319 -0.005200036 2.223628 Tracked 64345318
-0.04077946 0.005521181 2.212068 Tracked 64345352
-0.05230866 0.02479178 2.193494 Tracked 64345385
-0.05887352 0.03231376 2.177133 Tracked 64345418
-0.06914014 0.04071821 2.159673 Tracked 64345453
-0.07422185 0.04277362 2.14862 Tracked 64345486
-0.07939294 0.04333219 2.1383 Tracked 64345518
-0.08326486 0.04000182 2.12974 Tracked 64345552
-0.08512229 0.03775239 2.125155 Tracked 64345585
-0.08731947 0.03383057 2.119278 Tracked 64345618
-0.08885413 0.03154936 2.116477 Tracked 64345653
-0.08987347 0.02964234 2.113735 Tracked 64345685
-0.09119918 0.02881966 2.112541 Tracked 64345718
-0.09208029 0.0283257 2.111739 Tracked 64345752
-0.09248244 0.0279932 2.111317 Tracked 64345785
-0.09242097 0.02786448 2.111319 Tracked 64345818
-0.09225432 0.02845346 2.112129 Tracked 64345853
-0.09170896 0.03113567 2.115871 Tracked 64345885
-0.08972763 0.03647796 2.12473 Tracked 64345918
-0.08504516 0.04267072 2.135842 Tracked 64345952
-0.07986455 0.04532358 2.146348 Tracked 64345986
-0.07203917 0.04068603 2.168324 Tracked 64346019
-0.06416687 0.029853 2.187678 Tracked 64346053
-0.05544984 0.01665945 2.207061 Tracked 64346085
-0.04832556 0.000124197 2.224525 Tracked 64346119
-0.03349173 -0.0173022 2.248553 Tracked 64346153
-0.01921011 -0.03034912 2.270599 Tracked 64346185
-0.01437084 -0.05417701 2.283134 Tracked 64346219
0.01297702 -0.07102551 2.291706 Tracked 64346252
0.01907487 -0.09270813 2.296858 Tracked 64346285
0.07734323 -0.07028338 2.299708 Tracked 64346317
0.0913185 -0.08261792 2.293716 Tracked 64346352
0.1012662 -0.08998442 2.283517 Tracked 64346385
0.1194424 -0.1054037 2.278423 Tracked 64346417
0.121229 -0.1078834 2.278328 Tracked 64346451
0.1224119 -0.1086917 2.277567 Tracked 64346485
0.1222553 -0.11066 2.277485 Tracked 64346517
0.1221816 -0.1120199 2.277592 Tracked 64346552
0.1241954 -0.1134781 2.27672 Tracked 64346585
0.1249648 -0.113757 2.275476 Tracked 64346618
0.125917 -0.1141644 2.27466 Tracked 64346652
0.1259144 -0.1141933 2.274559 Tracked 64346685
0.1244361 -0.1097629 2.271281 Tracked 64346717
0.1219577 -0.1060563 2.270629 Tracked 64346752
0.1199765 -0.08413488 2.28115 Tracked 64346785
0.1143149 -0.06951027 2.280446 Tracked 64346818
0.1064067 -0.06249052 2.287654 Tracked 64346852
0.08304001 -0.0481644 2.287835 Tracked 64346885
0.06768101 -0.03453587 2.285785 Tracked 64346918
0.01334386 -0.02821482 2.284602 Tracked 64346952
0.003971458 -0.02950557 2.279534 Tracked 64346985
-0.01101279 -0.01390872 2.265335 Tracked 64347018
-0.02404315 -0.0006148847 2.251091 Tracked 64347053
-0.03641612 0.0009845173 2.233651 Tracked 64347085
-0.0539868 0.02058208 2.207649 Tracked 64347117
-0.06170848 0.02982281 2.190397 Tracked 64347151
-0.06925055 0.03764256 2.170922 Tracked 64347186
-0.07430045 0.03835498 2.156796 Tracked 64347218
-0.08455493 0.04472794 2.137092 Tracked 64347252
-0.08921993 0.04385888 2.128126 Tracked 64347285
-0.09259333 0.04092333 2.119788 Tracked 64347318
-0.09481791 0.037988 2.113112 Tracked 64347353
-0.09763623 0.03608311 2.108114 Tracked 64347386
-0.09885189 0.03335149 2.104814 Tracked 64347418
-0.09949087 0.03176297 2.102795 Tracked 64347452
-0.09999784 0.0306753 2.101116 Tracked 64347485
-0.1004856 0.02986149 2.100392 Tracked 64347518
-0.1006485 0.02940729 2.099936 Tracked 64347552
-0.1006597 0.02940039 2.099925 Tracked 64347586
-0.1004195 0.02945197 2.100041 Tracked 64347618
-0.09919462 0.03056816 2.10167 Tracked 64347651
-0.09751292 0.03419357 2.106363 Tracked 64347686
-0.09466598 0.03959856 2.112963 Tracked 64347718
-0.08935142 0.04369313 2.122369 Tracked 64347753
-0.08259517 0.04716296 2.139181 Tracked 64347786
-0.07329487 0.04524145 2.153632 Tracked 64347818
-0.06054175 0.03066311 2.179539 Tracked 64347852
-0.05003573 0.01511581 2.200171 Tracked 64347885
-0.04085607 0.00742914 2.215302 Tracked 64347918
-0.02744386 -0.008350361 2.242725 Tracked 64347952
-0.02565405 -0.03681574 2.270326 Tracked 64347985
-0.02203649 -0.04665078 2.280767 Tracked 64348019
-0.01711996 -0.06188898 2.293823 Tracked 64348052
0.02346204 -0.07347997 2.301552 Tracked 64348085
0.03997438 -0.0820221 2.307698 Tracked 64348118
0.05920475 -0.09112903 2.310619 Tracked 64348152
0.102085 -0.0931904 2.298165 Tracked 64348185
0.1105733 -0.09895452 2.2953 Tracked 64348218
0.1149344 -0.1022068 2.286586 Tracked 64348252
0.1196137 -0.1104786 2.278949 Tracked 64348285
0.1357233 -0.1234247 2.284498 Tracked 64348318
0.1363513 -0.1242124 2.283737 Tracked 64348352
0.1363844 -0.1241625 2.2819 Tracked 64348385
0.1391279 -0.1244745 2.285588 Tracked 64348418
0.136377 -0.1229686 2.279961 Tracked 64348452
0.1338946 -0.120885 2.27963 Tracked 64348485
0.1332558 -0.1201084 2.280734 Tracked 64348518
0.1289357 -0.1139204 2.278978 Tracked 64348552
0.120974 -0.06031603 2.290331 Tracked 64348585
0.1205098 -0.05970631 2.290443 Tracked 64348618
0.1040761 -0.06052943 2.295319 Tracked 64348652
0.08173382 -0.04728973 2.295438 Tracked 64348685
0.02899254 -0.05957053 2.275807 Tracked 64348718
0.03123438 -0.05088883 2.272769 Tracked 64348752
-0.0001636749 -0.01848612 2.271284 Tracked 64348785
-0.004814255 -0.01543332 2.265178 Tracked 64348818
-0.0213585 -0.008049277 2.237527 Tracked 64348853
-0.03305903 0.002833421 2.22058 Tracked 64348885
-0.04551252 0.01586832 2.201967 Tracked 64348917
-0.05098538 0.02858287 2.184966 Tracked 64348951
-0.05653629 0.03778372 2.168169 Tracked 64348986
-0.06163762 0.04267786 2.15538 Tracked 64349019
-0.06591868 0.04300726 2.143723 Tracked 64349053
-0.06907223 0.04280395 2.135378 Tracked 64349088
-0.06951748 0.04083232 2.129016 Tracked 64349118
-0.07105522 0.03878251 2.123038 Tracked 64349152
-0.07211716 0.03726446 2.118106 Tracked 64349185
-0.07265653 0.03615592 2.115032 Tracked 64349219
-0.07316706 0.03537215 2.112478 Tracked 64349253
-0.07348381 0.03451892 2.110107 Tracked 64349285
-0.07355552 0.03409899 2.108971 Tracked 64349319
-0.07357662 0.03361499 2.107639 Tracked 64349352
-0.07346774 0.03344905 2.10701 Tracked 64349385
-0.07327446 0.03344709 2.106952 Tracked 64349419
-0.07234025 0.03387184 2.107296 Tracked 64349453
-0.07118754 0.03496881 2.109095 Tracked 64349485
-0.06968919 0.03665886 2.11208 Tracked 64349519
-0.06549666 0.04148185 2.12265 Tracked 64349552
-0.06099044 0.0453961 2.134215 Tracked 64349585
-0.05537441 0.04573533 2.149035 Tracked 64349619
-0.04856741 0.04461876 2.167819 Tracked 64349652
-0.04019294 0.03398963 2.188573 Tracked 64349685
-0.03118216 0.01566964 2.211611 Tracked 64349718
-0.0186041 0.00154293 2.233362 Tracked 64349752
-0.007112452 -0.008927062 2.248523 Tracked 64349786
0.00610877 -0.03536272 2.278249 Tracked 64349818
0.001893546 -0.05643557 2.289809 Tracked 64349852
0.01023477 -0.06966144 2.30572 Tracked 64349885
0.06024993 -0.08175555 2.311323 Tracked 64349918
0.07270017 -0.09070556 2.312655 Tracked 64349954
0.1061063 -0.08322058 2.313343 Tracked 64349986
0.1139138 -0.0844472 2.315006 Tracked 64350018
0.1364053 -0.1033779 2.294 Tracked 64350052
0.1399397 -0.1076925 2.291935 Tracked 64350085
0.142432 -0.1089844 2.292907 Tracked 64350118
0.1522856 -0.1159651 2.300502 Tracked 64350152
0.1526212 -0.1161725 2.300549 Tracked 64350185
0.1528591 -0.1159691 2.300731 Tracked 64350218
0.152957 -0.1156228 2.300816 Tracked 64350251
0.1532172 -0.1146087 2.301202 Tracked 64350285
0.1515929 -0.1139107 2.299892 Tracked 64350318
0.1485773 -0.1114876 2.29849 Tracked 64350352
0.1462958 -0.108576 2.29924 Tracked 64350385
0.1350515 -0.06247615 2.311713 Tracked 64350418
0.1338771 -0.05655725 2.310113 Tracked 64350452
0.1067361 -0.05408944 2.308188 Tracked 64350485
0.070492 -0.0506784 2.298985 Tracked 64350518
0.03969399 -0.03580081 2.295324 Tracked 64350553
0.0266361 -0.03070356 2.289522 Tracked 64350585
0.01085742 -0.01594063 2.276281 Tracked 64350618
0.003738268 -0.01046372 2.26533 Tracked 64350652
-0.01215249 -0.004636777 2.240442 Tracked 64350685
-0.01682893 0.001640524 2.228894 Tracked 64350718
-0.03025203 0.02052565 2.20292 Tracked 64350752
-0.0341819 0.02780454 2.192056 Tracked 64350785
-0.03772803 0.03191288 2.179198 Tracked 64350818
-0.04401324 0.03784553 2.164061 Tracked 64350852
-0.04764925 0.03951913 2.152593 Tracked 64350885
-0.05111719 0.03981034 2.1449 Tracked 64350918
-0.05459852 0.03994386 2.138264 Tracked 64350951
-0.05644539 0.03915799 2.133178 Tracked 64350985
-0.0582703 0.03859745 2.127854 Tracked 64351018
-0.05957988 0.03758001 2.123489 Tracked 64351052
-0.06046134 0.03692983 2.11956 Tracked 64351085
-0.06076896 0.03687419 2.11713 Tracked 64351118
-0.06100914 0.03676429 2.115835 Tracked 64351152
-0.06112266 0.03671929 2.114679 Tracked 64351185
-0.06133424 0.03669306 2.113767 Tracked 64351218
-0.06139238 0.03671103 2.113629 Tracked 64351252
-0.06136609 0.03677956 2.113603 Tracked 64351285
-0.06114748 0.03701024 2.114359 Tracked 64351319
-0.06000151 0.0380914 2.117462 Tracked 64351352
-0.05674216 0.04113787 2.124652 Tracked 64351385
-0.05287271 0.04101897 2.135717 Tracked 64351418
-0.04709694 0.03850724 2.149477 Tracked 64351452
-0.04185352 0.02955288 2.16814 Tracked 64351485
-0.03147648 0.02055965 2.18851 Tracked 64351518
-0.02320598 0.009185398 2.204978 Tracked 64351553
-0.01239214 -0.01549233 2.229279 Tracked 64351585
-0.01045859 -0.02220056 2.240265 Tracked 64351618
0.001689667 -0.05890561 2.280611 Tracked 64351652
0.003907766 -0.05947563 2.283407 Tracked 64351684
0.01179409 -0.06685111 2.296555 Tracked 64351718
0.0286642 -0.1033956 2.301857 Tracked 64351752
0.03596898 -0.1137306 2.306348 Tracked 64351785
0.1033698 -0.08712974 2.315142 Tracked 64351819
0.1157521 -0.09600601 2.308918 Tracked 64351851
0.1192043 -0.09758057 2.305009 Tracked 64351885
0.1468789 -0.1197662 2.340507 Tracked 64351918
0.1465847 -0.1204472 2.341137 Tracked 64351952
0.1469513 -0.1208213 2.342737 Tracked 64351984
0.1455585 -0.1214752 2.342913 Tracked 64352018
0.1525746 -0.1235075 2.355213 Tracked 64352051
0.1520971 -0.1239035 2.35521 Tracked 64352084
0.1517661 -0.1231721 2.355429 Tracked 64352118
0.1517196 -0.1225729 2.355502 Tracked 64352155
0.1498644 -0.1220851 2.354726 Tracked 64352185
0.1194524 -0.08844142 2.331228 Tracked 64352218
0.1348273 -0.02968618 2.3496 Tracked 64352252
0.1353681 -0.02629436 2.344904 Tracked 64352285
0.1156882 -0.02497805 2.324798 Tracked 64352318
0.09689547 -0.03520222 2.312327 Tracked 64352352
0.06822187 -0.04879829 2.29409 Tracked 64352385
0.0323035 -0.04101883 2.292219 Tracked 64352418
0.0217366 -0.03246887 2.28943 Tracked 64352452
0.01006453 -0.01927244 2.276899 Tracked 64352485
-0.0004545154 -0.01525369 2.25946 Tracked 64352519
-0.01469577 -0.003653316 2.235543 Tracked 64352552
-0.02197097 0.007010307 2.221802 Tracked 64352586
-0.02934202 0.01988605 2.20002 Tracked 64352618
-0.03385737 0.02597282 2.187673 Tracked 64352652
-0.03798763 0.03530697 2.172154 Tracked 64352685
-0.04108562 0.03998683 2.160769 Tracked 64352718
-0.04388519 0.03940409 2.153808 Tracked 64352752
-0.04770986 0.04030293 2.146125 Tracked 64352786
-0.04979676 0.03968202 2.141266 Tracked 64352818
-0.05189722 0.04000652 2.137186 Tracked 64352852
-0.05431753 0.03932422 2.133535 Tracked 64352885
-0.05538136 0.03840533 2.130062 Tracked 64352919
-0.05630065 0.03813047 2.128176 Tracked 64352951
-0.05725595 0.0379508 2.126416 Tracked 64352985
-0.05790678 0.03774307 2.124591 Tracked 64353019
-0.05815974 0.03759682 2.124031 Tracked 64353052
-0.05820318 0.03762854 2.124001 Tracked 64353085
-0.05823701 0.03784088 2.124197 Tracked 64353118
-0.05800341 0.03871914 2.125697 Tracked 64353155
-0.05615102 0.04029149 2.129606 Tracked 64353185
-0.05156882 0.04329953 2.140576 Tracked 64353219
-0.04539248 0.04341981 2.153769 Tracked 64353252
-0.03699696 0.03676292 2.175329 Tracked 64353285
-0.02701379 0.02721183 2.195727 Tracked 64353319
-0.01998379 0.01854575 2.21064 Tracked 64353352
-0.009383691 0.003028734 2.231724 Tracked 64353385
-0.003891634 -0.01794001 2.254559 Tracked 64353419
-0.001923483 -0.03435549 2.269318 Tracked 64353452
0.004560643 -0.04676944 2.289194 Tracked 64353484
0.006214305 -0.06985445 2.300694 Tracked 64353518
0.02221347 -0.08703516 2.310056 Tracked 64353552
0.0297545 -0.1060888 2.315668 Tracked 64353585
0.0364434 -0.1224771 2.321902 Tracked 64353618
0.08930364 -0.1174172 2.317951 Tracked 64353653
0.1142189 -0.1034376 2.31742 Tracked 64353685
0.1155268 -0.1035406 2.314165 Tracked 64353718
0.1277528 -0.1066438 2.305989 Tracked 64353752
0.1346399 -0.1104984 2.303815 Tracked 64353785
0.1380966 -0.1118431 2.303715 Tracked 64353819
0.1446176 -0.1141548 2.306987 Tracked 64353852
0.1449511 -0.1142921 2.307058 Tracked 64353885
0.1471739 -0.1156953 2.308183 Tracked 64353918
0.1475929 -0.1147973 2.308719 Tracked 64353952
0.1483272 -0.1136344 2.309193 Tracked 64353985
0.1480549 -0.113627 2.30934 Tracked 64354018
0.145387 -0.1082037 2.307747 Tracked 64354052
0.1447149 -0.0677863 2.327443 Tracked 64354085
0.1402925 -0.06444152 2.326757 Tracked 64354117
0.1165999 -0.05893053 2.321361 Tracked 64354153
0.09317249 -0.05341683 2.31942 Tracked 64354185
0.05409923 -0.03983954 2.307044 Tracked 64354218
0.0153272 -0.04492594 2.290717 Tracked 64354252
0.007334689 -0.02176551 2.288631 Tracked 64354285
-0.003640828 -0.01230172 2.275181 Tracked 64354319
-0.01676234 -0.01229106 2.247798 Tracked 64354352
-0.03911224 0.008723108 2.220896 Tracked 64354384
-0.04399961 0.01878434 2.204728 Tracked 64354418
-0.0517648 0.03371188 2.176536 Tracked 64354453
-0.05578116 0.03931146 2.164582 Tracked 64354485
-0.06014339 0.04078275 2.152903 Tracked 64354518
-0.06490435 0.03898352 2.139721 Tracked 64354552
-0.06714146 0.03809153 2.132047 Tracked 64354584
-0.06918656 0.03689464 2.125632 Tracked 64354618
-0.07072777 0.03638121 2.1201 Tracked 64354652
-0.07182428 0.03565041 2.114671 Tracked 64354685
-0.07278775 0.03378601 2.110631 Tracked 64354718
-0.07294261 0.03306233 2.108742 Tracked 64354752
-0.0730385 0.03273699 2.107104 Tracked 64354785
-0.0728584 0.03262889 2.106471 Tracked 64354818
-0.07269662 0.03253958 2.106085 Tracked 64354852
-0.07247327 0.03267295 2.106024 Tracked 64354885
-0.07219267 0.03291139 2.106152 Tracked 64354918
-0.07092325 0.03318951 2.106666 Tracked 64354952
-0.06831338 0.03472216 2.109495 Tracked 64354985
-0.06468772 0.03731456 2.114182 Tracked 64355018
-0.06013246 0.03947128 2.121201 Tracked 64355052
-0.05364976 0.04296732 2.130289 Tracked 64355084
-0.04725245 0.04480342 2.143466 Tracked 64355119
-0.03672913 0.03855846 2.16381 Tracked 64355152
-0.03229458 0.03137975 2.181354 Tracked 64355185
-0.02052519 0.01851555 2.202152 Tracked 64355219
-0.01344944 0.003359747 2.223965 Tracked 64355252
-0.002688521 -0.007232281 2.239095 Tracked 64355285
0.0136109 -0.02592527 2.263542 Tracked 64355318
0.003888057 -0.04318654 2.278253 Tracked 64355352
0.004821394 -0.057601 2.289512 Tracked 64355385
0.03511118 -0.06609956 2.297382 Tracked 64355418
0.07295448 -0.06732881 2.302722 Tracked 64355451
0.1197901 -0.06321505 2.293592 Tracked 64355485
0.1221344 -0.07799911 2.296165 Tracked 64355518
0.1331481 -0.09741643 2.296021 Tracked 64355551
0.1466367 -0.113685 2.29736 Tracked 64355584
0.1540916 -0.1218059 2.295572 Tracked 64355618
0.1542426 -0.129622 2.295567 Tracked 64355652
0.155336 -0.1315626 2.29444 Tracked 64355685
0.1566892 -0.1328643 2.292901 Tracked 64355718
0.155883 -0.1344907 2.29327 Tracked 64355752
0.1555507 -0.1336755 2.293576 Tracked 64355785
0.1553628 -0.1320013 2.293957 Tracked 64355818
0.1531535 -0.1287174 2.293348 Tracked 64355852
0.1464121 -0.1184125 2.287187 Tracked 64355885
0.1353697 -0.0919943 2.287019 Tracked 64355919
0.1292236 -0.07419801 2.287428 Tracked 64355953
0.1181315 -0.06635098 2.291525 Tracked 64355985
0.09555445 -0.05777985 2.287878 Tracked 64356018
0.08518327 -0.0454068 2.282616 Tracked 64356051
0.07415975 -0.0409149 2.278526 Tracked 64356085
0.02854807 -0.02704856 2.269818 Tracked 64356119
0.01748716 -0.02370733 2.269665 Tracked 64356152
0.00480887 -0.01836935 2.258542 Tracked 64356189
-0.004358773 -0.01474922 2.240349 Tracked 64356218
-0.01703923 -0.005511285 2.223164 Tracked 64356253
-0.02618743 0.007438806 2.207529 Tracked 64356286
-0.03384729 0.02305581 2.189631 Tracked 64356320
-0.03728304 0.0319296 2.176139 Tracked 64356353
-0.04360483 0.04403018 2.155792 Tracked 64356386
-0.04746303 0.04610834 2.145679 Tracked 64356419
-0.05164552 0.04588183 2.136011 Tracked 64356452
-0.05292106 0.04462927 2.128028 Tracked 64356485
-0.05428348 0.04306432 2.119685 Tracked 64356519
-0.05485048 0.04161391 2.113104 Tracked 64356552
-0.05653288 0.04032588 2.107416 Tracked 64356585
-0.05848541 0.03987854 2.105169 Tracked 64356619
-0.05928288 0.03910155 2.103789 Tracked 64356651
-0.06089888 0.03827079 2.101454 Tracked 64356684
-0.06127055 0.03785013 2.100873 Tracked 64356718
-0.0615552 0.03770419 2.1005 Tracked 64356752
-0.06161229 0.03750035 2.100331 Tracked 64356786
-0.06161589 0.03753997 2.100529 Tracked 64356818
-0.0611189 0.03765453 2.101869 Tracked 64356852
-0.06045799 0.03887389 2.105232 Tracked 64356886
-0.05874576 0.04053693 2.111116 Tracked 64356919
-0.05765944 0.04335958 2.120117 Tracked 64356952
-0.05287212 0.04676022 2.13164 Tracked 64356985
-0.04823078 0.04806881 2.144605 Tracked 64357019
-0.04353696 0.04491898 2.161316 Tracked 64357053
-0.03732736 0.03334649 2.177999 Tracked 64357085
-0.03434819 0.02311965 2.192945 Tracked 64357118
-0.03045443 0.01346815 2.204609 Tracked 64357152
-0.0204955 0.005320832 2.224699 Tracked 64357186
0.00548047 0.003365014 2.25081 Tracked 64357219
-0.02016189 -0.05443632 2.259336 Tracked 64357252
-0.02234298 -0.06264181 2.265826 Tracked 64357286
0.02206096 -0.06905516 2.271044 Tracked 64357318
0.06323951 -0.06449492 2.26393 Tracked 64357352
0.0777072 -0.06741869 2.261211 Tracked 64357386
0.08611143 -0.07747759 2.247746 Tracked 64357419
0.1072402 -0.09675832 2.24941 Tracked 64357452
0.115694 -0.09306506 2.232224 Tracked 64357485
0.1192778 -0.1067308 2.224149 Tracked 64357518
0.1200336 -0.1071073 2.224218 Tracked 64357552
0.1300514 -0.1079474 2.212095 Tracked 64357586
0.1769477 -0.0945137 2.16784 Tracked 64357619
0.1742965 -0.09058125 2.165962 Tracked 64357652
0.1723508 -0.08266026 2.164064 Tracked 64357685
0.1725791 -0.07882869 2.161655 Tracked 64357718
0.1501875 -0.05955296 2.17697 Tracked 64357752
0.1433354 -0.01914873 2.194479 Tracked 64357785
0.142946 -0.01754956 2.195416 Tracked 64357819
0.1425909 -0.01623741 2.196467 Tracked 64357852
0.1385187 -0.009773382 2.195802 Tracked 64357886
0.1067476 -0.009705413 2.214625 Tracked 64357918
0.09080356 -0.01316384 2.218685 Tracked 64357952
0.07460289 -0.01656934 2.218714 Tracked 64357986
0.02041373 -0.02615139 2.210679 Tracked 64358019
0.008652006 -0.02580043 2.207111 Tracked 64358053
-0.003285251 -0.01686202 2.204381 Tracked 64358086
-0.01068979 -0.01221818 2.194577 Tracked 64358119
-0.01678981 -0.009018324 2.181227 Tracked 64358153
-0.02124367 -5.218927E-06 2.167503 Tracked 64358186
-0.03162565 0.01492566 2.153292 Tracked 64358219
-0.03663138 0.02548983 2.141259 Tracked 64358252
-0.04071257 0.03237827 2.13084 Tracked 64358286
-0.043804 0.03521871 2.123884 Tracked 64358319
-0.04529002 0.0361281 2.119464 Tracked 64358352
-0.04696821 0.03650071 2.113797 Tracked 64358386
-0.04904873 0.03827744 2.10863 Tracked 64358419
-0.0506738 0.03810742 2.106183 Tracked 64358452
-0.05181163 0.03801534 2.104393 Tracked 64358485
-0.05276237 0.03775547 2.103085 Tracked 64358520
-0.05334788 0.03783445 2.102341 Tracked 64358553
-0.05375894 0.03796725 2.101999 Tracked 64358585
-0.05451817 0.03828343 2.102286 Tracked 64358619
-0.05508685 0.03856727 2.103308 Tracked 64358652
-0.05602966 0.04030178 2.107721 Tracked 64358686
-0.05521516 0.04270966 2.114461 Tracked 64358720
-0.05297256 0.04676479 2.126905 Tracked 64358752
-0.050709 0.04723398 2.146524 Tracked 64358785
-0.04927552 0.04586418 2.161776 Tracked 64358820
-0.04318129 0.03474208 2.185966 Tracked 64358852
-0.03498868 0.01694421 2.209866 Tracked 64358885
-0.02700418 0.003158744 2.229222 Tracked 64358918
-0.01231811 -0.006728107 2.245915 Tracked 64358952
-0.01324775 -0.02760706 2.271779 Tracked 64358985
-0.01224688 -0.05305772 2.281036 Tracked 64359019
-0.008802999 -0.06206552 2.292723 Tracked 64359053
0.01345877 -0.07107442 2.299689 Tracked 64359085
0.07344275 -0.06894925 2.299647 Tracked 64359118
0.08700468 -0.06632391 2.299746 Tracked 64359153
0.1002236 -0.07249748 2.298837 Tracked 64359186
0.1159897 -0.08175806 2.28547 Tracked 64359219
0.1322451 -0.1013796 2.282148 Tracked 64359256
0.1327763 -0.1019217 2.281506 Tracked 64359286
0.1371194 -0.1047608 2.281572 Tracked 64359320
0.1384107 -0.1057205 2.281652 Tracked 64359352
0.1394308 -0.1060764 2.281619 Tracked 64359385
0.1393791 -0.1055466 2.280983 Tracked 64359419
0.1374564 -0.09914023 2.281853 Tracked 64359452
0.1352456 -0.09216368 2.281872 Tracked 64359485
