0.01296953 0.5500512 2.037142 Tracked 64062120
0.01287713 0.5502896 2.036698 Tracked 64062153
0.01262026 0.5506277 2.035908 Tracked 64062186
0.01224424 0.551037 2.034969 Tracked 64062219
0.011908 0.551643 2.033615 Tracked 64062254
0.01137388 0.5523776 2.030849 Tracked 64062287
0.01096517 0.5530465 2.02719 Tracked 64062319
0.01080711 0.5539076 2.022496 Tracked 64062354
0.009776978 0.553726 2.016234 Tracked 64062387
0.008828162 0.5525848 2.008184 Tracked 64062419
0.008138794 0.5498487 1.999198 Tracked 64062453
0.006507929 0.5454929 1.988457 Tracked 64062486
0.006171738 0.5355683 1.971367 Tracked 64062519
0.004257245 0.5216897 1.952861 Tracked 64062554
0.004060011 0.5006036 1.936063 Tracked 64062587
0.0003470513 0.472471 1.916089 Tracked 64062619
-0.002272242 0.4428433 1.900429 Tracked 64062654
-0.003725703 0.4010274 1.882854 Tracked 64062687
-0.002856862 0.3916339 1.870301 Tracked 64062719
0.0001102445 0.349281 1.845686 Tracked 64062754
-0.003143455 0.3118351 1.83627 Tracked 64062786
-0.001839983 0.27198 1.826967 Tracked 64062819
-0.001447895 0.2329672 1.81822 Tracked 64062853
-0.003368986 0.1956742 1.808646 Tracked 64062886
-0.005137538 0.1577425 1.805297 Tracked 64062919
-0.05251616 0.1333707 1.796968 Tracked 64062953
-0.05313606 0.1207903 1.795174 Tracked 64062986
-0.04843371 0.07263059 1.79137 Tracked 64063019
-0.05238897 0.07137531 1.79213 Tracked 64063053
-0.04917257 0.04349342 1.789815 Tracked 64063086
-0.05089279 0.04072844 1.790138 Tracked 64063119
-0.05213764 0.03865477 1.789847 Tracked 64063153
-0.05580604 0.03943613 1.789079 Tracked 64063186
-0.06033531 0.04465174 1.789042 Tracked 64063219
-0.06543221 0.08943021 1.789597 Tracked 64063254
-0.06671513 0.09224179 1.789595 Tracked 64063286
-0.06821629 0.119096 1.790529 Tracked 64063319
-0.07271105 0.1630126 1.797608 Tracked 64063356
-0.01132428 0.1822594 1.806346 Tracked 64063387
-0.008211732 0.2182493 1.814454 Tracked 64063418
-0.005261139 0.2615247 1.827593 Tracked 64063454
-0.006286111 0.3022063 1.84216 Tracked 64063487
-0.01096534 0.3522945 1.858797 Tracked 64063520
-0.00906693 0.3936397 1.876946 Tracked 64063554
-0.01284648 0.4105165 1.906136 Tracked 64063587
-0.0103191 0.4502192 1.934405 Tracked 64063619
-0.005417906 0.4706948 1.948631 Tracked 64063654
-0.004073125 0.4800035 1.954543 Tracked 64063687
0.0003084498 0.5252774 1.993548 Tracked 64063719
0.000416979 0.5257137 1.993716 Tracked 64063753
0.005106166 0.5396457 2.010231 Tracked 64063786
0.00814274 0.5451796 2.021693 Tracked 64063819
0.01012765 0.5498545 2.03405 Tracked 64063854
0.01237302 0.5514019 2.041776 Tracked 64063886
0.01357374 0.5526304 2.049325 Tracked 64063919
0.01541323 0.5533371 2.055604 Tracked 64063954
0.01631025 0.5531803 2.060709 Tracked 64063986
0.01656358 0.5532293 2.063799 Tracked 64064019
0.01704674 0.55335 2.06705 Tracked 64064054
0.01709724 0.5537177 2.068885 Tracked 64064086
0.01744204 0.5537842 2.071545 Tracked 64064119
0.01744052 0.5541044 2.072268 Tracked 64064154
0.01757566 0.5542043 2.072618 Tracked 64064186
0.01766047 0.5544652 2.072409 Tracked 64064219
0.01771413 0.5546147 2.071892 Tracked 64064254
0.01736738 0.5549944 2.068545 Tracked 64064286
0.01706096 0.5541369 2.062367 Tracked 64064319
0.01652876 0.5512477 2.050845 Tracked 64064354
0.01517626 0.5457526 2.035734 Tracked 64064386
0.01399931 0.5356758 2.017627 Tracked 64064419
0.01154683 0.5189053 1.998789 Tracked 64064453
0.009243284 0.4910004 1.973279 Tracked 64064486
0.01006739 0.4675966 1.958331 Tracked 64064519
0.005354905 0.429224 1.93898 Tracked 64064554
0.004020512 0.4180836 1.90952 Tracked 64064587
0.004577056 0.3886003 1.893019 Tracked 64064619
0.009909435 0.3480114 1.874587 Tracked 64064653
0.003714215 0.3204286 1.867389 Tracked 64064686
0.001002268 0.2877854 1.854726 Tracked 64064719
0.001584577 0.2532005 1.843396 Tracked 64064753
0.001725428 0.2250926 1.835119 Tracked 64064786
-0.007478036 0.1878344 1.824184 Tracked 64064819
-0.0004751286 0.154173 1.817622 Tracked 64064853
0.02978385 0.1133836 1.80205 Tracked 64064886
-0.005252095 0.09285523 1.805661 Tracked 64064919
-0.04980414 0.06480461 1.792883 Tracked 64064953
-0.05251821 0.05438451 1.791708 Tracked 64064987
-0.05255893 0.03528496 1.791417 Tracked 64065019
-0.05227535 0.03078796 1.791405 Tracked 64065053
-0.05188162 0.02752569 1.791153 Tracked 64065086
-0.05175129 0.02719383 1.791061 Tracked 64065119
-0.05103554 0.03059555 1.791359 Tracked 64065153
-0.05402641 0.07145499 1.794224 Tracked 64065186
-0.05234562 0.09230931 1.794771 Tracked 64065219
-0.04262395 0.1171009 1.795405 Tracked 64065253
0.009470171 0.1697061 1.807368 Tracked 64065285
0.01031279 0.2051555 1.811668 Tracked 64065320
0.01163917 0.2675176 1.829155 Tracked 64065354
0.0148357 0.3169353 1.83743 Tracked 64065386
0.01165299 0.3730752 1.85526 Tracked 64065419
0.008392319 0.4234767 1.872338 Tracked 64065453
0.01068332 0.4461183 1.878825 Tracked 64065486
0.01291299 0.4684627 1.929754 Tracked 64065520
0.01415938 0.486366 1.940595 Tracked 64065554
0.01840256 0.508719 1.958735 Tracked 64065586
0.0182149 0.5191376 1.968668 Tracked 64065620
0.01944783 0.5294322 1.981907 Tracked 64065654
0.01983617 0.536153 1.993558 Tracked 64065687
0.01996287 0.5392413 2.003388 Tracked 64065719
0.02082707 0.5418211 2.013357 Tracked 64065753
0.02085366 0.5433716 2.020787 Tracked 64065787
0.02111857 0.5431063 2.025921 Tracked 64065818
0.02184479 0.5436405 2.032664 Tracked 64065854
0.02093505 0.5434246 2.036011 Tracked 64065886
0.02048886 0.5430631 2.038906 Tracked 64065919
0.01980511 0.5427836 2.041003 Tracked 64065953
0.01929688 0.5426071 2.041883 Tracked 64065986
0.0189182 0.5426483 2.042174 Tracked 64066020
0.01864762 0.5429155 2.042178 Tracked 64066054
0.01779372 0.543717 2.041065 Tracked 64066086
0.0159781 0.5452948 2.036923 Tracked 64066119
0.01436687 0.5462915 2.0279 Tracked 64066154
0.01320697 0.5468864 2.015645 Tracked 64066186
0.01179349 0.5442771 1.995785 Tracked 64066220
0.01042597 0.5355355 1.972919 Tracked 64066253
0.007345676 0.5233698 1.952403 Tracked 64066286
0.006300563 0.4967001 1.923085 Tracked 64066319
0.004220388 0.4634181 1.902168 Tracked 64066353
0.003234477 0.4214 1.880388 Tracked 64066386
0.002197211 0.4032156 1.84868 Tracked 64066419
0.004419044 0.3544331 1.825107 Tracked 64066453
0.005149366 0.3011568 1.812686 Tracked 64066486
0.002089372 0.2505414 1.800135 Tracked 64066519
0.005851828 0.2013151 1.790281 Tracked 64066553
-0.001534752 0.1597292 1.78536 Tracked 64066586
-0.04835321 0.1199214 1.773017 Tracked 64066619
-0.05321929 0.1035444 1.776053 Tracked 64066653
-0.05041686 0.04160555 1.769742 Tracked 64066686
-0.05146815 0.03288448 1.770622 Tracked 64066719
-0.05366532 0.01796717 1.771738 Tracked 64066753
-0.05735726 0.005626756 1.771478 Tracked 64066785
0.04569441 -0.005283296 1.766876 Tracked 64066818
0.04323319 -0.006656193 1.764819 Tracked 64066853
0.04275882 -0.004489433 1.765087 Tracked 64066886
0.04193169 -0.0004430012 1.765636 Tracked 64066919
0.04473684 0.0382918 1.769414 Tracked 64066953
0.04159412 0.05475974 1.770228 Tracked 64066986
0.04198848 0.1081219 1.779508 Tracked 64067019
0.03966687 0.1151805 1.78032 Tracked 64067053
0.01348383 0.1633922 1.790738 Tracked 64067086
0.0106257 0.2109115 1.795379 Tracked 64067119
0.01332376 0.2578802 1.806533 Tracked 64067153
0.01494981 0.3023055 1.815225 Tracked 64067185
0.008302536 0.3636683 1.834666 Tracked 64067219
0.004892636 0.4031919 1.849673 Tracked 64067253
0.005768499 0.4301732 1.85838 Tracked 64067286
0.01226969 0.4520911 1.901491 Tracked 64067319
0.01261025 0.4734914 1.91418 Tracked 64067354
0.01449155 0.4977638 1.931378 Tracked 64067387
0.01582269 0.5161753 1.946503 Tracked 64067419
0.01675827 0.5269565 1.960148 Tracked 64067454
0.01933982 0.5358484 1.97467 Tracked 64067486
0.02035782 0.5399137 1.985487 Tracked 64067519
0.02063424 0.5422634 1.993754 Tracked 64067553
0.02200449 0.5448499 2.003288 Tracked 64067586
0.02244959 0.5453937 2.008101 Tracked 64067619
0.0226186 0.5463924 2.013 Tracked 64067653
0.02280524 0.5469737 2.0169 Tracked 64067686
0.02270665 0.547088 2.01819 Tracked 64067720
0.02247862 0.5474122 2.01941 Tracked 64067753
0.02217389 0.5477124 2.020187 Tracked 64067786
0.02196965 0.5478926 2.02053 Tracked 64067819
0.02147833 0.5480569 2.020201 Tracked 64067853
0.02063595 0.5485297 2.017478 Tracked 64067886
0.01911441 0.5487643 2.013643 Tracked 64067919
0.01754499 0.5478072 2.005185 Tracked 64067953
0.01596694 0.5446867 1.990528 Tracked 64067985
0.01299846 0.5385349 1.970495 Tracked 64068019
0.009989554 0.5275573 1.951953 Tracked 64068053
0.009614946 0.507697 1.930313 Tracked 64068086
0.006931688 0.4743692 1.902261 Tracked 64068119
0.002114135 0.454432 1.854798 Tracked 64068153
-0.0001338968 0.4222518 1.842508 Tracked 64068185
0.001158409 0.3661685 1.819951 Tracked 64068219
0.003924356 0.3099061 1.804822 Tracked 64068254
0.002123109 0.2539663 1.790057 Tracked 64068286
0.005739413 0.1962725 1.780724 Tracked 64068320
0.03518299 0.144265 1.76784 Tracked 64068354
0.03512908 0.09073805 1.76152 Tracked 64068386
0.03831181 0.06824692 1.761496 Tracked 64068419
0.04875166 0.03237034 1.761557 Tracked 64068453
0.04955644 0.02096128 1.761518 Tracked 64068486
0.04890504 0.01055935 1.762278 Tracked 64068519
0.04779124 0.0009890088 1.764742 Tracked 64068554
0.04773227 -0.0008933804 1.765736 Tracked 64068586
0.04746347 -0.001040584 1.76603 Tracked 64068619
0.04832257 0.01006387 1.766903 Tracked 64068653
0.04787473 0.009372434 1.766961 Tracked 64068686
0.05112674 0.05588381 1.770277 Tracked 64068719
0.04968011 0.08193266 1.774696 Tracked 64068753
0.04290209 0.1173334 1.779614 Tracked 64068786
0.005215294 0.1717641 1.791223 Tracked 64068819
0.005922107 0.2233006 1.798675 Tracked 64068853
0.007875057 0.2761938 1.809643 Tracked 64068886
0.01574661 0.3293716 1.817873 Tracked 64068919
0.01286975 0.3798194 1.834837 Tracked 64068954
0.007389011 0.4310782 1.856278 Tracked 64068986
0.0112973 0.4532419 1.861831 Tracked 64069019
0.01842834 0.475815 1.914204 Tracked 64069053
0.02078588 0.491716 1.927179 Tracked 64069086
0.02533129 0.5113194 1.944834 Tracked 64069120
0.02880178 0.5234461 1.960087 Tracked 64069168
0.03077813 0.5290153 1.968888 Tracked 64069187
0.03326713 0.5347828 1.979069 Tracked 64069219
0.03575136 0.5385679 1.988658 Tracked 64069253
0.03749999 0.540694 1.994333 Tracked 64069285
0.03846896 0.5425129 1.999705 Tracked 64069320
0.03849366 0.5425211 1.999684 Tracked 64069354
0.03962487 0.5435716 2.003862 Tracked 64069387
0.04008131 0.5443352 2.005878 Tracked 64069420
0.04004432 0.5446318 2.006459 Tracked 64069453
0.04014099 0.544781 2.00655 Tracked 64069486
0.0401176 0.5448265 2.006306 Tracked 64069519
0.04014456 0.5450803 2.004527 Tracked 64069553
0.03924548 0.5442644 1.999217 Tracked 64069587
0.03683357 0.5421922 1.988097 Tracked 64069619
0.03366864 0.5385007 1.974854 Tracked 64069653
0.03053609 0.5313892 1.954765 Tracked 64069686
0.02695384 0.5175343 1.929378 Tracked 64069719
0.0237405 0.4951638 1.905851 Tracked 64069753
0.0228721 0.4605725 1.882527 Tracked 64069787
0.01874617 0.4385826 1.834823 Tracked 64069819
0.01755159 0.4084688 1.825226 Tracked 64069853
0.01913375 0.3515395 1.805447 Tracked 64069886
0.01701685 0.2987834 1.790108 Tracked 64069919
0.01238419 0.2448914 1.781527 Tracked 64069953
0.01464585 0.1926499 1.773353 Tracked 64069986
0.008932554 0.1548635 1.770509 Tracked 64070019
-0.04371914 0.1195181 1.763596 Tracked 64070053
-0.04550171 0.09546332 1.762626 Tracked 64070087
-0.04286952 0.03718925 1.755795 Tracked 64070119
-0.04296742 0.02563521 1.754922 Tracked 64070166
-0.04362125 0.01198072 1.753303 Tracked 64070187
-0.04679567 0.008656282 1.755941 Tracked 64070220
-0.04777151 0.007362051 1.756524 Tracked 64070253
-0.04362988 -0.02355921 1.755642 Tracked 64070285
-0.04347067 -0.02395356 1.75562 Tracked 64070318
-0.04597798 -0.01274758 1.757641 Tracked 64070352
-0.05317192 0.03362838 1.770179 Tracked 64070385
-0.06003424 0.07519765 1.772035 Tracked 64070418
-0.05784557 0.0933248 1.77685 Tracked 64070453
-0.04583355 0.1261565 1.780496 Tracked 64070486
0.003524115 0.1755508 1.790648 Tracked 64070520
0.002478765 0.2287382 1.801724 Tracked 64070553
0.007765747 0.272916 1.812847 Tracked 64070586
0.007768694 0.3279658 1.827982 Tracked 64070619
0.005422823 0.346918 1.867544 Tracked 64070653
0.001332878 0.4189859 1.855314 Tracked 64070686
0.001790838 0.4343792 1.885185 Tracked 64070719
0.006054654 0.4674413 1.906383 Tracked 64070753
0.007626824 0.4904926 1.920734 Tracked 64070786
0.01047683 0.5125107 1.937814 Tracked 64070820
0.01134013 0.5284831 1.953386 Tracked 64070854
0.01273514 0.5372823 1.966332 Tracked 64070887
0.01288945 0.5432205 1.978246 Tracked 64070919
0.01442601 0.5464793 1.987808 Tracked 64070954
0.01499768 0.5493261 1.99857 Tracked 64070987
0.01553929 0.550129 2.004103 Tracked 64071021
0.01514412 0.5505159 2.007953 Tracked 64071055
0.01493253 0.5509841 2.012423 Tracked 64071087
0.01476731 0.5512151 2.015302 Tracked 64071120
0.01447667 0.551302 2.016708 Tracked 64071167
0.01419828 0.5514443 2.017161 Tracked 64071188
0.01392594 0.5515738 2.017219 Tracked 64071220
0.0138153 0.5517622 2.016538 Tracked 64071254
0.01389754 0.5521722 2.013649 Tracked 64071288
0.01338252 0.5526766 2.008638 Tracked 64071321
0.01231045 0.5525437 1.997645 Tracked 64071354
0.01109382 0.5500972 1.983643 Tracked 64071386
0.008786164 0.5438504 1.964245 Tracked 64071420
0.007159341 0.5337253 1.943735 Tracked 64071454
0.005455567 0.5145174 1.918862 Tracked 64071486
0.001654247 0.4879799 1.895856 Tracked 64071519
0.0009469857 0.4425045 1.870615 Tracked 64071554
-0.004969934 0.3950628 1.85 Tracked 64071586
-0.001024366 0.3750377 1.825323 Tracked 64071619
0.002470319 0.3156342 1.803579 Tracked 64071653
-0.001898012 0.261308 1.789798 Tracked 64071686
0.001127619 0.2017751 1.781429 Tracked 64071719
0.03342581 0.1525285 1.769689 Tracked 64071753
0.02951192 0.1167197 1.765952 Tracked 64071786
0.03128717 0.05463275 1.763818 Tracked 64071818
0.03561208 0.03121757 1.765767 Tracked 64071853
0.03034522 -0.003165972 1.760517 Tracked 64071886
0.03238953 -0.003232663 1.760749 Tracked 64071919
0.07640174 -0.06666888 1.858178 Tracked 64071953
0.07617733 -0.06591639 1.855144 Tracked 64071985
0.07674942 -0.08110429 1.872822 Tracked 64072018
0.07559597 -0.0838651 1.883086 Tracked 64072052
0.02884177 -0.01460277 1.76182 Tracked 64072086
0.03078103 -0.002582803 1.763744 Tracked 64072118
0.03243605 0.05538214 1.76406 Tracked 64072152
0.03243089 0.08457816 1.769007 Tracked 64072186
0.02573013 0.1157058 1.774198 Tracked 64072219
0.02039265 0.171358 1.783845 Tracked 64072253
-0.03473138 0.2263657 1.794635 Tracked 64072287
-0.007320503 0.2702146 1.800947 Tracked 64072319
-0.006697169 0.3275882 1.808934 Tracked 64072353
-0.01377305 0.3885154 1.831788 Tracked 64072386
-0.01396688 0.427285 1.847253 Tracked 64072419
-0.01339313 0.4582735 1.857859 Tracked 64072453
-0.01139333 0.4967936 1.881067 Tracked 64072486
-0.009073745 0.5010009 1.926259 Tracked 64072519
-0.007952852 0.5102277 1.93616 Tracked 64072554
-0.005770289 0.5234036 1.951509 Tracked 64072586
-0.003550017 0.5295013 1.963535 Tracked 64072620
-0.003285196 0.5345544 1.973807 Tracked 64072654
-0.002580581 0.5384393 1.984164 Tracked 64072687
-0.001277332 0.5402117 1.991184 Tracked 64072719
-0.0007827787 0.5415034 1.997436 Tracked 64072753
0.0002615699 0.5426137 2.003466 Tracked 64072787
0.00187707 0.5428402 2.009174 Tracked 64072819
0.002243687 0.5430548 2.013204 Tracked 64072854
0.002610311 0.5432269 2.015045 Tracked 64072886
0.003124631 0.5433887 2.017074 Tracked 64072919
0.003440587 0.5433544 2.017875 Tracked 64072953
0.003680018 0.5434878 2.018703 Tracked 64072986
0.003861771 0.543541 2.018739 Tracked 64073019
0.004186065 0.5439913 2.018283 Tracked 64073053
0.004725704 0.5445912 2.015176 Tracked 64073085
0.006081503 0.5459546 2.007445 Tracked 64073119
0.006736036 0.5473443 1.998066 Tracked 64073153
0.005250574 0.5476748 1.98449 Tracked 64073189
0.003803284 0.5459266 1.963005 Tracked 64073219
0.001350646 0.5378305 1.938686 Tracked 64073254
-0.0008999004 0.5242137 1.91434 Tracked 64073287
-0.001873069 0.4934684 1.886705 Tracked 64073320
-0.005442698 0.4515604 1.85882 Tracked 64073353
-0.009970824 0.4035558 1.840783 Tracked 64073386
-0.008644728 0.3802761 1.820336 Tracked 64073418
-0.006421971 0.3190391 1.800696 Tracked 64073452
-0.0102025 0.2614669 1.787472 Tracked 64073487
-0.009723334 0.2044212 1.778881 Tracked 64073519
-0.01080524 0.15613 1.774241 Tracked 64073553
-0.01650782 0.1054656 1.775012 Tracked 64073586
-0.02246619 0.05006441 1.771012 Tracked 64073619
-0.02220733 0.02706124 1.770699 Tracked 64073653
-0.07750777 0.001393189 1.763624 Tracked 64073685
0.03322944 -0.03192211 1.767114 Tracked 64073718
0.03303053 -0.03759572 1.766161 Tracked 64073753
0.03230489 -0.04602069 1.764539 Tracked 64073785
0.03104388 -0.05305567 1.763593 Tracked 64073819
0.03080079 -0.05387627 1.76336 Tracked 64073852
0.03039517 -0.05344107 1.762983 Tracked 64073885
0.04012434 -0.02130231 1.761655 Tracked 64073918
0.03920287 -0.01125547 1.762039 Tracked 64073952
0.02761776 0.03966251 1.771784 Tracked 64073986
0.01838262 0.0626124 1.775311 Tracked 64074019
0.01621472 0.1105813 1.783429 Tracked 64074053
-0.009325963 0.1692172 1.795061 Tracked 64074086
-0.005508035 0.2253467 1.802939 Tracked 64074119
-0.004589572 0.2823927 1.815723 Tracked 64074153
0.0007874586 0.3453389 1.830666 Tracked 64074187
-0.0005495095 0.3940885 1.846909 Tracked 64074219
-0.001003169 0.4087559 1.872267 Tracked 64074254
0.004437245 0.451157 1.894806 Tracked 64074285
0.004643803 0.4751039 1.909447 Tracked 64074319
0.006037713 0.4986086 1.926671 Tracked 64074353
0.008046736 0.5161722 1.940955 Tracked 64074387
0.008226989 0.5307297 1.954841 Tracked 64074419
0.009841781 0.5396928 1.967952 Tracked 64074453
0.01051962 0.5444701 1.975433 Tracked 64074486
0.01050998 0.5484858 1.986573 Tracked 64074519
0.01035287 0.5504473 1.993848 Tracked 64074553
0.0102512 0.5518798 1.999077 Tracked 64074587
0.009392508 0.5526972 2.003418 Tracked 64074619
0.008173332 0.5530307 2.006265 Tracked 64074653
0.007253163 0.5532119 2.009203 Tracked 64074686
0.006869383 0.5530987 2.011392 Tracked 64074719
0.006018191 0.5531344 2.012414 Tracked 64074753
0.005618641 0.5531001 2.012784 Tracked 64074786
0.005335655 0.5531478 2.012899 Tracked 64074819
0.004753821 0.5533546 2.0128 Tracked 64074854
0.003958986 0.553681 2.01192 Tracked 64074886
0.002485559 0.5545273 2.00784 Tracked 64074919
0.00107754 0.5553141 2.000975 Tracked 64074954
4.901918E-05 0.5566295 1.993269 Tracked 64074986
-0.0006421284 0.5561702 1.979315 Tracked 64075020
-0.001570314 0.5521427 1.960192 Tracked 64075054
-0.002307908 0.5440174 1.940954 Tracked 64075086
-0.001646513 0.527644 1.919741 Tracked 64075119
-0.003468603 0.5027853 1.896887 Tracked 64075153
-0.006398225 0.4668233 1.873675 Tracked 64075186
-0.008709851 0.4205687 1.85309 Tracked 64075220
-0.01032451 0.3713188 1.837943 Tracked 64075253
-0.005996506 0.3492842 1.81846 Tracked 64075286
-0.002732843 0.2834472 1.797858 Tracked 64075320
-0.005107197 0.2305436 1.788695 Tracked 64075353
-0.001086727 0.1740981 1.778899 Tracked 64075387
-0.00698495 0.1373765 1.776243 Tracked 64075419
-0.007922874 0.08039831 1.772759 Tracked 64075453
-0.002121099 0.04367216 1.776374 Tracked 64075486
-0.05433353 0.006482702 1.762928 Tracked 64075519
-0.0520011 -0.003033732 1.761503 Tracked 64075552
-0.04789852 -0.02392132 1.763123 Tracked 64075586
-0.04774082 -0.02369304 1.763967 Tracked 64075619
-0.04732461 -0.02450127 1.764231 Tracked 64075653
-0.04701064 -0.02761741 1.764142 Tracked 64075686
-0.04636448 -0.03005168 1.763962 Tracked 64075719
-0.04561859 -0.02734393 1.76486 Tracked 64075753
-0.03833789 -0.02226544 1.764332 Tracked 64075786
-0.04664948 0.005026277 1.767694 Tracked 64075818
-0.04908794 0.03499082 1.772595 Tracked 64075854
-0.005170042 0.07149723 1.782769 Tracked 64075886
-0.00429268 0.1166787 1.788453 Tracked 64075919
0.005172874 0.1534618 1.793952 Tracked 64075953
0.00607509 0.2067297 1.802604 Tracked 64075986
0.003866691 0.2558345 1.815678 Tracked 64076019
0.003120153 0.3131006 1.833897 Tracked 64076054
-0.0005929498 0.3639246 1.848288 Tracked 64076086
-0.0005516538 0.4032127 1.86621 Tracked 64076119
-0.001278895 0.4162055 1.892608 Tracked 64076153
0.0001299265 0.4563888 1.922184 Tracked 64076186
0.003785271 0.4748603 1.936261 Tracked 64076220
0.003847966 0.50054 1.954145 Tracked 64076254
0.004689521 0.5124214 1.964316 Tracked 64076286
0.004470629 0.5284114 1.979498 Tracked 64076320
0.005540877 0.5351645 1.990182 Tracked 64076353
0.005786956 0.5404249 2.001323 Tracked 64076386
0.007118948 0.5427062 2.007705 Tracked 64076420
0.009136206 0.5442092 2.015308 Tracked 64076454
0.01043713 0.5454074 2.022205 Tracked 64076486
0.01113357 0.5464365 2.027015 Tracked 64076519
0.01268154 0.547046 2.031365 Tracked 64076553
0.01333973 0.547205 2.033957 Tracked 64076586
0.01425017 0.5472705 2.035578 Tracked 64076619
0.01443098 0.5475941 2.0384 Tracked 64076653
0.01544204 0.547848 2.039716 Tracked 64076686
0.01592031 0.5479255 2.040815 Tracked 64076719
0.01614313 0.5481073 2.041205 Tracked 64076753
0.01612487 0.5482818 2.041246 Tracked 64076786
0.01610621 0.5483207 2.041268 Tracked 64076819
0.01584729 0.548797 2.040416 Tracked 64076854
0.0148485 0.5499748 2.038837 Tracked 64076886
0.01290872 0.5502861 2.031958 Tracked 64076919
0.01053273 0.5492965 2.020307 Tracked 64076953
0.008238005 0.5454412 2.007034 Tracked 64076986
0.004503137 0.5358645 1.988195 Tracked 64077019
0.002452938 0.5154058 1.963571 Tracked 64077053
-0.001543763 0.4896659 1.945134 Tracked 64077087
-0.002800158 0.4459778 1.920624 Tracked 64077120
-0.006337227 0.4249347 1.883097 Tracked 64077153
-0.005785931 0.3929982 1.872394 Tracked 64077186
-0.00205953 0.3401124 1.856131 Tracked 64077220
-0.004538998 0.2838466 1.842087 Tracked 64077268
-0.004445405 0.2305592 1.830108 Tracked 64077287
-0.003817002 0.182144 1.819081 Tracked 64077320
-0.04762621 0.1351653 1.807621 Tracked 64077354
-0.05119779 0.08066127 1.799961 Tracked 64077386
-0.0530996 0.06554716 1.800084 Tracked 64077419
-0.05985759 0.02971102 1.794952 Tracked 64077453
-0.06145576 0.01913409 1.793444 Tracked 64077486
-0.06239373 0.01729627 1.792589 Tracked 64077520
-0.06331144 0.01601999 1.791461 Tracked 64077553
-0.06302612 0.01265698 1.789458 Tracked 64077586
-0.06298525 0.01247878 1.789339 Tracked 64077619
-0.06265472 0.007873487 1.78753 Tracked 64077653
-0.06039462 0.01001929 1.788184 Tracked 64077686
-0.06220673 0.05211175 1.793786 Tracked 64077719
-0.06138572 0.06868352 1.795119 Tracked 64077753
-0.05219367 0.0955547 1.794504 Tracked 64077786
