-0.04704071 0.410165 2.138303 Tracked 65985265
-0.04701539 0.410194 2.137855 Tracked 65985296
-0.04694632 0.4102642 2.137662 Tracked 65985329
-0.04695745 0.4105475 2.13737 Tracked 65985363
-0.04695182 0.4110756 2.136326 Tracked 65985396
-0.04673763 0.4116301 2.135597 Tracked 65985429
-0.0463091 0.4124427 2.134605 Tracked 65985463
-0.04542144 0.4128616 2.132827 Tracked 65985496
-0.04407851 0.4132398 2.131365 Tracked 65985529
-0.04289433 0.4130573 2.129783 Tracked 65985565
-0.04124673 0.4121959 2.127371 Tracked 65985598
-0.0388645 0.4095702 2.124771 Tracked 65985631
-0.03524207 0.4015477 2.120142 Tracked 65985664
-0.03211582 0.3825123 2.114354 Tracked 65985698
-0.03047326 0.3592908 2.110609 Tracked 65985731
-0.02834227 0.3272526 2.109385 Tracked 65985765
-0.02936178 0.3256032 2.125477 Tracked 65985797
-0.03054386 0.3050054 2.130709 Tracked 65985830
-0.0300287 0.2592584 2.128317 Tracked 65985864
-0.03092358 0.2433383 2.128298 Tracked 65985898
-0.03292078 0.2074476 2.125501 Tracked 65985931
-0.03320934 0.1485264 2.122082 Tracked 65985964
-0.03620651 0.1311546 2.120748 Tracked 65985998
-0.03731529 0.06404234 2.11577 Tracked 65986030
-0.05264303 0.005021574 2.104269 Tracked 65986065
-0.04877102 -0.006707578 2.108056 Tracked 65986098
-0.04659917 -0.01847276 2.102975 Tracked 65986130
-0.04475798 -0.02105266 2.102995 Tracked 65986164
-0.04085182 -0.02831895 2.102874 Tracked 65986198
-0.03991714 -0.03011741 2.103164 Tracked 65986230
-0.03969137 -0.02735006 2.103505 Tracked 65986264
-0.04238121 -0.008388541 2.111908 Tracked 65986296
-0.03896299 0.02277481 2.118973 Tracked 65986329
-0.03251326 0.04202504 2.118787 Tracked 65986366
-0.03238674 0.09439956 2.117216 Tracked 65986398
-0.03141579 0.09932662 2.11368 Tracked 65986431
-0.02654298 0.131071 2.109592 Tracked 65986464
-0.02347236 0.1642818 2.107707 Tracked 65986498
-0.02133016 0.2208582 2.102667 Tracked 65986531
-0.02405526 0.2396479 2.0989 Tracked 65986564
-0.0259994 0.3391692 2.128175 Tracked 65986597
-0.02384634 0.3340721 2.106478 Tracked 65986630
-0.02228225 0.3452367 2.10077 Tracked 65986664
-0.01888877 0.3642059 2.097751 Tracked 65986697
-0.01623805 0.3781283 2.096723 Tracked 65986730
-0.01349176 0.3886822 2.09725 Tracked 65986768
-0.01183295 0.3930183 2.097321 Tracked 65986797
-0.009062098 0.398893 2.098259 Tracked 65986831
-0.007261076 0.4023985 2.098754 Tracked 65986866
-0.006199016 0.4038524 2.098196 Tracked 65986900
-0.005190551 0.4047799 2.097044 Tracked 65986933
-0.004058964 0.4053349 2.096271 Tracked 65986966
-0.002715567 0.4056961 2.095623 Tracked 65987000
-0.001240516 0.4060059 2.094702 Tracked 65987033
-0.0002902143 0.4060802 2.094157 Tracked 65987066
0.0003077167 0.4062187 2.09353 Tracked 65987100
0.001035562 0.4064055 2.093121 Tracked 65987133
0.002372535 0.4075017 2.09423 Tracked 65987167
0.003698677 0.4087313 2.095349 Tracked 65987200
0.004427356 0.4092996 2.095534 Tracked 65987230
0.004984154 0.4094318 2.095378 Tracked 65987264
0.005474749 0.4090706 2.095059 Tracked 65987298
0.00601358 0.4075717 2.09376 Tracked 65987331
0.006587268 0.4039509 2.091621 Tracked 65987364
0.007058782 0.3933409 2.08747 Tracked 65987398
0.00568107 0.3759218 2.084737 Tracked 65987431
0.002513812 0.3494138 2.081004 Tracked 65987465
-0.0001307475 0.3490393 2.09794 Tracked 65987498
-0.003218403 0.3335037 2.104521 Tracked 65987531
-0.008830972 0.2858317 2.106353 Tracked 65987565
-0.01247058 0.2536987 2.106223 Tracked 65987598
-0.01827841 0.2163364 2.106163 Tracked 65987630
-0.02241699 0.1833748 2.106199 Tracked 65987664
-0.03197354 0.1209588 2.109565 Tracked 65987697
-0.04087169 0.05545817 2.109713 Tracked 65987730
-0.03982752 0.01120494 2.106354 Tracked 65987764
-0.04644073 -0.0004235862 2.109672 Tracked 65987797
-0.05881689 -0.01973413 2.118209 Tracked 65987830
-0.05942891 -0.01966028 2.119101 Tracked 65987864
-0.06012291 -0.01444842 2.125635 Tracked 65987896
-0.05962874 -0.01428049 2.12741 Tracked 65987930
-0.05948209 -0.01535458 2.128968 Tracked 65987964
-0.05175625 0.01215927 2.13468 Tracked 65987997
-0.04466695 0.02870601 2.13621 Tracked 65988029
-0.04341094 0.06758102 2.132663 Tracked 65988063
-0.03094327 0.121297 2.139788 Tracked 65988097
-0.03615174 0.1494326 2.140863 Tracked 65988130
-0.03361664 0.1631186 2.13221 Tracked 65988164
-0.03829107 0.2755981 2.14734 Tracked 65988201
-0.03681679 0.2967432 2.148262 Tracked 65988234
-0.03534477 0.3246576 2.147186 Tracked 65988268
-0.03355906 0.327326 2.108757 Tracked 65988301
-0.03416494 0.3326368 2.10995 Tracked 65988334
-0.03349477 0.3542535 2.110562 Tracked 65988365
-0.03280583 0.3733365 2.111193 Tracked 65988397
-0.03218767 0.3866318 2.111588 Tracked 65988431
-0.03122689 0.3944974 2.110936 Tracked 65988465
-0.03053958 0.3989261 2.11103 Tracked 65988498
-0.02993728 0.4021553 2.110978 Tracked 65988531
-0.02942003 0.4039271 2.110953 Tracked 65988565
-0.02882351 0.4051812 2.110843 Tracked 65988598
-0.02822729 0.4061559 2.110301 Tracked 65988630
-0.02763315 0.4071824 2.109897 Tracked 65988665
-0.02688333 0.4080881 2.109439 Tracked 65988698
-0.02620165 0.4089018 2.108567 Tracked 65988730
-0.02534751 0.4093427 2.107655 Tracked 65988764
-0.02428675 0.4093257 2.105917 Tracked 65988802
-0.02323266 0.4083813 2.103844 Tracked 65988831
-0.02222835 0.4053732 2.100169 Tracked 65988865
-0.0209687 0.3981294 2.095296 Tracked 65988898
-0.0202196 0.3837001 2.089891 Tracked 65988931
-0.01947582 0.3562559 2.08506 Tracked 65988965
-0.02150906 0.3308413 2.08444 Tracked 65988998
-0.0228787 0.3321333 2.099044 Tracked 65989031
-0.02702849 0.3079644 2.104748 Tracked 65989065
-0.03042664 0.2662877 2.106939 Tracked 65989098
-0.03237274 0.2490309 2.10983 Tracked 65989130
-0.03807821 0.2163864 2.109658 Tracked 65989164
-0.04098606 0.1814095 2.10802 Tracked 65989197
-0.04567469 0.1281188 2.111502 Tracked 65989230
-0.04910825 0.1085314 2.109106 Tracked 65989263
-0.06125255 0.04707247 2.11002 Tracked 65989296
-0.06021028 0.03071416 2.105714 Tracked 65989329
-0.05663543 -0.0002517115 2.105785 Tracked 65989363
-0.05631442 -0.006188291 2.10639 Tracked 65989398
-0.05537252 -0.01252591 2.108006 Tracked 65989431
-0.05336227 -0.01276964 2.10865 Tracked 65989467
-0.05733302 -0.003851029 2.113298 Tracked 65989500
-0.06155498 0.01769108 2.112718 Tracked 65989534
-0.0466772 0.05856999 2.114409 Tracked 65989567
-0.0477592 0.09352142 2.117485 Tracked 65989602
-0.04005605 0.1420771 2.123136 Tracked 65989631
-0.0487742 0.1673602 2.123665 Tracked 65989666
-0.04744557 0.1825126 2.121186 Tracked 65989698
-0.04282334 0.223916 2.114179 Tracked 65989731
-0.04412168 0.2565639 2.115957 Tracked 65989765
-0.04642119 0.3063769 2.121542 Tracked 65989799
-0.04714096 0.3114387 2.11812 Tracked 65989831
-0.04821427 0.3646232 2.104043 Tracked 65989865
-0.04831267 0.3725033 2.105342 Tracked 65989898
-0.04696668 0.3875672 2.107358 Tracked 65989931
-0.04651002 0.3963073 2.109195 Tracked 65989965
-0.04563107 0.4015499 2.11092 Tracked 65989998
-0.04471783 0.4051467 2.112762 Tracked 65990031
-0.04411707 0.4069135 2.113828 Tracked 65990065
-0.04349212 0.4084564 2.114542 Tracked 65990098
-0.04289849 0.4097673 2.11631 Tracked 65990131
-0.04207719 0.4106098 2.116744 Tracked 65990164
-0.04134705 0.4112887 2.117309 Tracked 65990197
-0.04046556 0.4116576 2.117637 Tracked 65990230
-0.03958011 0.4122823 2.11777 Tracked 65990264
-0.03863767 0.4125967 2.117155 Tracked 65990297
-0.03726919 0.4128646 2.116332 Tracked 65990331
-0.03619481 0.4128768 2.115558 Tracked 65990364
-0.03495406 0.4125861 2.114156 Tracked 65990397
-0.03417344 0.4123005 2.112436 Tracked 65990430
-0.03316493 0.4111118 2.110257 Tracked 65990463
-0.03272765 0.4079264 2.10635 Tracked 65990496
-0.03226144 0.3998737 2.10148 Tracked 65990529
-0.03330945 0.3805352 2.094918 Tracked 65990563
-0.03557452 0.3515367 2.091918 Tracked 65990596
-0.03708444 0.3490426 2.107578 Tracked 65990629
-0.03860955 0.3241959 2.114641 Tracked 65990665
-0.03980319 0.2817524 2.114182 Tracked 65990698
-0.03970939 0.2536108 2.116041 Tracked 65990731
-0.04159641 0.2109602 2.11573 Tracked 65990765
-0.04307026 0.1915637 2.115498 Tracked 65990798
-0.04286166 0.1162846 2.111468 Tracked 65990831
-0.04624976 0.1008073 2.110847 Tracked 65990864
-0.05464445 0.08675842 2.111087 Tracked 65990897
-0.04725442 -0.002432574 2.110745 Tracked 65990930
-0.04585526 -0.009874202 2.110958 Tracked 65990965
-0.04732317 -0.02246582 2.109784 Tracked 65990998
-0.0465607 -0.02671782 2.109913 Tracked 65991031
-0.04612762 -0.02776265 2.109743 Tracked 65991064
-0.04558367 -0.02689073 2.110162 Tracked 65991097
-0.04480749 -0.006095413 2.109671 Tracked 65991130
-0.04380046 0.05580362 2.107744 Tracked 65991164
-0.0413036 0.06564248 2.105789 Tracked 65991198
-0.03879431 0.1195577 2.111625 Tracked 65991231
-0.05039696 0.1445681 2.104288 Tracked 65991265
-0.04561283 0.1650568 2.105898 Tracked 65991298
-0.03405338 0.2224262 2.10104 Tracked 65991331
-0.03565062 0.2391614 2.102811 Tracked 65991365
-0.033251 0.2915576 2.099455 Tracked 65991397
-0.03536127 0.3048461 2.095351 Tracked 65991431
-0.03829585 0.3527219 2.090718 Tracked 65991465
-0.03808341 0.3622366 2.090536 Tracked 65991498
-0.03792262 0.3811007 2.091866 Tracked 65991531
-0.03696561 0.3901677 2.092132 Tracked 65991565
-0.03650903 0.3950933 2.093284 Tracked 65991597
-0.03625805 0.3977869 2.094088 Tracked 65991631
-0.03581165 0.4006179 2.095722 Tracked 65991664
-0.03534029 0.4022026 2.096758 Tracked 65991697
-0.0345418 0.4031646 2.098044 Tracked 65991730
-0.03405393 0.4034548 2.097562 Tracked 65991764
-0.03305702 0.4041727 2.099165 Tracked 65991797
-0.03232994 0.4047202 2.100061 Tracked 65991830
-0.03167177 0.4051364 2.100504 Tracked 65991868
-0.03084755 0.4056636 2.101284 Tracked 65991897
-0.0301931 0.4059345 2.101648 Tracked 65991930
-0.02945511 0.4062654 2.101838 Tracked 65991965
-0.02845024 0.4068014 2.101817 Tracked 65991999
-0.02784767 0.407196 2.101596 Tracked 65992034
-0.02705717 0.4073969 2.101071 Tracked 65992068
-0.02630262 0.4075522 2.100197 Tracked 65992100
-0.02559314 0.4071908 2.098735 Tracked 65992135
-0.02490493 0.4060106 2.097579 Tracked 65992168
-0.02550201 0.3982313 2.092394 Tracked 65992201
-0.02514159 0.3820019 2.087112 Tracked 65992234
-0.02506388 0.3527556 2.086006 Tracked 65992268
-0.02602409 0.3502842 2.102039 Tracked 65992301
-0.02560968 0.3215122 2.108501 Tracked 65992334
-0.02424501 0.2838506 2.113148 Tracked 65992369
-0.02473237 0.2576834 2.118695 Tracked 65992398
-0.02640347 0.2226616 2.119616 Tracked 65992431
-0.02485214 0.1479796 2.115321 Tracked 65992464
-0.02622119 0.1337578 2.117778 Tracked 65992498
-0.01760658 0.08294772 2.116096 Tracked 65992531
-0.02988881 0.01306779 2.110276 Tracked 65992564
-0.03141075 -0.002750805 2.11271 Tracked 65992598
-0.03323552 -0.006198749 2.114613 Tracked 65992631
-0.03634306 0.004336134 2.123494 Tracked 65992665
-0.0348625 0.003831674 2.124263 Tracked 65992697
-0.03073319 -0.03014062 2.116535 Tracked 65992731
-0.02905736 -0.0279843 2.11876 Tracked 65992764
-0.0348677 0.001761959 2.123832 Tracked 65992798
-0.02534181 0.03006389 2.119907 Tracked 65992831
-0.01873137 0.05349762 2.121242 Tracked 65992866
-0.008842728 0.07804862 2.115068 Tracked 65992897
-0.009231239 0.1085873 2.112224 Tracked 65992931
-0.01326642 0.172039 2.1124 Tracked 65992964
-0.0100365 0.1832813 2.110463 Tracked 65992997
-0.007876175 0.2199085 2.112106 Tracked 65993030
-0.01492159 0.2666526 2.108199 Tracked 65993063
-0.02507919 0.2814799 2.099811 Tracked 65993096
-0.02754903 0.3391019 2.087383 Tracked 65993130
-0.02795418 0.3504931 2.086148 Tracked 65993164
-0.02738607 0.3715214 2.084632 Tracked 65993197
-0.02740544 0.3842134 2.084223 Tracked 65993231
-0.02807982 0.3905768 2.084244 Tracked 65993264
-0.02827194 0.4002523 2.085713 Tracked 65993298
-0.02865562 0.4024369 2.085774 Tracked 65993331
-0.0290639 0.4037394 2.085865 Tracked 65993365
-0.02980164 0.4052511 2.086176 Tracked 65993398
-0.03030627 0.406244 2.086626 Tracked 65993431
-0.03085206 0.407149 2.086846 Tracked 65993465
-0.03087639 0.4078345 2.0871 Tracked 65993498
-0.03064637 0.408194 2.087148 Tracked 65993531
-0.02989089 0.4088169 2.086949 Tracked 65993565
-0.02837049 0.4097624 2.086873 Tracked 65993597
-0.02599441 0.4107447 2.086854 Tracked 65993631
-0.02236217 0.4114693 2.086241 Tracked 65993664
-0.01861777 0.4109869 2.085593 Tracked 65993698
-0.01271054 0.4102336 2.085232 Tracked 65993731
-0.004700215 0.4088073 2.083657 Tracked 65993765
0.004458221 0.4034319 2.081712 Tracked 65993798
0.01365007 0.3930702 2.080917 Tracked 65993831
0.02506798 0.3648979 2.080815 Tracked 65993864
0.03537295 0.3316131 2.084519 Tracked 65993897
0.04802756 0.2828915 2.087431 Tracked 65993931
0.04772207 0.2640927 2.089559 Tracked 65993965
0.04416172 0.2227655 2.09861 Tracked 65993997
0.03746587 0.1760779 2.100382 Tracked 65994031
0.03723668 0.1485756 2.104158 Tracked 65994065
0.03048557 0.1221396 2.108288 Tracked 65994097
0.01161127 0.1086111 2.104913 Tracked 65994131
0.01125799 0.07923871 2.11079 Tracked 65994164
0.009464123 0.05801466 2.113534 Tracked 65994198
0.008198891 0.04905803 2.116201 Tracked 65994230
0.008131552 0.04795723 2.115714 Tracked 65994263
0.007436263 0.04515389 2.116948 Tracked 65994296
0.007204869 0.04600791 2.11713 Tracked 65994330
0.008875406 0.05391067 2.117623 Tracked 65994363
0.01188243 0.07559612 2.119239 Tracked 65994396
0.01609424 0.1043036 2.120321 Tracked 65994430
0.01830055 0.1320387 2.122972 Tracked 65994464
0.02916197 0.1643362 2.131634 Tracked 65994497
0.03430377 0.1917599 2.127955 Tracked 65994531
0.0402066 0.2267047 2.129051 Tracked 65994565
0.04415065 0.2365555 2.127623 Tracked 65994598
0.04640739 0.2843635 2.12693 Tracked 65994631
0.04313696 0.3049736 2.125976 Tracked 65994665
0.03597194 0.334989 2.123936 Tracked 65994697
0.03172084 0.3603459 2.123659 Tracked 65994731
0.02760368 0.3799149 2.123507 Tracked 65994764
0.02597352 0.3905293 2.123382 Tracked 65994797
0.0228895 0.4001031 2.122687 Tracked 65994831
0.02054836 0.4048925 2.123327 Tracked 65994865
0.01817288 0.406534 2.12363 Tracked 65994904
0.01497283 0.4100191 2.124933 Tracked 65994931
0.01244595 0.4118843 2.126057 Tracked 65994965
0.0101619 0.4131186 2.126073 Tracked 65994998
0.007899255 0.4139428 2.126513 Tracked 65995031
0.005633159 0.4145636 2.126809 Tracked 65995063
0.004070269 0.414787 2.126521 Tracked 65995098
0.00280568 0.4148099 2.126521 Tracked 65995131
0.001771783 0.4149078 2.126278 Tracked 65995165
0.001206981 0.4148833 2.125946 Tracked 65995197
0.0007998022 0.4150295 2.125596 Tracked 65995231
0.0004980486 0.4151528 2.124959 Tracked 65995265
0.0005265585 0.4154215 2.123633 Tracked 65995298
0.00176266 0.4154389 2.121216 Tracked 65995331
0.003428426 0.414804 2.1193 Tracked 65995365
0.006946776 0.4129443 2.115778 Tracked 65995399
0.01163624 0.4084144 2.111494 Tracked 65995431
0.01715791 0.3975374 2.107316 Tracked 65995465
0.02333191 0.3735237 2.103827 Tracked 65995497
0.031868 0.339148 2.103814 Tracked 65995530
0.0455494 0.2981929 2.10328 Tracked 65995563
0.04791122 0.2744534 2.107045 Tracked 65995596
0.04284034 0.2468609 2.105502 Tracked 65995630
0.04584118 0.1907408 2.110827 Tracked 65995664
0.05589408 0.1587043 2.114451 Tracked 65995697
0.03882142 0.1404522 2.117924 Tracked 65995730
0.02723305 0.1205689 2.115131 Tracked 65995764
0.02174255 0.09508438 2.11327 Tracked 65995797
0.01289621 0.05276154 2.108849 Tracked 65995831
0.01090028 0.04928875 2.10907 Tracked 65995864
0.008458231 0.04608056 2.108793 Tracked 65995897
0.007107258 0.04152313 2.108314 Tracked 65995931
0.007062026 0.04081948 2.107656 Tracked 65995964
0.007839392 0.04234135 2.107278 Tracked 65995997
0.01015171 0.05065678 2.105524 Tracked 65996030
0.01322472 0.08413108 2.098336 Tracked 65996064
0.0144928 0.1125755 2.095185 Tracked 65996097
0.02064434 0.1348973 2.098614 Tracked 65996131
0.03114952 0.1747503 2.103444 Tracked 65996165
0.03338395 0.1939604 2.100382 Tracked 65996199
0.04059884 0.2327067 2.091931 Tracked 65996231
0.04398373 0.2488635 2.09092 Tracked 65996264
0.04470526 0.2909863 2.089296 Tracked 65996298
0.04335364 0.311317 2.088336 Tracked 65996331
0.03823224 0.3338848 2.087511 Tracked 65996364
0.03195425 0.3624485 2.084927 Tracked 65996398
0.02668586 0.3763252 2.085418 Tracked 65996431
0.02309485 0.3844642 2.08639 Tracked 65996465
0.01826838 0.3915138 2.086397 Tracked 65996498
0.01338673 0.3974355 2.08777 Tracked 65996531
0.009273172 0.4010988 2.087472 Tracked 65996565
0.006135775 0.4039918 2.087837 Tracked 65996597
0.004089601 0.4063796 2.088289 Tracked 65996630
0.00235433 0.4085253 2.088682 Tracked 65996665
0.0008243729 0.4098367 2.089045 Tracked 65996697
4.803452E-05 0.4105421 2.089258 Tracked 65996731
-0.0004003789 0.4110705 2.089478 Tracked 65996765
-0.0005417512 0.4112258 2.089476 Tracked 65996797
-0.0004573451 0.4117658 2.089537 Tracked 65996829
-0.0003333795 0.4117865 2.089423 Tracked 65996863
0.0006872732 0.4119102 2.089016 Tracked 65996896
0.003371327 0.4116056 2.088528 Tracked 65996929
0.008023172 0.4093304 2.088185 Tracked 65996964
0.01308534 0.405123 2.087325 Tracked 65996996
0.02168482 0.3952816 2.086729 Tracked 65997029
0.02561311 0.3855457 2.087533 Tracked 65997064
0.04100462 0.3288428 2.089337 Tracked 65997097
0.05554079 0.2953574 2.087478 Tracked 65997130
0.0613635 0.254272 2.092202 Tracked 65997165
0.05631493 0.2335498 2.093865 Tracked 65997198
0.04225994 0.1749633 2.097754 Tracked 65997231
0.03693495 0.1565504 2.098683 Tracked 65997265
0.02491721 0.1263508 2.099022 Tracked 65997297
0.01984983 0.1080637 2.099887 Tracked 65997330
0.01376306 0.08243493 2.100073 Tracked 65997365
0.007401513 0.06312899 2.101697 Tracked 65997397
0.002032913 0.05038864 2.102433 Tracked 65997431
0.00047859 0.04360013 2.111697 Tracked 65997465
-0.00109135 0.04359794 2.114194 Tracked 65997498
-0.00149848 0.04155158 2.115746 Tracked 65997530
-0.002972173 0.04933349 2.118238 Tracked 65997565
-0.002086383 0.05778231 2.120663 Tracked 65997598
0.002401155 0.1045539 2.133558 Tracked 65997630
0.002235763 0.1073887 2.126456 Tracked 65997665
0.005108098 0.118663 2.112725 Tracked 65997697
0.01267703 0.1541688 2.111933 Tracked 65997730
0.01663349 0.1774403 2.110463 Tracked 65997765
0.02220461 0.2063804 2.107246 Tracked 65997798
0.02871882 0.2311744 2.103757 Tracked 65997831
0.03004103 0.2591779 2.104991 Tracked 65997864
0.02981636 0.2902577 2.106014 Tracked 65997897
0.02760542 0.3112622 2.104973 Tracked 65997930
0.024702 0.3383825 2.104527 Tracked 65997964
0.02100208 0.3620766 2.10217 Tracked 65997997
0.0187138 0.3758368 2.101078 Tracked 65998030
0.01774416 0.3836533 2.100916 Tracked 65998065
0.01600623 0.3911224 2.100535 Tracked 65998097
0.01425039 0.3962267 2.10025 Tracked 65998129
0.01310199 0.3978907 2.100188 Tracked 65998164
0.01221053 0.3991822 2.100266 Tracked 65998196
0.01145755 0.4001099 2.100151 Tracked 65998229
0.01071173 0.4018995 2.099893 Tracked 65998263
0.01020643 0.4032858 2.099438 Tracked 65998296
0.009951276 0.4042116 2.099125 Tracked 65998329
0.009848962 0.4045807 2.098801 Tracked 65998364
0.01029658 0.4059218 2.097799 Tracked 65998400
0.01085841 0.4071139 2.096628 Tracked 65998438
0.0114628 0.4076132 2.095923 Tracked 65998473
0.01275175 0.4076967 2.094563 Tracked 65998501
0.0155237 0.4069481 2.092676 Tracked 65998534
0.01941568 0.4044576 2.090243 Tracked 65998568
0.02405497 0.3993461 2.087929 Tracked 65998600
0.03165621 0.3851232 2.08468 Tracked 65998634
0.04044338 0.3600558 2.080863 Tracked 65998667
0.0480645 0.3271895 2.081125 Tracked 65998701
0.05963765 0.2878341 2.081989 Tracked 65998734
0.06242476 0.2541779 2.085571 Tracked 65998768
0.05679365 0.2271799 2.08734 Tracked 65998801
0.04706245 0.1686755 2.093098 Tracked 65998834
0.044542 0.1425638 2.093983 Tracked 65998868
0.03926735 0.1251156 2.093909 Tracked 65998901
0.02803215 0.0886483 2.091454 Tracked 65998933
0.01763881 0.07383133 2.086687 Tracked 65998967
0.01574611 0.05571065 2.089421 Tracked 65999000
0.0121838 0.04575788 2.090718 Tracked 65999033
0.009574162 0.03957319 2.090646 Tracked 65999067
0.008788033 0.03908301 2.090838 Tracked 65999100
0.008528671 0.03934853 2.090879 Tracked 65999132
0.00778392 0.04322869 2.090416 Tracked 65999165
0.008817937 0.06219081 2.088696 Tracked 65999198
0.009629148 0.07741228 2.08777 Tracked 65999231
0.01737117 0.1093319 2.097091 Tracked 65999265
0.01828729 0.1227993 2.093054 Tracked 65999298
0.02081239 0.1507601 2.090634 Tracked 65999330
0.02211456 0.1805319 2.088252 Tracked 65999363
0.02752727 0.2089972 2.08912 Tracked 65999397
0.03520542 0.2287086 2.088185 Tracked 65999430
0.03517774 0.248998 2.088659 Tracked 65999463
0.03266548 0.2791253 2.087102 Tracked 65999496
0.03030421 0.304392 2.086724 Tracked 65999529
0.02741981 0.3255866 2.085899 Tracked 65999563
0.0215445 0.3508936 2.086512 Tracked 65999596
0.01928318 0.3644311 2.086208 Tracked 65999630
0.01652252 0.3769996 2.08748 Tracked 65999667
0.01380598 0.3833921 2.088903 Tracked 65999702
0.01110175 0.3908546 2.090266 Tracked 65999735
0.009004969 0.3966313 2.091699 Tracked 65999767
0.005974449 0.4005768 2.093359 Tracked 65999797
0.003616886 0.4030533 2.09468 Tracked 65999831
0.001512974 0.4051709 2.096115 Tracked 65999865
-0.000509924 0.4063825 2.097271 Tracked 65999898
-0.002258104 0.4079925 2.098698 Tracked 65999931
-0.0031088 0.4089317 2.099535 Tracked 65999965
-0.003535477 0.4094656 2.099969 Tracked 65999998
-0.003753272 0.4102182 2.100615 Tracked 66000031
-0.003616448 0.4109239 2.101103 Tracked 66000065
-0.003057013 0.4114185 2.101374 Tracked 66000098
-0.001712133 0.4120321 2.101779 Tracked 66000131
0.0009223825 0.4127295 2.102218 Tracked 66000165
0.004794819 0.4124814 2.102132 Tracked 66000198
0.01028416 0.4104133 2.101646 Tracked 66000231
0.01196255 0.4086604 2.102107 Tracked 66000265
0.02283889 0.3935997 2.100406 Tracked 66000298
0.03109065 0.3731545 2.100904 Tracked 66000331
0.0378763 0.3422191 2.102071 Tracked 66000365
0.046648 0.3104937 2.10183 Tracked 66000397
0.05132994 0.2620111 2.102336 Tracked 66000430
0.04809779 0.248368 2.103348 Tracked 66000464
0.04396351 0.198529 2.104844 Tracked 66000498
0.03751472 0.1865829 2.108204 Tracked 66000531
0.02212779 0.1382415 2.109435 Tracked 66000565
0.01450093 0.1090232 2.10614 Tracked 66000596
-0.004068893 0.08151706 2.098021 Tracked 66000630
-0.005280688 0.07326322 2.102363 Tracked 66000663
-0.008451974 0.05168707 2.105627 Tracked 66000696
-0.01136346 0.04404371 2.106265 Tracked 66000729
-0.01406162 0.03952502 2.106503 Tracked 66000764
-0.01405862 0.03897388 2.10613 Tracked 66000796
-0.01474306 0.03979477 2.106209 Tracked 66000829
-0.01560533 0.05071885 2.104731 Tracked 66000864
-0.01366396 0.05913399 2.102095 Tracked 66000897
-0.01131131 0.08098178 2.098423 Tracked 66000930
-0.002653093 0.1198258 2.099677 Tracked 66000965
0.0009419998 0.145523 2.099432 Tracked 66001004
0.005812866 0.1809924 2.097784 Tracked 66001032
0.0126228 0.2163005 2.096571 Tracked 66001064
0.01625579 0.2271648 2.09533 Tracked 66001098
0.01790817 0.2671341 2.094953 Tracked 66001131
0.01844347 0.2925242 2.093446 Tracked 66001165
0.01607244 0.3178702 2.092208 Tracked 66001198
0.0106584 0.3493861 2.09041 Tracked 66001231
0.008900477 0.3642917 2.088768 Tracked 66001264
0.006571475 0.3775696 2.089059 Tracked 66001298
0.004541744 0.3856965 2.089774 Tracked 66001331
0.002296882 0.3907862 2.089823 Tracked 66001364
0.0001817482 0.3948158 2.09043 Tracked 66001397
-0.001327424 0.3970261 2.090735 Tracked 66001431
-0.001866592 0.3989372 2.090869 Tracked 66001464
-0.002730138 0.4008862 2.091151 Tracked 66001498
-0.00356966 0.4020465 2.09146 Tracked 66001531
-0.004083869 0.4030341 2.091754 Tracked 66001564
-0.004277636 0.4037775 2.091839 Tracked 66001597
-0.004453023 0.4041717 2.091869 Tracked 66001630
-0.004589162 0.4048038 2.092084 Tracked 66001664
-0.004613098 0.4051268 2.092225 Tracked 66001698
-0.004614474 0.4056605 2.092576 Tracked 66001730
-0.00454696 0.4060593 2.092787 Tracked 66001765
-0.004448548 0.4062168 2.092925 Tracked 66001797
-0.004263049 0.406359 2.092993 Tracked 66001831
