-0.05796476 0.409308 2.15108 Tracked 66084797
-0.05861838 0.4095373 2.151114 Tracked 66084830
-0.05958111 0.409822 2.151019 Tracked 66084865
-0.06103054 0.4101362 2.151195 Tracked 66084898
-0.06266218 0.4102861 2.151212 Tracked 66084930
-0.06511205 0.4105901 2.150864 Tracked 66084964
-0.06766852 0.4107755 2.150529 Tracked 66084997
-0.07231481 0.4111753 2.149008 Tracked 66085031
-0.07925541 0.4131995 2.148345 Tracked 66085064
-0.08545221 0.4138478 2.146365 Tracked 66085097
-0.09274051 0.4143513 2.144156 Tracked 66085131
-0.09929121 0.4159234 2.142913 Tracked 66085164
-0.1044622 0.4192204 2.140815 Tracked 66085197
-0.1087129 0.4204633 2.137805 Tracked 66085231
-0.1115135 0.4240269 2.132386 Tracked 66085265
-0.1113365 0.4312593 2.125462 Tracked 66085297
-0.1121371 0.4356838 2.121278 Tracked 66085330
-0.1128541 0.4408664 2.118205 Tracked 66085364
-0.1138141 0.4461471 2.115386 Tracked 66085397
-0.1144771 0.448944 2.114587 Tracked 66085430
-0.1152076 0.4513461 2.113225 Tracked 66085464
-0.1163059 0.4527994 2.112417 Tracked 66085497
-0.1171955 0.4536291 2.112134 Tracked 66085530
-0.1204499 0.4528048 2.112189 Tracked 66085563
-0.1420666 0.448945 2.116822 Tracked 66085597
-0.140911 0.4473422 2.116974 Tracked 66085630
-0.1417107 0.4420609 2.119119 Tracked 66085664
-0.1436251 0.4376083 2.121918 Tracked 66085697
-0.1445264 0.434211 2.124566 Tracked 66085730
-0.1445782 0.4331063 2.125531 Tracked 66085764
-0.1437801 0.4303888 2.126898 Tracked 66085797
-0.1415866 0.4289747 2.127268 Tracked 66085830
-0.1348147 0.4237363 2.128339 Tracked 66085864
-0.1311942 0.4207324 2.12882 Tracked 66085900
-0.1276368 0.4177229 2.128774 Tracked 66085931
-0.1239035 0.4146273 2.128388 Tracked 66085964
-0.1199307 0.4117778 2.127548 Tracked 66085997
-0.1174843 0.4087978 2.125787 Tracked 66086030
-0.1141804 0.4057752 2.121906 Tracked 66086065
-0.111377 0.4044797 2.117578 Tracked 66086098
-0.1064753 0.4050927 2.112701 Tracked 66086130
-0.09988983 0.4062067 2.10764 Tracked 66086164
-0.09169381 0.4083188 2.101872 Tracked 66086197
-0.07984804 0.4135807 2.096815 Tracked 66086231
-0.07413831 0.4199578 2.093159 Tracked 66086265
-0.07056032 0.4220334 2.090049 Tracked 66086298
-0.06780611 0.4222599 2.087089 Tracked 66086330
-0.06595883 0.4226206 2.084206 Tracked 66086364
-0.06449776 0.4225306 2.083131 Tracked 66086397
-0.06310029 0.4229523 2.08118 Tracked 66086430
-0.06158926 0.4233203 2.079037 Tracked 66086464
-0.06082404 0.4231925 2.078315 Tracked 66086497
-0.05983523 0.4236944 2.077435 Tracked 66086530
-0.05885147 0.4251158 2.076758 Tracked 66086564
-0.05863261 0.4275799 2.076704 Tracked 66086597
-0.05787937 0.4248135 2.077713 Tracked 66086631
-0.05882746 0.4231113 2.078765 Tracked 66086664
-0.06211197 0.4210325 2.081172 Tracked 66086697
-0.06643228 0.4183276 2.084047 Tracked 66086730
-0.07206359 0.4126933 2.087722 Tracked 66086764
-0.07645538 0.4099633 2.090936 Tracked 66086797
-0.07909713 0.4079637 2.093784 Tracked 66086830
-0.08169466 0.4063454 2.097407 Tracked 66086864
-0.08398612 0.4053092 2.101014 Tracked 66086897
-0.08543567 0.4050834 2.102583 Tracked 66086931
-0.08677417 0.4053977 2.103625 Tracked 66086964
-0.08913945 0.405677 2.104878 Tracked 66086997
-0.09300379 0.4065289 2.105949 Tracked 66087030
-0.1007732 0.4084207 2.107104 Tracked 66087063
-0.1061857 0.4099653 2.106943 Tracked 66087096
-0.1102917 0.4131722 2.105594 Tracked 66087129
-0.1145929 0.4183366 2.103903 Tracked 66087163
-0.1161124 0.427292 2.100561 Tracked 66087196
-0.1188078 0.439934 2.100369 Tracked 66087230
-0.1205922 0.4487701 2.102352 Tracked 66087264
-0.121808 0.4550124 2.104638 Tracked 66087296
-0.1235236 0.4582221 2.107124 Tracked 66087330
-0.1243383 0.4593907 2.108417 Tracked 66087364
-0.1258493 0.4605134 2.110352 Tracked 66087396
-0.1169362 0.464119 2.118509 Tracked 66087430
-0.114576 0.4650976 2.120519 Tracked 66087464
-0.1189814 0.4651139 2.123388 Tracked 66087497
-0.1215648 0.4647562 2.125989 Tracked 66087531
-0.1216053 0.4645868 2.126898 Tracked 66087564
-0.1274974 0.453334 2.138606 Tracked 66087597
-0.129675 0.4461873 2.144406 Tracked 66087631
-0.1327275 0.4421119 2.149496 Tracked 66087664
-0.1341926 0.4376878 2.154163 Tracked 66087697
-0.13233 0.4384845 2.155268 Tracked 66087730
-0.1289506 0.4369171 2.156273 Tracked 66087764
-0.120767 0.4303251 2.155956 Tracked 66087798
-0.1113365 0.421829 2.154681 Tracked 66087831
-0.1080615 0.4187005 2.154288 Tracked 66087865
-0.105818 0.4160103 2.15353 Tracked 66087898
-0.1046639 0.4128568 2.151466 Tracked 66087931
-0.1043825 0.4107101 2.148658 Tracked 66087964
-0.1043241 0.4085792 2.144336 Tracked 66087997
-0.103693 0.4073265 2.13735 Tracked 66088030
-0.09970106 0.4113191 2.12803 Tracked 66088069
-0.09577605 0.4134719 2.123309 Tracked 66088097
-0.08780293 0.4159591 2.118079 Tracked 66088130
-0.07657383 0.4190906 2.111788 Tracked 66088164
-0.07156669 0.4242666 2.108465 Tracked 66088198
-0.06680205 0.4276251 2.104581 Tracked 66088230
-0.06223708 0.4300256 2.099833 Tracked 66088264
-0.05891243 0.4317243 2.097367 Tracked 66088296
-0.05597255 0.4329545 2.095103 Tracked 66088330
-0.05265261 0.4334069 2.0919 Tracked 66088363
-0.04952705 0.4353681 2.08874 Tracked 66088396
-0.04750581 0.4364121 2.086598 Tracked 66088429
-0.04519845 0.4349327 2.084263 Tracked 66088463
-0.0430665 0.4343721 2.083281 Tracked 66088496
-0.04135925 0.4330663 2.082894 Tracked 66088529
-0.03885878 0.4315007 2.082766 Tracked 66088563
-0.0363855 0.4298398 2.083087 Tracked 66088596
-0.03196857 0.4218169 2.084945 Tracked 66088630
-0.03139646 0.4203967 2.085258 Tracked 66088664
-0.03221035 0.4185193 2.085481 Tracked 66088697
-0.0361198 0.4157448 2.085968 Tracked 66088730
-0.04174593 0.4128038 2.086836 Tracked 66088764
-0.04690854 0.4115117 2.087757 Tracked 66088796
-0.05196902 0.4098496 2.088846 Tracked 66088830
-0.05679577 0.408976 2.0906 Tracked 66088864
-0.06079588 0.4079797 2.09193 Tracked 66088897
-0.06401758 0.4065347 2.092817 Tracked 66088930
-0.06749249 0.4060167 2.093392 Tracked 66088964
-0.07084675 0.4064117 2.093083 Tracked 66089000
-0.07357446 0.4076414 2.0911 Tracked 66089033
-0.07890974 0.4105889 2.088365 Tracked 66089065
-0.09411359 0.4110838 2.082973 Tracked 66089098
-0.1036521 0.4134543 2.079645 Tracked 66089131
-0.1094091 0.4132584 2.076417 Tracked 66089165
-0.1155146 0.4194 2.073182 Tracked 66089197
-0.1183183 0.4259515 2.071265 Tracked 66089231
-0.1190287 0.4301271 2.06948 Tracked 66089264
-0.1191567 0.4344479 2.068275 Tracked 66089298
-0.1178873 0.441524 2.064019 Tracked 66089330
-0.1174063 0.4435575 2.062404 Tracked 66089364
-0.1156615 0.4416939 2.0597 Tracked 66089398
-0.1142192 0.4415088 2.057033 Tracked 66089431
-0.113778 0.4405187 2.055804 Tracked 66089464
-0.1123653 0.4406261 2.054338 Tracked 66089498
-0.1123381 0.4400292 2.053536 Tracked 66089530
-0.1117865 0.4386034 2.053028 Tracked 66089565
-0.1099956 0.4353313 2.053128 Tracked 66089597
-0.1161219 0.4302353 2.055897 Tracked 66089630
-0.12096 0.4263847 2.058933 Tracked 66089664
-0.1242946 0.4244497 2.061731 Tracked 66089696
-0.1265124 0.4232175 2.063468 Tracked 66089729
-0.1270743 0.420714 2.065553 Tracked 66089764
-0.1253655 0.4179438 2.067004 Tracked 66089796
-0.1204057 0.4126018 2.069422 Tracked 66089830
-0.118653 0.4120786 2.070308 Tracked 66089863
-0.1160183 0.4114203 2.071647 Tracked 66089896
-0.1124491 0.4098218 2.073021 Tracked 66089930
-0.1098922 0.4076741 2.073861 Tracked 66089964
-0.1067041 0.4049309 2.074653 Tracked 66090002
-0.1041025 0.403074 2.074224 Tracked 66090032
-0.101149 0.4020291 2.073167 Tracked 66090076
-0.09710964 0.4006095 2.070494 Tracked 66090098
-0.08761299 0.4012717 2.067164 Tracked 66090132
-0.07670535 0.4012477 2.065732 Tracked 66090165
-0.06357392 0.404177 2.065218 Tracked 66090198
-0.0516688 0.4085852 2.064708 Tracked 66090230
-0.04273795 0.4235224 2.064183 Tracked 66090265
-0.03860297 0.4225481 2.063563 Tracked 66090298
-0.03585691 0.4215338 2.063174 Tracked 66090329
-0.03311782 0.4213836 2.062525 Tracked 66090364
-0.03055516 0.4216322 2.061972 Tracked 66090397
-0.02876636 0.4209148 2.060658 Tracked 66090430
-0.02768903 0.4210308 2.059084 Tracked 66090465
-0.02449727 0.4221128 2.057835 Tracked 66090497
-0.02416256 0.4221 2.052779 Tracked 66090531
-0.02417018 0.4212097 2.050915 Tracked 66090564
-0.02357108 0.4211211 2.050922 Tracked 66090597
-0.01435087 0.4194435 2.055203 Tracked 66090630
-0.001167836 0.4181283 2.062864 Tracked 66090664
-0.0008554059 0.418281 2.062973 Tracked 66090698
0.003075201 0.4232944 2.063166 Tracked 66090731
0.003129013 0.4222566 2.063621 Tracked 66090765
0.004307774 0.4218127 2.063429 Tracked 66090797
0.003651745 0.4209669 2.063306 Tracked 66090830
-0.001414671 0.4157237 2.063124 Tracked 66090864
-0.008921368 0.4099658 2.061934 Tracked 66090896
-0.01599935 0.4074926 2.060885 Tracked 66090931
-0.02281619 0.406114 2.059863 Tracked 66090964
-0.03146764 0.4051831 2.059726 Tracked 66090996
-0.04220887 0.4044847 2.059309 Tracked 66091029
-0.05521619 0.4036018 2.059718 Tracked 66091063
-0.06460281 0.4026993 2.059957 Tracked 66091103
-0.07337794 0.400794 2.059572 Tracked 66091130
-0.08032683 0.4002316 2.06027 Tracked 66091163
-0.08573017 0.3998924 2.05947 Tracked 66091197
-0.09407572 0.3992376 2.058183 Tracked 66091230
-0.1087952 0.3995258 2.055156 Tracked 66091264
-0.1204321 0.3998793 2.054771 Tracked 66091297
-0.1329381 0.4034765 2.053783 Tracked 66091331
-0.140469 0.4038101 2.053502 Tracked 66091365
-0.146773 0.4076977 2.05336 Tracked 66091397
-0.1529198 0.4137826 2.054513 Tracked 66091430
-0.1568295 0.4180844 2.055601 Tracked 66091465
-0.1600736 0.4207972 2.056136 Tracked 66091498
-0.1625645 0.4235113 2.056668 Tracked 66091530
-0.1657154 0.4250652 2.05684 Tracked 66091565
-0.1687546 0.4263272 2.056608 Tracked 66091598
-0.1716417 0.4267222 2.056534 Tracked 66091630
-0.1760725 0.4263458 2.056615 Tracked 66091664
-0.1796794 0.425232 2.056247 Tracked 66091698
-0.1805737 0.4257939 2.056011 Tracked 66091730
-0.1822039 0.4291272 2.056402 Tracked 66091765
-0.182986 0.427605 2.056098 Tracked 66091797
-0.1834728 0.4253286 2.055492 Tracked 66091830
-0.1812822 0.4208407 2.054042 Tracked 66091864
-0.1723949 0.4108817 2.052184 Tracked 66091897
-0.1655806 0.4064561 2.051139 Tracked 66091930
-0.1555884 0.4025492 2.051647 Tracked 66091964
-0.1475916 0.4003005 2.053465 Tracked 66091997
-0.1366063 0.3962707 2.056351 Tracked 66092030
-0.1293093 0.3939509 2.05888 Tracked 66092064
-0.1204232 0.391894 2.061301 Tracked 66092104
-0.1122833 0.3903927 2.062748 Tracked 66092131
-0.1038082 0.3903853 2.063222 Tracked 66092165
-0.09319315 0.3909269 2.061916 Tracked 66092197
-0.0771743 0.3936458 2.061182 Tracked 66092229
-0.06074945 0.3994885 2.061167 Tracked 66092263
-0.04316597 0.4069405 2.061552 Tracked 66092296
-0.02506178 0.4141698 2.063238 Tracked 66092329
-0.01468549 0.4271357 2.064519 Tracked 66092363
-0.009630674 0.4329461 2.064355 Tracked 66092396
-0.003961311 0.4409426 2.067491 Tracked 66092429
0.0004456942 0.4459971 2.068442 Tracked 66092464
0.004819265 0.4425024 2.072008 Tracked 66092497
0.007796385 0.441561 2.073062 Tracked 66092531
0.008325586 0.4413818 2.072993 Tracked 66092565
0.0106488 0.4408258 2.074266 Tracked 66092597
0.01346667 0.4403452 2.076226 Tracked 66092630
0.01458003 0.439889 2.076549 Tracked 66092664
0.01502824 0.4393777 2.07669 Tracked 66092697
0.01560166 0.4386642 2.076842 Tracked 66092730
0.01766591 0.4372734 2.077503 Tracked 66092764
0.01864553 0.4385127 2.07769 Tracked 66092797
0.01967868 0.4374989 2.077703 Tracked 66092830
0.01928237 0.4367635 2.077497 Tracked 66092864
0.01323882 0.4310906 2.075771 Tracked 66092898
-0.0002904155 0.4210256 2.073641 Tracked 66092930
-0.01187718 0.4150922 2.069686 Tracked 66092964
-0.02899719 0.4059823 2.065286 Tracked 66092998
-0.03702843 0.4035387 2.063971 Tracked 66093031
-0.04786805 0.4012999 2.061179 Tracked 66093064
-0.05821037 0.3997872 2.059496 Tracked 66093098
-0.06860761 0.3972112 2.056993 Tracked 66093130
-0.07960565 0.3953591 2.053684 Tracked 66093164
-0.08843617 0.3955233 2.049949 Tracked 66093197
-0.09862662 0.3953525 2.045851 Tracked 66093231
-0.1119386 0.3965857 2.041648 Tracked 66093264
-0.1283608 0.39847 2.037927 Tracked 66093298
-0.1453717 0.3991648 2.035034 Tracked 66093330
-0.1612558 0.40147 2.03325 Tracked 66093365
-0.1733368 0.4061535 2.032176 Tracked 66093398
-0.1844247 0.4206237 2.031957 Tracked 66093430
-0.1883748 0.4226561 2.031956 Tracked 66093464
-0.1942519 0.4228997 2.032913 Tracked 66093496
-0.1989438 0.4290223 2.031913 Tracked 66093529
-0.2015775 0.4318301 2.031422 Tracked 66093563
-0.2044746 0.4338565 2.031002 Tracked 66093596
-0.2072046 0.4352162 2.030322 Tracked 66093629
-0.2099382 0.43613 2.029845 Tracked 66093664
-0.2142748 0.4359859 2.029796 Tracked 66093697
-0.2161818 0.435694 2.028799 Tracked 66093730
-0.2184972 0.4348046 2.028682 Tracked 66093764
-0.2194505 0.4340343 2.028909 Tracked 66093798
-0.220464 0.4327582 2.028569 Tracked 66093830
-0.2207739 0.4322264 2.028776 Tracked 66093864
-0.220716 0.4321571 2.028741 Tracked 66093898
-0.2188889 0.4249011 2.028718 Tracked 66093931
-0.2126434 0.4163906 2.029811 Tracked 66093965
-0.2031066 0.4090297 2.030878 Tracked 66093998
-0.1933336 0.4043674 2.033153 Tracked 66094031
-0.1778342 0.3963847 2.03722 Tracked 66094064
-0.1678026 0.391926 2.042362 Tracked 66094098
-0.1574358 0.3884092 2.047193 Tracked 66094131
-0.146881 0.386388 2.050683 Tracked 66094164
-0.1389616 0.3848194 2.05337 Tracked 66094197
-0.1310234 0.3842864 2.0544 Tracked 66094231
-0.1225265 0.3836961 2.053953 Tracked 66094264
-0.1117102 0.3839769 2.050924 Tracked 66094297
-0.09350746 0.3850431 2.048694 Tracked 66094330
-0.07743806 0.3906857 2.046856 Tracked 66094364
-0.06023824 0.4007383 2.04365 Tracked 66094397
-0.04548866 0.4091957 2.043176 Tracked 66094430
-0.03609161 0.4196571 2.042679 Tracked 66094464
-0.0285018 0.4266743 2.04325 Tracked 66094498
-0.0235095 0.430622 2.04356 Tracked 66094530
-0.01559915 0.4374533 2.046568 Tracked 66094564
-0.009856154 0.4400766 2.048481 Tracked 66094598
-0.00626173 0.4408386 2.049878 Tracked 66094631
-0.003037878 0.4413151 2.051103 Tracked 66094665
0.0002563154 0.4417435 2.05274 Tracked 66094698
0.003167094 0.4423657 2.054528 Tracked 66094731
0.005109163 0.4414632 2.055982 Tracked 66094763
0.006117684 0.4408401 2.056805 Tracked 66094796
0.00730084 0.4410772 2.058151 Tracked 66094829
0.009038994 0.4307799 2.062093 Tracked 66094863
0.00770479 0.4280107 2.063468 Tracked 66094896
0.001783464 0.4219947 2.066594 Tracked 66094929
-0.01026329 0.4157084 2.06994 Tracked 66094963
-0.02292245 0.4064225 2.071886 Tracked 66094996
-0.03637578 0.4030283 2.074737 Tracked 66095030
-0.04982636 0.3981586 2.077771 Tracked 66095064
-0.06322002 0.3954386 2.081431 Tracked 66095098
-0.07366809 0.3944484 2.082951 Tracked 66095131
-0.0835842 0.3925391 2.086048 Tracked 66095164
-0.09309422 0.3912764 2.087482 Tracked 66095198
-0.1024657 0.3926823 2.087232 Tracked 66095231
-0.1124774 0.3937794 2.085063 Tracked 66095264
-0.117406 0.3941696 2.083915 Tracked 66095298
-0.1457848 0.3990866 2.076742 Tracked 66095330
-0.1598934 0.4030291 2.075996 Tracked 66095364
-0.1728892 0.4099168 2.07448 Tracked 66095398
-0.1844107 0.4171436 2.072933 Tracked 66095430
-0.1904934 0.4262614 2.072004 Tracked 66095465
-0.195824 0.4355955 2.071936 Tracked 66095498
-0.1979884 0.4368581 2.072416 Tracked 66095531
-0.2006557 0.4385344 2.07245 Tracked 66095565
-0.2026129 0.4393544 2.072467 Tracked 66095598
-0.2049782 0.4401673 2.072423 Tracked 66095630
-0.2070552 0.4409327 2.071977 Tracked 66095664
-0.2089479 0.4415717 2.071157 Tracked 66095697
-0.2107336 0.4426197 2.070045 Tracked 66095730
-0.2123148 0.4433262 2.069513 Tracked 66095764
-0.2134264 0.443457 2.068995 Tracked 66095797
-0.2145587 0.4434702 2.068028 Tracked 66095831
-0.2148832 0.4441015 2.067407 Tracked 66095865
-0.2157112 0.4403723 2.065832 Tracked 66095898
-0.2146861 0.4353144 2.064795 Tracked 66095931
-0.2073463 0.4266681 2.062243 Tracked 66095964
-0.1913873 0.4123981 2.059409 Tracked 66095998
-0.1806135 0.4055501 2.057637 Tracked 66096031
-0.1715416 0.4041771 2.057562 Tracked 66096063
-0.1591153 0.4007683 2.058799 Tracked 66096096
-0.1566231 0.4004622 2.058415 Tracked 66096130
-0.1302425 0.3942342 2.059335 Tracked 66096163
-0.1237888 0.3929259 2.05938 Tracked 66096196
-0.1124469 0.3918408 2.058743 Tracked 66096229
-0.1019075 0.3920969 2.057262 Tracked 66096263
-0.09017373 0.3928727 2.055212 Tracked 66096296
-0.07893957 0.3948993 2.052959 Tracked 66096330
-0.06127786 0.3967427 2.04898 Tracked 66096365
-0.04636251 0.4040393 2.047307 Tracked 66096399
-0.03292803 0.4108189 2.045043 Tracked 66096433
-0.01866894 0.4179374 2.044187 Tracked 66096464
-0.009272689 0.4210321 2.043295 Tracked 66096497
-0.001254549 0.4298542 2.043563 Tracked 66096530
0.003754786 0.4339751 2.042745 Tracked 66096564
0.008778995 0.4371475 2.041956 Tracked 66096597
0.01280286 0.4393262 2.041986 Tracked 66096631
0.01607675 0.4402384 2.041389 Tracked 66096664
0.0190792 0.441127 2.040882 Tracked 66096698
0.02131633 0.4413728 2.040092 Tracked 66096730
0.02282336 0.4414277 2.03957 Tracked 66096764
0.02395792 0.4416122 2.0392 Tracked 66096797
0.02461959 0.4413456 2.038756 Tracked 66096830
0.02472948 0.440772 2.0385 Tracked 66096864
0.02472683 0.4334398 2.038399 Tracked 66096898
0.02311964 0.43134 2.037957 Tracked 66096930
0.0152475 0.4254548 2.037935 Tracked 66096964
0.003849351 0.4202986 2.038289 Tracked 66096998
-0.01294319 0.4125171 2.039538 Tracked 66097030
-0.02998255 0.4049891 2.040818 Tracked 66097064
-0.04867462 0.397545 2.042686 Tracked 66097097
-0.06186944 0.395046 2.045345 Tracked 66097130
-0.07721161 0.3936545 2.048599 Tracked 66097164
-0.09110381 0.3920737 2.052485 Tracked 66097205
-0.1052278 0.3921109 2.053922 Tracked 66097230
-0.1172131 0.3921622 2.055877 Tracked 66097264
-0.129716 0.3925814 2.057448 Tracked 66097298
-0.1360427 0.3936683 2.057537 Tracked 66097330
-0.1495318 0.3961385 2.056123 Tracked 66097363
-0.1636805 0.3980083 2.055373 Tracked 66097396
-0.1762284 0.4002924 2.053548 Tracked 66097429
-0.1934146 0.4022092 2.052494 Tracked 66097463
-0.2043564 0.4043606 2.053657 Tracked 66097496
-0.2151022 0.4080305 2.053784 Tracked 66097529
-0.2251426 0.4120768 2.055351 Tracked 66097563
-0.2301789 0.4191598 2.056254 Tracked 66097596
-0.2338472 0.4242689 2.058152 Tracked 66097631
-0.2374385 0.4290949 2.060313 Tracked 66097665
-0.237979 0.431403 2.060655 Tracked 66097698
-0.2376617 0.4335349 2.060431 Tracked 66097731
-0.2377699 0.4340944 2.060577 Tracked 66097764
-0.2380116 0.4345652 2.060656 Tracked 66097798
-0.2384717 0.4349155 2.06067 Tracked 66097831
-0.2402005 0.435475 2.060284 Tracked 66097864
-0.2414684 0.4353561 2.060747 Tracked 66097897
-0.2422933 0.4351329 2.060806 Tracked 66097930
-0.2424899 0.4350018 2.06092 Tracked 66097965
-0.2425247 0.4350296 2.060895 Tracked 66097997
-0.242007 0.4327231 2.060078 Tracked 66098031
-0.2404235 0.427327 2.058224 Tracked 66098065
-0.2319496 0.4189516 2.055847 Tracked 66098097
-0.2176701 0.4090678 2.052947 Tracked 66098131
-0.2044314 0.4036415 2.050459 Tracked 66098164
-0.1907674 0.397885 2.048761 Tracked 66098197
-0.1772879 0.3945538 2.049002 Tracked 66098231
-0.1647394 0.3934322 2.050603 Tracked 66098264
-0.1515271 0.3907016 2.05162 Tracked 66098297
-0.1403233 0.3892305 2.052578 Tracked 66098330
-0.1292575 0.3881218 2.053691 Tracked 66098364
-0.1155885 0.3875561 2.054263 Tracked 66098397
-0.104704 0.3874642 2.052897 Tracked 66098430
-0.09075179 0.3875737 2.050112 Tracked 66098464
-0.07413118 0.3902165 2.047421 Tracked 66098497
-0.05615916 0.3968091 2.046504 Tracked 66098530
-0.04125268 0.4016595 2.046627 Tracked 66098564
-0.02663979 0.409064 2.046565 Tracked 66098597
-0.01297651 0.4149302 2.04676 Tracked 66098629
-0.0036053 0.4254452 2.046908 Tracked 66098663
0.00215551 0.4322188 2.047052 Tracked 66098697
0.007479391 0.436103 2.047113 Tracked 66098729
0.01235569 0.4386294 2.047378 Tracked 66098763
0.01620279 0.4405668 2.047765 Tracked 66098796
0.01952223 0.4417017 2.04712 Tracked 66098829
0.02264066 0.4422507 2.046392 Tracked 66098863
0.02532102 0.4426652 2.045536 Tracked 66098897
0.02803361 0.4424341 2.044805 Tracked 66098934
0.03083349 0.440992 2.043127 Tracked 66098970
0.03379546 0.4353199 2.040809 Tracked 66099001
0.03510178 0.4282844 2.03879 Tracked 66099032
0.03388372 0.4249733 2.037152 Tracked 66099065
0.02887339 0.4206311 2.03452 Tracked 66099098
0.01841641 0.4126175 2.031993 Tracked 66099130
0.006404913 0.4067004 2.032404 Tracked 66099164
-0.008491967 0.3997347 2.031854 Tracked 66099197
-0.02195646 0.3951196 2.030745 Tracked 66099241
-0.03690968 0.391194 2.031432 Tracked 66099267
-0.05097004 0.3890697 2.032893 Tracked 66099298
-0.0659503 0.3883404 2.035507 Tracked 66099329
-0.07856216 0.3876888 2.038981 Tracked 66099361
-0.09011737 0.3861946 2.041316 Tracked 66099393
-0.1026171 0.3848105 2.043349 Tracked 66099424
-0.1125332 0.3851213 2.043657 Tracked 66099458
-0.1224574 0.3854997 2.043229 Tracked 66099495
-0.1291456 0.3858883 2.042267 Tracked 66099524
-0.1426987 0.3885453 2.037727 Tracked 66099561
-0.1580716 0.3923368 2.035425 Tracked 66099594
-0.1711773 0.3964286 2.035332 Tracked 66099627
-0.1835184 0.403193 2.034778 Tracked 66099660
-0.1931473 0.4094944 2.033884 Tracked 66099692
-0.1986701 0.417944 2.03336 Tracked 66099725
-0.201148 0.4225917 2.032841 Tracked 66099760
-0.2032931 0.4269668 2.033506 Tracked 66099793
-0.204756 0.429372 2.033966 Tracked 66099825
-0.2060438 0.4313254 2.034094 Tracked 66099859
-0.207112 0.4330084 2.034144 Tracked 66099894
-0.2080592 0.4339776 2.034117 Tracked 66099926
-0.2086247 0.434393 2.034225 Tracked 66099960
-0.2089049 0.4345078 2.034177 Tracked 66099993
-0.209111 0.4344309 2.034177 Tracked 66100026
-0.2092275 0.4348959 2.034441 Tracked 66100061
-0.2092218 0.4349397 2.034652 Tracked 66100094
-0.2100236 0.4310669 2.035724 Tracked 66100126
-0.2080383 0.4255004 2.036223 Tracked 66100161
-0.2028094 0.4201586 2.036224 Tracked 66100194
-0.1914563 0.4116806 2.036378 Tracked 66100225
-0.1773068 0.4029542 2.034817 Tracked 66100259
-0.1656249 0.3985965 2.034907 Tracked 66100293
-0.1529005 0.3970746 2.035355 Tracked 66100328
-0.1392917 0.3955245 2.03766 Tracked 66100360
-0.1246261 0.3929485 2.039496 Tracked 66100393
-0.1105075 0.3908964 2.042036 Tracked 66100426
-0.09898337 0.3895195 2.043624 Tracked 66100461
-0.08749166 0.3891589 2.043949 Tracked 66100493
-0.07487548 0.3895859 2.044884 Tracked 66100526
-0.06649853 0.3894151 2.044849 Tracked 66100560
