0.1976748 0.5174277 1.680931 Tracked 69385877
0.1928516 0.518757 1.690359 Tracked 69385896
0.1905574 0.5200973 1.686441 Tracked 69385926
0.1719668 0.5621796 1.669426 Tracked 69385960
0.1675819 0.5680678 1.66399 Tracked 69385993
0.1586685 0.583482 1.66194 Tracked 69386026
0.138275 0.6013632 1.656155 Tracked 69386059
0.1273927 0.6098005 1.655691 Tracked 69386093
0.1119946 0.6249468 1.653252 Tracked 69386126
0.1023078 0.6415318 1.652133 Tracked 69386163
0.09503444 0.6519951 1.655831 Tracked 69386197
0.08598857 0.6591623 1.647722 Tracked 69386232
0.084386 0.664511 1.649216 Tracked 69386260
0.08253556 0.6679928 1.650257 Tracked 69386293
0.08071217 0.6715332 1.651036 Tracked 69386326
0.07905189 0.6735259 1.651465 Tracked 69386360
0.07763485 0.6748131 1.652101 Tracked 69386393
0.07590033 0.6761428 1.652822 Tracked 69386426
0.06730262 0.6804615 1.655951 Tracked 69386459
0.05183297 0.6851178 1.660626 Tracked 69386493
0.05195563 0.6851479 1.66086 Tracked 69386529
0.05201805 0.6851775 1.660996 Tracked 69386566
0.0520535 0.6852003 1.66112 Tracked 69386597
0.05205929 0.6852424 1.661221 Tracked 69386626
0.05205426 0.6853104 1.661343 Tracked 69386660
0.05205872 0.6853558 1.661452 Tracked 69386694
0.05205421 0.6853849 1.661511 Tracked 69386726
0.044057 0.6877718 1.664131 Tracked 69386760
0.03948433 0.6892216 1.666227 Tracked 69386793
0.03698371 0.6900525 1.667308 Tracked 69386825
0.0349348 0.690704 1.66862 Tracked 69386876
0.0307925 0.6932488 1.672653 Tracked 69386894
0.02810226 0.6946852 1.675649 Tracked 69386926
0.02535337 0.6954364 1.678505 Tracked 69386959
0.02200459 0.6959178 1.682111 Tracked 69386993
0.0184075 0.6960086 1.687634 Tracked 69387026
0.01534681 0.6956247 1.693483 Tracked 69387060
0.01202275 0.6961214 1.699746 Tracked 69387092
0.008183186 0.6958854 1.70617 Tracked 69387127
0.005187608 0.6967826 1.711566 Tracked 69387159
0.002206916 0.6968371 1.716731 Tracked 69387192
-0.0003509983 0.6975192 1.721124 Tracked 69387226
-0.003485841 0.6977308 1.724894 Tracked 69387259
-0.006173817 0.6984059 1.728366 Tracked 69387294
-0.009622771 0.6987754 1.730694 Tracked 69387325
-0.01289076 0.6994674 1.733956 Tracked 69387360
-0.01475406 0.6996072 1.735376 Tracked 69387392
-0.01721032 0.7000553 1.737209 Tracked 69387426
-0.02026826 0.7006221 1.739204 Tracked 69387460
-0.02178735 0.7007723 1.739843 Tracked 69387492
-0.02325151 0.7011939 1.740587 Tracked 69387526
-0.02400915 0.7011257 1.740769 Tracked 69387560
-0.02481757 0.7013266 1.740987 Tracked 69387592
-0.02540196 0.7012895 1.741036 Tracked 69387626
-0.02667853 0.7010394 1.740617 Tracked 69387659
-0.02827143 0.7011049 1.74054 Tracked 69387692
-0.02957316 0.7010015 1.740301 Tracked 69387726
-0.03110644 0.7012244 1.740224 Tracked 69387760
-0.03241017 0.7009264 1.739787 Tracked 69387792
-0.03388247 0.7006386 1.739392 Tracked 69387826
-0.03507537 0.700137 1.738769 Tracked 69387893
-0.0361312 0.6994414 1.737851 Tracked 69387910
-0.03718676 0.6992682 1.736993 Tracked 69387928
-0.03873142 0.6991455 1.736347 Tracked 69387959
-0.0397499 0.698671 1.734944 Tracked 69387993
-0.04085486 0.69855 1.734582 Tracked 69388025
-0.04210955 0.6984028 1.733932 Tracked 69388059
-0.04311586 0.6981379 1.733103 Tracked 69388092
-0.04425871 0.6974393 1.731718 Tracked 69388126
-0.04535935 0.6971259 1.730714 Tracked 69388159
-0.04592771 0.6967104 1.730048 Tracked 69388192
-0.0464756 0.6963551 1.729315 Tracked 69388226
-0.04670277 0.6963307 1.729094 Tracked 69388260
-0.04708028 0.6961644 1.728521 Tracked 69388293
-0.04723389 0.6960769 1.728139 Tracked 69388326
-0.04729148 0.6959648 1.727802 Tracked 69388361
-0.04729849 0.6960284 1.727717 Tracked 69388394
-0.04680707 0.6958458 1.727281 Tracked 69388428
-0.04575689 0.6956696 1.726457 Tracked 69388460
-0.0430693 0.6951584 1.725487 Tracked 69388493
-0.0393036 0.6948357 1.724745 Tracked 69388526
-0.03299408 0.6925396 1.723318 Tracked 69388559
-0.02611198 0.6901705 1.722162 Tracked 69388593
-0.01723638 0.6868344 1.721014 Tracked 69388628
-0.006061351 0.6810505 1.718938 Tracked 69388660
0.006342917 0.6726899 1.7172 Tracked 69388693
0.02030899 0.6617194 1.714096 Tracked 69388725
0.03244323 0.653608 1.713347 Tracked 69388759
0.0463088 0.6376112 1.712455 Tracked 69388793
0.05778673 0.6225458 1.713833 Tracked 69388826
0.07026839 0.606239 1.714356 Tracked 69388895
0.07961749 0.5935792 1.7153 Tracked 69388913
0.09282046 0.5752686 1.712451 Tracked 69388930
0.1002418 0.5614792 1.71199 Tracked 69388960
0.1096473 0.5408204 1.716155 Tracked 69388992
0.1163751 0.5237917 1.721655 Tracked 69389026
0.12275 0.5067936 1.723727 Tracked 69389060
0.127055 0.4945576 1.724938 Tracked 69389092
0.1344716 0.4751335 1.725161 Tracked 69389126
0.1400372 0.4566427 1.726893 Tracked 69389160
0.1412302 0.4511899 1.730543 Tracked 69389193
0.1455909 0.4379534 1.734977 Tracked 69389226
0.1522941 0.4224969 1.738976 Tracked 69389261
0.1557244 0.4121302 1.738414 Tracked 69389294
0.1580979 0.4010519 1.739673 Tracked 69389326
0.1603369 0.390482 1.740563 Tracked 69389360
0.1608218 0.3809006 1.741337 Tracked 69389392
0.1620525 0.3743469 1.74282 Tracked 69389426
0.1623047 0.3676217 1.741851 Tracked 69389460
0.1626139 0.3636057 1.742918 Tracked 69389493
0.1630616 0.3599334 1.743074 Tracked 69389525
0.1633256 0.3572079 1.744202 Tracked 69389560
0.1619072 0.3565129 1.744019 Tracked 69389593
0.1613718 0.354917 1.744694 Tracked 69389626
0.1612202 0.3542808 1.744302 Tracked 69389659
0.1610022 0.3540403 1.74481 Tracked 69389693
0.1604704 0.3537171 1.74474 Tracked 69389725
0.1598108 0.3538862 1.744992 Tracked 69389760
0.1589471 0.3548371 1.744884 Tracked 69389793
0.1569869 0.3581556 1.74554 Tracked 69389825
0.1542169 0.3638684 1.744909 Tracked 69389860
0.1502291 0.3738362 1.745395 Tracked 69389915
0.1442271 0.3874483 1.744238 Tracked 69389935
0.1371448 0.4127094 1.745501 Tracked 69389960
0.1300296 0.4352957 1.741802 Tracked 69389993
0.1236122 0.4555809 1.74493 Tracked 69390026
0.1173791 0.4759506 1.743371 Tracked 69390062
0.109261 0.4978238 1.742575 Tracked 69390098
0.1053052 0.51531 1.739503 Tracked 69390132
0.09674189 0.5433745 1.736311 Tracked 69390161
0.08647945 0.5678766 1.738383 Tracked 69390191
0.07824091 0.5834212 1.737121 Tracked 69390226
0.06916194 0.5999964 1.737162 Tracked 69390260
0.06015132 0.6175612 1.737423 Tracked 69390293
0.04999091 0.6344488 1.736343 Tracked 69390326
0.03800708 0.6504258 1.73505 Tracked 69390361
0.02546986 0.6641985 1.733815 Tracked 69390393
0.01717515 0.6727341 1.733494 Tracked 69390426
0.008504519 0.679744 1.733351 Tracked 69390460
-0.003102615 0.6880028 1.734161 Tracked 69390493
-0.01147768 0.692308 1.734437 Tracked 69390526
-0.01957368 0.6958149 1.733924 Tracked 69390560
-0.02799646 0.6987681 1.733331 Tracked 69390592
-0.03267135 0.6991702 1.732314 Tracked 69390626
-0.0393373 0.7011288 1.732349 Tracked 69390660
-0.04458937 0.7012203 1.731789 Tracked 69390693
-0.04851557 0.7009667 1.73122 Tracked 69390726
-0.05299475 0.700356 1.730642 Tracked 69390761
-0.05566277 0.6995279 1.729187 Tracked 69390793
-0.05775742 0.6990423 1.728938 Tracked 69390826
-0.05941969 0.6983301 1.72846 Tracked 69390860
-0.06078924 0.6978282 1.728383 Tracked 69390896
-0.0612956 0.697566 1.728372 Tracked 69390926
-0.06183907 0.6970656 1.728098 Tracked 69390960
-0.06202277 0.6969303 1.728088 Tracked 69390993
-0.06209195 0.69692 1.728112 Tracked 69391026
-0.0620814 0.6969662 1.728244 Tracked 69391060
-0.06179922 0.6969883 1.728358 Tracked 69391092
-0.061214 0.6972079 1.728504 Tracked 69391125
-0.05966629 0.6973537 1.728805 Tracked 69391160
-0.05688768 0.6980876 1.729167 Tracked 69391193
-0.05216189 0.6985742 1.72956 Tracked 69391227
-0.04629215 0.6987169 1.73005 Tracked 69391260
-0.03932339 0.6990408 1.730361 Tracked 69391292
-0.03122126 0.6987464 1.730463 Tracked 69391326
-0.02121793 0.6973527 1.729221 Tracked 69391360
-0.01088787 0.6948616 1.729022 Tracked 69391392
0.002525906 0.6905245 1.726961 Tracked 69391426
0.01416664 0.6860071 1.725416 Tracked 69391459
0.02861204 0.6788852 1.724093 Tracked 69391493
0.04504378 0.6674255 1.721602 Tracked 69391526
0.05707855 0.6562118 1.720922 Tracked 69391560
0.0747585 0.6354516 1.721476 Tracked 69391593
0.08336452 0.6203293 1.719905 Tracked 69391626
0.09637628 0.5994585 1.717286 Tracked 69391660
0.1079949 0.5777936 1.717357 Tracked 69391693
0.1160936 0.558983 1.718544 Tracked 69391726
0.1230826 0.537004 1.717507 Tracked 69391759
0.1320625 0.5135268 1.718472 Tracked 69391792
0.1374576 0.4914303 1.718064 Tracked 69391825
0.142683 0.4708871 1.717999 Tracked 69391860
0.1460497 0.4530275 1.7166 Tracked 69391897
0.1480004 0.448194 1.719088 Tracked 69391926
0.1512409 0.4378276 1.719231 Tracked 69391960
0.1530109 0.421783 1.721651 Tracked 69391993
0.1565029 0.4120329 1.72284 Tracked 69392025
0.1594879 0.40564 1.723344 Tracked 69392060
0.161594 0.3989891 1.722679 Tracked 69392093
0.1624296 0.3955162 1.722772 Tracked 69392126
0.1625672 0.3913446 1.72192 Tracked 69392160
0.1628138 0.3905092 1.721486 Tracked 69392192
0.1626986 0.3897423 1.720712 Tracked 69392229
0.162566 0.3899766 1.720258 Tracked 69392260
0.1609906 0.3924008 1.719109 Tracked 69392293
0.1581233 0.3982817 1.717357 Tracked 69392326
0.1530298 0.4128706 1.715975 Tracked 69392360
0.1459497 0.4288864 1.713411 Tracked 69392393
0.1374583 0.4539362 1.713236 Tracked 69392426
0.130069 0.474589 1.714855 Tracked 69392463
0.1244215 0.4935886 1.714013 Tracked 69392499
0.1129269 0.5287771 1.711647 Tracked 69392528
0.1026323 0.5507083 1.710472 Tracked 69392561
0.09043171 0.5797864 1.709399 Tracked 69392593
0.07977719 0.599509 1.709818 Tracked 69392626
0.06523035 0.6246572 1.707757 Tracked 69392660
0.05040849 0.646613 1.707616 Tracked 69392693
0.03613659 0.6612325 1.710235 Tracked 69392726
0.02151159 0.6741893 1.711978 Tracked 69392760
0.005770517 0.6843942 1.712764 Tracked 69392793
-0.008891168 0.6915218 1.7148 Tracked 69392825
-0.02661769 0.6973139 1.715822 Tracked 69392864
-0.03898357 0.6991952 1.714803 Tracked 69392898
-0.05158164 0.698053 1.714452 Tracked 69392930
-0.06105627 0.6970422 1.714426 Tracked 69392961
-0.07061949 0.694966 1.714514 Tracked 69392992
-0.07648424 0.6917183 1.713718 Tracked 69393026
-0.08639129 0.6863772 1.710952 Tracked 69393060
-0.09224725 0.6824947 1.710272 Tracked 69393093
-0.09905495 0.6782465 1.708354 Tracked 69393126
-0.1055505 0.6734418 1.706083 Tracked 69393159
-0.1081816 0.6720203 1.706003 Tracked 69393192
-0.1110612 0.6701582 1.705373 Tracked 69393226
-0.113256 0.6695681 1.704852 Tracked 69393260
-0.1151415 0.6688561 1.705029 Tracked 69393293
-0.1158787 0.6685879 1.704593 Tracked 69393326
-0.1163178 0.6684845 1.704426 Tracked 69393363
-0.1166831 0.6684789 1.703746 Tracked 69393395
-0.1168021 0.6686026 1.703595 Tracked 69393426
-0.115678 0.6692102 1.703726 Tracked 69393460
-0.1125135 0.671788 1.703526 Tracked 69393493
-0.1093084 0.6741633 1.7035 Tracked 69393526
-0.1037618 0.677536 1.70323 Tracked 69393560
-0.09679405 0.6813242 1.704376 Tracked 69393594
-0.08991409 0.6861748 1.706018 Tracked 69393626
-0.07935192 0.6905455 1.708848 Tracked 69393660
-0.06869588 0.6937768 1.709309 Tracked 69393693
-0.05558515 0.6936768 1.710288 Tracked 69393725
-0.04134108 0.692924 1.71089 Tracked 69393760
-0.02290881 0.6899837 1.711855 Tracked 69393793
-0.007399444 0.6849641 1.712234 Tracked 69393829
0.01067857 0.6746162 1.7088 Tracked 69393860
0.03203812 0.657111 1.705352 Tracked 69393916
0.05032438 0.6374481 1.705154 Tracked 69393935
0.07262978 0.6118022 1.707626 Tracked 69393960
0.0891403 0.5853002 1.708602 Tracked 69393992
0.1011057 0.5594525 1.708869 Tracked 69394027
0.112428 0.5304024 1.708558 Tracked 69394059
0.1212501 0.5040892 1.709063 Tracked 69394093
0.1333701 0.4711563 1.710991 Tracked 69394126
0.1398306 0.4613603 1.709711 Tracked 69394160
0.1499007 0.4367538 1.711982 Tracked 69394193
0.1575047 0.412955 1.712207 Tracked 69394226
0.1647624 0.3871213 1.711308 Tracked 69394260
0.1714227 0.3674943 1.707154 Tracked 69394293
0.1746652 0.3500839 1.710342 Tracked 69394326
0.1786178 0.3331073 1.710315 Tracked 69394359
0.1813511 0.3165136 1.706557 Tracked 69394393
0.1823167 0.305304 1.706278 Tracked 69394427
0.1823427 0.2946206 1.705217 Tracked 69394460
0.1829186 0.2859901 1.706347 Tracked 69394493
0.1833306 0.2807465 1.705026 Tracked 69394527
0.1833543 0.2786948 1.705119 Tracked 69394560
0.1833448 0.2783241 1.704492 Tracked 69394592
0.1830408 0.278992 1.704131 Tracked 69394626
0.1816311 0.2874537 1.700451 Tracked 69394660
0.1785181 0.3035814 1.698979 Tracked 69394692
0.1756396 0.3340234 1.695225 Tracked 69394726
0.1724958 0.3610398 1.692017 Tracked 69394765
0.1632032 0.3960379 1.690587 Tracked 69394798
0.1559338 0.4286641 1.687772 Tracked 69394829
0.1447943 0.4642068 1.687332 Tracked 69394865
0.1334409 0.4977466 1.687763 Tracked 69394903
0.1202765 0.5382478 1.686066 Tracked 69394934
0.1128967 0.55829 1.683931 Tracked 69394961
0.09555727 0.5899604 1.683192 Tracked 69394992
0.08388843 0.6082804 1.683118 Tracked 69395026
0.0678062 0.6300046 1.681695 Tracked 69395060
0.05366163 0.6456419 1.68065 Tracked 69395093
0.03782319 0.6610501 1.68281 Tracked 69395125
0.02565165 0.6699163 1.685274 Tracked 69395160
0.009662597 0.6814251 1.691008 Tracked 69395194
-0.003658004 0.6883175 1.692896 Tracked 69395225
-0.01496137 0.6922298 1.692535 Tracked 69395260
-0.02678548 0.696464 1.694399 Tracked 69395292
-0.03453584 0.6977694 1.694193 Tracked 69395326
-0.04333813 0.6992946 1.694143 Tracked 69395360
-0.05007611 0.7005413 1.695464 Tracked 69395392
-0.05624125 0.7019503 1.69628 Tracked 69395426
-0.06086142 0.702475 1.69604 Tracked 69395462
-0.06424852 0.702804 1.696232 Tracked 69395497
-0.06677909 0.7030824 1.696539 Tracked 69395532
-0.0687424 0.7036048 1.697317 Tracked 69395560
-0.06985836 0.7037238 1.697768 Tracked 69395592
-0.07025161 0.7037712 1.697929 Tracked 69395626
-0.07028347 0.7037336 1.698009 Tracked 69395660
-0.06990948 0.703626 1.698345 Tracked 69395692
-0.06743473 0.7036682 1.700083 Tracked 69395726
-0.06365871 0.7030308 1.701479 Tracked 69395761
-0.05635909 0.7015235 1.702761 Tracked 69395792
-0.04642154 0.6998544 1.704785 Tracked 69395826
-0.03215175 0.6961208 1.706159 Tracked 69395860
-0.01488217 0.6906275 1.707764 Tracked 69395897
0.004491273 0.682219 1.706587 Tracked 69395930
0.0250275 0.6689224 1.705853 Tracked 69395960
0.04696746 0.6501045 1.705542 Tracked 69395994
0.06973921 0.6225344 1.705736 Tracked 69396026
0.08882517 0.5925257 1.704798 Tracked 69396060
0.1080986 0.559886 1.707564 Tracked 69396096
0.1230746 0.5198042 1.709577 Tracked 69396131
0.1314325 0.4949626 1.710102 Tracked 69396165
0.1464905 0.4488043 1.710756 Tracked 69396197
0.1520664 0.4383164 1.712888 Tracked 69396233
0.1673482 0.3991452 1.719166 Tracked 69396261
0.1723294 0.3761226 1.718295 Tracked 69396293
0.1794485 0.3506523 1.721696 Tracked 69396325
0.1844725 0.3235062 1.717984 Tracked 69396360
0.1863783 0.3078489 1.717523 Tracked 69396393
0.1880782 0.2901972 1.715137 Tracked 69396425
0.1884013 0.2809401 1.713722 Tracked 69396460
0.1887112 0.2734647 1.714137 Tracked 69396493
0.1892009 0.2690235 1.711928 Tracked 69396525
0.1891028 0.268159 1.711265 Tracked 69396559
0.1888112 0.2691721 1.710854 Tracked 69396592
0.1871056 0.2738893 1.709287 Tracked 69396626
0.1858216 0.292892 1.706376 Tracked 69396659
0.1844152 0.3134701 1.704459 Tracked 69396693
0.1786981 0.3490967 1.700704 Tracked 69396726
0.1706629 0.3824161 1.697437 Tracked 69396760
0.1658819 0.4129571 1.701406 Tracked 69396793
0.1568851 0.4476151 1.699328 Tracked 69396826
0.1465019 0.4804481 1.703774 Tracked 69396860
0.1389913 0.5058106 1.702761 Tracked 69396893
0.1293231 0.5359494 1.699095 Tracked 69396926
0.1154539 0.5677088 1.697898 Tracked 69396960
0.102778 0.5889804 1.699175 Tracked 69396993
0.08956178 0.6059861 1.702479 Tracked 69397026
0.06783327 0.6306 1.700246 Tracked 69397060
0.05475164 0.6450267 1.697493 Tracked 69397093
0.03914306 0.6620855 1.699677 Tracked 69397126
0.02702672 0.6713865 1.700921 Tracked 69397160
0.01452103 0.6793759 1.703697 Tracked 69397192
0.004321093 0.684192 1.703882 Tracked 69397226
-0.007336693 0.6897858 1.704927 Tracked 69397260
-0.01630825 0.692875 1.705608 Tracked 69397293
-0.02499192 0.695549 1.706316 Tracked 69397326
-0.03284365 0.6971692 1.707029 Tracked 69397360
-0.03825672 0.6982236 1.707259 Tracked 69397398
-0.042425 0.6987479 1.707474 Tracked 69397430
-0.04677377 0.6997081 1.708379 Tracked 69397465
-0.04965772 0.7001172 1.708618 Tracked 69397498
-0.05154578 0.7000104 1.708557 Tracked 69397526
