-0.07922488 0.4094909 2.110776 Tracked 64186820
-0.07911681 0.4095079 2.110854 Tracked 64186853
-0.07908235 0.4096274 2.110929 Tracked 64186886
-0.07903619 0.4097259 2.110967 Tracked 64186919
-0.07899934 0.4097968 2.110884 Tracked 64186953
-0.07902815 0.4100602 2.110605 Tracked 64186986
-0.07892596 0.4103658 2.110032 Tracked 64187019
-0.07887851 0.410525 2.109023 Tracked 64187054
-0.07890975 0.4098901 2.106536 Tracked 64187086
-0.07882147 0.4087843 2.104386 Tracked 64187120
-0.0788424 0.4073097 2.102626 Tracked 64187154
-0.07915017 0.4026057 2.098698 Tracked 64187186
-0.0797279 0.3919741 2.09287 Tracked 64187219
-0.08067802 0.3716761 2.087432 Tracked 64187253
-0.07987566 0.3428171 2.081522 Tracked 64187286
-0.07949702 0.3182091 2.080183 Tracked 64187319
-0.07923341 0.3014388 2.079691 Tracked 64187353
-0.07860215 0.2604015 2.074497 Tracked 64187386
-0.07698391 0.2393605 2.078563 Tracked 64187419
-0.07751063 0.2057385 2.082872 Tracked 64187452
-0.08064604 0.1716424 2.083335 Tracked 64187486
-0.0814069 0.1564902 2.086618 Tracked 64187519
-0.0891789 0.1404872 2.091347 Tracked 64187553
-0.0982397 0.05531976 2.083461 Tracked 64187586
-0.1004674 0.02527582 2.084715 Tracked 64187619
-0.111406 0.01456424 2.087048 Tracked 64187652
-0.1121434 -0.001920084 2.089702 Tracked 64187686
-0.1119523 -0.01581145 2.090712 Tracked 64187719
-0.1167801 -0.03152183 2.085098 Tracked 64187753
-0.1188316 -0.03273014 2.084378 Tracked 64187786
-0.12623 -0.03304595 2.081225 Tracked 64187819
-0.1279526 -0.03228095 2.080358 Tracked 64187853
-0.1355767 -0.009553413 2.086085 Tracked 64187888
-0.1502834 0.03904201 2.090194 Tracked 64187923
-0.1532888 0.06210985 2.093271 Tracked 64187955
-0.1383461 0.09716351 2.101705 Tracked 64187986
-0.1157863 0.1259534 2.09862 Tracked 64188019
-0.1129088 0.1431147 2.095469 Tracked 64188053
-0.1061168 0.1964026 2.100282 Tracked 64188086
-0.1081837 0.2129578 2.094726 Tracked 64188119
-0.1025755 0.2844068 2.095716 Tracked 64188153
-0.1026504 0.3067247 2.098429 Tracked 64188186
-0.1024807 0.312798 2.097777 Tracked 64188219
-0.1019063 0.3403606 2.096576 Tracked 64188254
-0.1013474 0.3577468 2.096941 Tracked 64188287
-0.09908554 0.3733473 2.097656 Tracked 64188319
-0.09660818 0.3854382 2.097251 Tracked 64188353
-0.09433064 0.3920033 2.096812 Tracked 64188386
-0.09267028 0.3962038 2.097549 Tracked 64188420
-0.09124093 0.3987822 2.098126 Tracked 64188453
-0.08975456 0.4007765 2.098412 Tracked 64188486
-0.08835652 0.4018878 2.098417 Tracked 64188519
-0.08719517 0.4018717 2.096505 Tracked 64188553
-0.08628135 0.4023077 2.096675 Tracked 64188586
-0.08511917 0.4026019 2.096979 Tracked 64188619
-0.08454046 0.402983 2.096881 Tracked 64188653
-0.08355885 0.4031163 2.097014 Tracked 64188686
-0.08272526 0.4033192 2.096869 Tracked 64188719
-0.08222415 0.4035145 2.096911 Tracked 64188754
-0.08167662 0.4037366 2.096829 Tracked 64188786
-0.08091418 0.404125 2.096536 Tracked 64188819
-0.08018994 0.4048212 2.095879 Tracked 64188853
-0.07985839 0.4052383 2.095548 Tracked 64188886
-0.07938834 0.4060278 2.094959 Tracked 64188918
-0.07893921 0.4067457 2.093822 Tracked 64188953
-0.07874571 0.4071408 2.093005 Tracked 64188986
-0.0785955 0.406934 2.091327 Tracked 64189019
-0.07868906 0.4048722 2.089116 Tracked 64189052
-0.07851794 0.3955525 2.08447 Tracked 64189086
-0.08003216 0.3738503 2.080096 Tracked 64189119
-0.08173003 0.3429397 2.077422 Tracked 64189154
-0.08165195 0.3120526 2.074795 Tracked 64189186
-0.08253191 0.2952126 2.074342 Tracked 64189219
-0.08406684 0.2662917 2.077909 Tracked 64189252
-0.08468696 0.2256585 2.081455 Tracked 64189287
-0.08759232 0.1969794 2.082927 Tracked 64189320
-0.09207074 0.1700923 2.088054 Tracked 64189353
-0.09448959 0.1491714 2.092268 Tracked 64189386
-0.0967631 0.1325845 2.098263 Tracked 64189419
-0.1063646 0.1086894 2.104679 Tracked 64189453
-0.1150432 0.02814938 2.100234 Tracked 64189486
-0.1108976 -0.0009217922 2.102844 Tracked 64189519
-0.1043383 -0.009559243 2.105348 Tracked 64189553
-0.09347204 -0.02448652 2.1071 Tracked 64189586
-0.09753761 -0.04540224 2.102397 Tracked 64189619
-0.09509712 -0.04623929 2.103107 Tracked 64189653
-0.09520593 -0.04660089 2.102953 Tracked 64189686
-0.09573548 -0.04736762 2.102502 Tracked 64189719
-0.09567058 -0.04482413 2.103026 Tracked 64189753
-0.1048627 -0.01840051 2.109744 Tracked 64189786
-0.104023 0.037402 2.123161 Tracked 64189819
-0.1079082 0.04371327 2.12253 Tracked 64189853
-0.1137302 0.05224195 2.118636 Tracked 64189886
-0.1127874 0.1269719 2.119223 Tracked 64189919
-0.1109929 0.1335489 2.116621 Tracked 64189953
-0.1062924 0.1593446 2.107802 Tracked 64189987
-0.1025509 0.2096727 2.109449 Tracked 64190019
-0.09996767 0.2342821 2.110263 Tracked 64190053
-0.09853107 0.2646995 2.105014 Tracked 64190086
-0.09664227 0.2998799 2.104821 Tracked 64190118
-0.09421461 0.3145108 2.09486 Tracked 64190152
-0.0934763 0.327434 2.09867 Tracked 64190186
-0.09228205 0.3509112 2.099972 Tracked 64190219
-0.09083559 0.3657195 2.100277 Tracked 64190253
-0.08737492 0.382705 2.100019 Tracked 64190286
-0.08516943 0.3913943 2.098922 Tracked 64190318
-0.08404204 0.3952696 2.098854 Tracked 64190353
-0.08260595 0.3977303 2.098708 Tracked 64190386
-0.08095402 0.400203 2.098293 Tracked 64190418
-0.07956276 0.4016146 2.097625 Tracked 64190452
-0.07861461 0.4025373 2.09703 Tracked 64190486
-0.07745278 0.4035154 2.096334 Tracked 64190519
-0.07646355 0.4041337 2.095752 Tracked 64190554
-0.07538749 0.4049295 2.094765 Tracked 64190586
-0.07461735 0.4056744 2.09417 Tracked 64190619
-0.07404185 0.4064052 2.093812 Tracked 64190653
-0.07357066 0.4066297 2.093307 Tracked 64190686
-0.07315946 0.4071165 2.092781 Tracked 64190718
-0.0730091 0.4072812 2.092393 Tracked 64190753
-0.07289902 0.4073549 2.091757 Tracked 64190787
-0.07284876 0.4072036 2.090681 Tracked 64190820
-0.07299158 0.4061388 2.08901 Tracked 64190854
-0.07307357 0.4002155 2.085909 Tracked 64190886
-0.07505837 0.3825151 2.080773 Tracked 64190919
-0.07612897 0.3566211 2.077442 Tracked 64190953
-0.07676351 0.3459118 2.076136 Tracked 64190987
-0.07754802 0.2939117 2.064438 Tracked 64191019
-0.0773249 0.2597556 2.062328 Tracked 64191053
-0.0755237 0.2131265 2.067058 Tracked 64191087
-0.0781304 0.1729635 2.073894 Tracked 64191119
-0.07926492 0.1559118 2.080482 Tracked 64191153
-0.08175461 0.1195321 2.092588 Tracked 64191186
-0.09197403 0.08262601 2.098226 Tracked 64191219
-0.1063995 0.02618876 2.105187 Tracked 64191253
-0.1064132 -0.02395128 2.103438 Tracked 64191286
-0.07997166 -0.06768379 2.085059 Tracked 64191318
-0.06642015 -0.04205418 2.104204 Tracked 64191353
-0.06263596 -0.03972001 2.10601 Tracked 64191386
-0.06171237 -0.0418144 2.106825 Tracked 64191419
-0.06080314 -0.04359399 2.107234 Tracked 64191453
-0.06036159 -0.04365858 2.107481 Tracked 64191486
-0.06142333 -0.04383811 2.10747 Tracked 64191518
-0.06582568 -0.04393813 2.108109 Tracked 64191552
-0.05706065 -0.008911191 2.100917 Tracked 64191586
-0.05096228 0.008584107 2.095495 Tracked 64191620
-0.06161274 0.08275224 2.100709 Tracked 64191653
-0.07483426 0.1507505 2.109735 Tracked 64191686
-0.07437235 0.1750091 2.105274 Tracked 64191718
-0.0705625 0.2284149 2.104537 Tracked 64191753
-0.07099156 0.2544372 2.100307 Tracked 64191786
-0.0737197 0.2960334 2.095818 Tracked 64191819
-0.07461665 0.3239063 2.098186 Tracked 64191853
-0.07479412 0.3286865 2.097152 Tracked 64191886
-0.07543142 0.3512847 2.095548 Tracked 64191919
-0.07342405 0.3687442 2.095144 Tracked 64191954
-0.07284769 0.3813402 2.095199 Tracked 64191987
-0.07210883 0.3873445 2.0955 Tracked 64192019
-0.0710709 0.3926417 2.096251 Tracked 64192054
-0.06998684 0.3951249 2.096669 Tracked 64192086
-0.0693652 0.3964132 2.096905 Tracked 64192118
-0.06862019 0.3973135 2.096672 Tracked 64192153
-0.06803331 0.397671 2.096767 Tracked 64192186
-0.06764124 0.3979498 2.096693 Tracked 64192219
-0.06739168 0.3980758 2.096741 Tracked 64192253
-0.06713962 0.3982686 2.096645 Tracked 64192286
-0.06681509 0.3983928 2.096562 Tracked 64192318
-0.06639472 0.3986687 2.096315 Tracked 64192353
-0.06626095 0.3988393 2.096262 Tracked 64192386
-0.06598388 0.3993887 2.095661 Tracked 64192418
-0.06582347 0.4000653 2.095089 Tracked 64192453
-0.06578178 0.4007602 2.094623 Tracked 64192487
-0.06577308 0.4012304 2.09419 Tracked 64192519
-0.06592636 0.4014911 2.093338 Tracked 64192553
-0.06607899 0.4004481 2.091244 Tracked 64192586
-0.06709389 0.3948494 2.088845 Tracked 64192619
-0.06915862 0.3730384 2.082569 Tracked 64192653
-0.07131287 0.3410056 2.081477 Tracked 64192686
-0.07035919 0.3288988 2.079082 Tracked 64192719
-0.06850391 0.2693817 2.067686 Tracked 64192753
-0.06973978 0.2312094 2.069289 Tracked 64192786
-0.07221639 0.1768191 2.072274 Tracked 64192821
-0.07592275 0.1503156 2.077891 Tracked 64192853
-0.07691035 0.1316588 2.090033 Tracked 64192886
-0.08124932 0.108697 2.102585 Tracked 64192919
-0.08803876 0.06003636 2.108575 Tracked 64192953
-0.09761968 0.04196572 2.110116 Tracked 64192986
-0.1062471 0.05096207 2.110978 Tracked 64193019
-0.1134345 0.04965057 2.11095 Tracked 64193053
-0.1117972 0.02794251 2.114004 Tracked 64193086
-0.11125 0.02401465 2.11329 Tracked 64193119
-0.1113053 0.02369578 2.113076 Tracked 64193152
-0.1105239 0.02360781 2.112565 Tracked 64193186
-0.07590452 -0.001179474 2.109734 Tracked 64193218
-0.0728209 -0.07339671 2.089759 Tracked 64193253
-0.07651312 -0.01839457 2.097742 Tracked 64193286
-0.07220929 0.005657291 2.092625 Tracked 64193318
-0.06743161 0.09926249 2.106154 Tracked 64193353
-0.07602079 0.09806575 2.100591 Tracked 64193386
-0.08559129 0.1623718 2.098259 Tracked 64193419
-0.08326486 0.1903444 2.098329 Tracked 64193453
-0.08185621 0.2459419 2.103306 Tracked 64193487
-0.07971215 0.2658104 2.098697 Tracked 64193519
-0.07856537 0.3127 2.098352 Tracked 64193553
-0.07874192 0.3224819 2.093298 Tracked 64193586
-0.07922737 0.3493572 2.090229 Tracked 64193619
-0.07790163 0.3581538 2.097996 Tracked 64193653
-0.07593945 0.3739775 2.101512 Tracked 64193686
-0.07429715 0.3830012 2.103395 Tracked 64193718
-0.07297023 0.3880618 2.103957 Tracked 64193753
-0.07067979 0.392628 2.104865 Tracked 64193786
-0.06973392 0.3941123 2.105293 Tracked 64193818
-0.06850037 0.3953964 2.104956 Tracked 64193853
-0.06725981 0.3963698 2.104731 Tracked 64193886
-0.06601175 0.3972196 2.104572 Tracked 64193919
-0.06489053 0.3977976 2.10461 Tracked 64193953
-0.06360933 0.3983365 2.104336 Tracked 64193986
-0.06239664 0.3986377 2.103872 Tracked 64194019
-0.06141755 0.3990419 2.103797 Tracked 64194053
-0.06083931 0.3994791 2.10351 Tracked 64194086
-0.06064487 0.3997457 2.103692 Tracked 64194119
-0.06045954 0.3999184 2.103688 Tracked 64194152
-0.06041598 0.400664 2.103505 Tracked 64194185
-0.06057412 0.4011018 2.103417 Tracked 64194219
-0.06087415 0.4015762 2.103011 Tracked 64194253
-0.06180259 0.4020818 2.10181 Tracked 64194287
-0.06341472 0.4009447 2.099566 Tracked 64194319
-0.06634068 0.392893 2.095323 Tracked 64194353
-0.07083646 0.3738305 2.090643 Tracked 64194386
-0.07403986 0.3351497 2.084862 Tracked 64194419
-0.07490369 0.3207747 2.080374 Tracked 64194453
-0.07258894 0.2633202 2.070129 Tracked 64194486
-0.07414816 0.2230706 2.071556 Tracked 64194519
-0.07615522 0.1679068 2.071694 Tracked 64194553
-0.078162 0.1494784 2.080304 Tracked 64194586
-0.08005122 0.117755 2.090625 Tracked 64194619
-0.07744906 0.08828875 2.09578 Tracked 64194653
-0.1052029 0.03894946 2.091609 Tracked 64194685
-0.1091444 0.05322039 2.103599 Tracked 64194719
-0.1186235 0.001391083 2.098975 Tracked 64194752
-0.04497966 -0.05569964 2.086587 Tracked 64194786
-0.05401167 -0.02542959 2.094524 Tracked 64194818
-0.05419114 -0.02431265 2.094858 Tracked 64194854
-0.0546091 -0.02329804 2.095537 Tracked 64194886
-0.05810027 -0.02135086 2.098317 Tracked 64194919
-0.04346864 -0.0599179 2.076799 Tracked 64194952
-0.06468403 -0.04107759 2.087086 Tracked 64194986
-0.05150972 0.05289797 2.108265 Tracked 64195019
-0.06191136 0.02417063 2.082122 Tracked 64195052
-0.06450377 0.1073715 2.101716 Tracked 64195085
-0.06996137 0.1093593 2.09576 Tracked 64195119
-0.076507 0.1756756 2.093678 Tracked 64195153
-0.07595515 0.2075661 2.094107 Tracked 64195187
-0.07504961 0.2492874 2.090708 Tracked 64195219
-0.07500486 0.2849955 2.090412 Tracked 64195253
-0.07616342 0.3194089 2.089637 Tracked 64195286
-0.07624482 0.3325404 2.080356 Tracked 64195319
-0.07718574 0.3460974 2.085088 Tracked 64195352
-0.07680582 0.3616282 2.088047 Tracked 64195386
-0.07512193 0.3785227 2.088343 Tracked 64195420
-0.07468423 0.3854155 2.087431 Tracked 64195453
-0.07336355 0.3887848 2.087024 Tracked 64195487
-0.07235778 0.3914393 2.085669 Tracked 64195520
-0.07156047 0.3936691 2.083895 Tracked 64195553
-0.07051129 0.3948714 2.082254 Tracked 64195585
-0.07016068 0.3956805 2.081784 Tracked 64195619
-0.06957825 0.3959658 2.080424 Tracked 64195652
-0.06904894 0.3960598 2.079233 Tracked 64195685
-0.06881209 0.3961905 2.07921 Tracked 64195719
-0.06865764 0.3963184 2.079252 Tracked 64195753
-0.06837334 0.3964968 2.078736 Tracked 64195785
-0.06825995 0.3971318 2.079086 Tracked 64195819
-0.06836466 0.3981393 2.07943 Tracked 64195854
-0.06854863 0.3990994 2.080053 Tracked 64195886
-0.06872112 0.3998588 2.080674 Tracked 64195919
-0.06888046 0.4002136 2.081344 Tracked 64195952
-0.06892622 0.4001759 2.081613 Tracked 64195986
-0.0692911 0.3991112 2.081795 Tracked 64196019
-0.0699531 0.3916731 2.081719 Tracked 64196053
-0.07183578 0.364164 2.079648 Tracked 64196086
-0.07203805 0.3571851 2.079858 Tracked 64196119
-0.06846688 0.3032171 2.068038 Tracked 64196154
-0.06679173 0.2597658 2.065673 Tracked 64196186
-0.07206883 0.2230605 2.072457 Tracked 64196219
-0.07500879 0.1647961 2.071692 Tracked 64196253
-0.0831937 0.1594586 2.079417 Tracked 64196286
-0.09653974 0.1276615 2.092645 Tracked 64196318
-0.09550881 0.1277139 2.096561 Tracked 64196353
-0.1109326 0.06778447 2.10871 Tracked 64196386
-0.109071 0.06782326 2.109007 Tracked 64196419
-0.1079664 0.05861621 2.108619 Tracked 64196453
-0.1146007 -0.01858627 2.111253 Tracked 64196485
-0.1152387 -0.02558813 2.113137 Tracked 64196519
-0.1159019 -0.03057867 2.115749 Tracked 64196553
-0.1165617 -0.02750003 2.115973 Tracked 64196586
-0.1165069 -0.0225508 2.119003 Tracked 64196619
-0.1169442 -0.01975134 2.11865 Tracked 64196653
-0.1073778 -0.05852261 2.114302 Tracked 64196686
-0.1066293 -0.0361265 2.105168 Tracked 64196719
-0.1193425 0.1109829 2.117136 Tracked 64196752
-0.08259109 0.08891651 2.111902 Tracked 64196786
-0.09680771 0.09176154 2.101123 Tracked 64196819
-0.08695756 0.1748305 2.103508 Tracked 64196852
-0.08679684 0.2039184 2.103109 Tracked 64196885
-0.08445751 0.238724 2.096509 Tracked 64196919
-0.08006196 0.2876306 2.090997 Tracked 64196953
-0.0791901 0.3126738 2.086707 Tracked 64196986
-0.0803568 0.333214 2.072865 Tracked 64197019
-0.08000012 0.3468162 2.076745 Tracked 64197053
-0.07774523 0.3662325 2.07784 Tracked 64197086
-0.07588694 0.3813125 2.075972 Tracked 64197119
-0.07472117 0.3867652 2.07544 Tracked 64197152
-0.07382197 0.3894112 2.074686 Tracked 64197186
-0.07219346 0.3916839 2.073328 Tracked 64197219
-0.06994177 0.3939156 2.071651 Tracked 64197254
-0.0685265 0.3947467 2.070431 Tracked 64197286
-0.06693705 0.3954148 2.069645 Tracked 64197319
-0.06610549 0.395653 2.069123 Tracked 64197353
-0.06516325 0.3959742 2.068438 Tracked 64197386
-0.06427471 0.3961884 2.067892 Tracked 64197419
-0.06370803 0.3963298 2.067585 Tracked 64197453
-0.06318655 0.396639 2.067271 Tracked 64197486
-0.06285906 0.3972517 2.067111 Tracked 64197519
-0.06286778 0.3979191 2.067167 Tracked 64197553
-0.06297139 0.3984956 2.066992 Tracked 64197587
-0.06317446 0.3987738 2.066824 Tracked 64197619
-0.06373115 0.3984685 2.066187 Tracked 64197653
-0.06558319 0.3934669 2.064937 Tracked 64197686
-0.06735869 0.3718978 2.061376 Tracked 64197719
-0.07093535 0.3555046 2.060645 Tracked 64197753
-0.07197507 0.3055981 2.05938 Tracked 64197786
-0.0699711 0.2504648 2.055239 Tracked 64197819
-0.07134455 0.1977754 2.059205 Tracked 64197853
-0.076225 0.1535244 2.06304 Tracked 64197887
-0.08932958 0.1205773 2.071939 Tracked 64197919
-0.09515177 0.1074026 2.081742 Tracked 64197953
-0.07237663 0.05501483 2.096408 Tracked 64197986
-0.1113527 0.02361543 2.097016 Tracked 64198019
-0.1220304 0.03485046 2.100821 Tracked 64198053
-0.1062832 -0.06881089 2.092126 Tracked 64198085
-0.1085332 -0.07099457 2.095308 Tracked 64198118
-0.1094456 -0.07518242 2.099202 Tracked 64198152
-0.1089027 -0.08431108 2.100188 Tracked 64198185
-0.1087694 -0.0884272 2.097906 Tracked 64198218
-0.1071458 -0.08723321 2.09652 Tracked 64198252
-0.1060346 -0.08617368 2.095667 Tracked 64198285
-0.01811356 -0.006228517 2.092051 Tracked 64198319
-0.06330715 0.006615118 2.082517 Tracked 64198353
-0.07937387 0.09508106 2.096319 Tracked 64198387
-0.0938978 0.1508847 2.100985 Tracked 64198419
-0.09612041 0.1865542 2.098945 Tracked 64198453
-0.09404722 0.2368546 2.096428 Tracked 64198486
-0.09334736 0.27175 2.092629 Tracked 64198519
-0.09376092 0.3188826 2.090501 Tracked 64198553
-0.09412741 0.3304338 2.081389 Tracked 64198586
-0.09389119 0.3584902 2.076481 Tracked 64198620
-0.09304617 0.3664 2.081928 Tracked 64198653
-0.09140847 0.376547 2.083838 Tracked 64198687
-0.09044941 0.3867539 2.084293 Tracked 64198719
-0.08932678 0.3900596 2.084175 Tracked 64198753
-0.08853845 0.392031 2.083617 Tracked 64198786
-0.08790385 0.3939028 2.082398 Tracked 64198819
-0.08690562 0.3949868 2.080804 Tracked 64198853
-0.08641936 0.3954645 2.080081 Tracked 64198886
-0.0857551 0.3959693 2.078669 Tracked 64198922
-0.08541125 0.3961723 2.078133 Tracked 64198953
-0.08502634 0.3964193 2.077144 Tracked 64198986
-0.08484029 0.3965432 2.076939 Tracked 64199019
-0.08468656 0.3969614 2.076536 Tracked 64199053
-0.08462218 0.3972037 2.076241 Tracked 64199086
-0.08457831 0.3975227 2.076249 Tracked 64199119
-0.08466459 0.3977242 2.076277 Tracked 64199153
-0.0846682 0.3978406 2.076391 Tracked 64199185
-0.08478467 0.3975893 2.076401 Tracked 64199219
-0.08519997 0.3921495 2.075924 Tracked 64199252
-0.08603209 0.3800892 2.069174 Tracked 64199286
-0.08596975 0.3596817 2.073948 Tracked 64199319
-0.08650269 0.3139227 2.072033 Tracked 64199353
-0.08463872 0.2673457 2.065589 Tracked 64199385
-0.08390712 0.2191052 2.070045 Tracked 64199419
-0.08265731 0.1608381 2.070617 Tracked 64199453
-0.08196522 0.146782 2.081393 Tracked 64199486
-0.07732227 0.1151284 2.09461 Tracked 64199519
-0.07915023 0.1133565 2.09956 Tracked 64199552
-0.1083567 0.05425884 2.112921 Tracked 64199585
-0.113661 0.01620107 2.110848 Tracked 64199619
-0.1033311 -0.1187972 2.090079 Tracked 64199652
-0.1061067 -0.1221482 2.08847 Tracked 64199685
0.05257509 -0.0964215 2.102259 Tracked 64199718
0.05215365 -0.09601721 2.102402 Tracked 64199752
0.05246909 -0.09589753 2.100825 Tracked 64199786
0.0207571 -0.07665676 2.095345 Tracked 64199819
0.01309574 -0.03014638 2.091143 Tracked 64199852
-0.03003249 -0.02008503 2.085149 Tracked 64199886
-0.03072121 0.000370538 2.081926 Tracked 64199919
-0.03348148 0.1262633 2.109548 Tracked 64199953
-0.05447292 0.1304395 2.101338 Tracked 64199986
-0.06869813 0.2036329 2.10539 Tracked 64200019
-0.0679355 0.2347625 2.102769 Tracked 64200053
-0.06653459 0.2828804 2.099245 Tracked 64200086
-0.06897222 0.3106825 2.099326 Tracked 64200119
-0.06986699 0.3282683 2.086879 Tracked 64200152
-0.07100362 0.3409309 2.090775 Tracked 64200186
-0.07109563 0.3595775 2.094219 Tracked 64200219
-0.07246111 0.3748749 2.094676 Tracked 64200253
-0.07282487 0.380637 2.094032 Tracked 64200286
-0.07291833 0.3862385 2.094 Tracked 64200319
-0.07325482 0.3894965 2.093162 Tracked 64200353
-0.07328726 0.3912552 2.092409 Tracked 64200385
-0.07362173 0.3923365 2.091827 Tracked 64200419
-0.07365081 0.3926305 2.091589 Tracked 64200452
-0.07371671 0.3931234 2.091588 Tracked 64200486
-0.07401657 0.3936307 2.091582 Tracked 64200519
-0.07417843 0.3945666 2.090914 Tracked 64200552
-0.07454909 0.3950157 2.090813 Tracked 64200586
-0.07518207 0.3958235 2.090388 Tracked 64200619
-0.0756785 0.396571 2.090395 Tracked 64200654
-0.07591252 0.3970261 2.090248 Tracked 64200687
-0.07608301 0.3971996 2.090154 Tracked 64200719
-0.07630983 0.3967229 2.089767 Tracked 64200753
-0.07685534 0.3916418 2.088765 Tracked 64200786
-0.0767466 0.3700562 2.084062 Tracked 64200819
-0.076657 0.3584239 2.081641 Tracked 64200853
-0.07385801 0.3043283 2.064554 Tracked 64200886
-0.07013325 0.2698958 2.065611 Tracked 64200919
-0.07083404 0.2135607 2.067393 Tracked 64200956
-0.06747696 0.161891 2.071896 Tracked 64200986
-0.06962892 0.1349957 2.079775 Tracked 64201019
-0.07404692 0.1199913 2.093025 Tracked 64201053
-0.08755318 0.08988929 2.103948 Tracked 64201086
-0.09111887 0.08324942 2.11195 Tracked 64201119
-0.09733932 0.07556185 2.113466 Tracked 64201153
0.006278141 0.0381084 2.130198 Tracked 64201186
-0.0005825882 0.01557248 2.131999 Tracked 64201218
0.0003816688 0.01971665 2.132191 Tracked 64201253
0.001563044 0.02188493 2.133302 Tracked 64201285
0.001547784 0.0393072 2.130801 Tracked 64201318
0.005836784 0.1019515 2.109329 Tracked 64201353
-0.0458714 -0.03224934 2.100109 Tracked 64201385
-0.06753052 0.003077978 2.10136 Tracked 64201419
-0.06651112 0.03707987 2.095495 Tracked 64201452
-0.07495024 0.1376469 2.106517 Tracked 64201486
-0.07256178 0.1798077 2.101089 Tracked 64201518
-0.0732928 0.2197628 2.099697 Tracked 64201553
-0.0740156 0.2587627 2.096023 Tracked 64201586
-0.07436114 0.2953894 2.090263 Tracked 64201618
-0.07573549 0.327585 2.092067 Tracked 64201652
-0.0763877 0.3418667 2.081872 Tracked 64201686
-0.07711362 0.351907 2.08746 Tracked 64201719
-0.07693972 0.369648 2.08844 Tracked 64201752
-0.07636566 0.3801481 2.089226 Tracked 64201786
-0.07597895 0.3849391 2.088448 Tracked 64201818
-0.07561219 0.3882138 2.087599 Tracked 64201852
-0.07524876 0.3905155 2.086717 Tracked 64201886
-0.07459278 0.3918312 2.086212 Tracked 64201918
-0.0740768 0.3924407 2.08568 Tracked 64201953
-0.07375085 0.3927594 2.085424 Tracked 64201985
-0.07340972 0.3929761 2.085325 Tracked 64202018
-0.07289543 0.3934898 2.085029 Tracked 64202052
-0.07266299 0.3937856 2.084875 Tracked 64202085
-0.07242887 0.3941256 2.084706 Tracked 64202118
-0.07227354 0.3948748 2.084705 Tracked 64202152
-0.07222626 0.395801 2.084769 Tracked 64202186
-0.07226466 0.396401 2.084965 Tracked 64202219
-0.07236999 0.3970411 2.085193 Tracked 64202253
-0.07247087 0.3976317 2.085557 Tracked 64202286
-0.07247254 0.3976799 2.085593 Tracked 64202319
-0.07250883 0.3977107 2.085562 Tracked 64202353
-0.07255742 0.3977246 2.085479 Tracked 64202386
