0.08610336 0.5913025 2.074038 Tracked 64186820
0.08574307 0.5911303 2.073659 Tracked 64186853
0.08583239 0.5912247 2.073589 Tracked 64186886
0.08597849 0.5913598 2.073432 Tracked 64186919
0.08609637 0.591422 2.072819 Tracked 64186953
0.08620134 0.5912578 2.071434 Tracked 64186986
0.08824877 0.5968462 2.04881 Tracked 64187019
0.08782785 0.5954079 2.050926 Tracked 64187054
0.08797117 0.5942518 2.047627 Tracked 64187086
0.08800572 0.5930634 2.043773 Tracked 64187120
0.08811712 0.5829329 2.001171 Tracked 64187154
0.08812778 0.5817325 1.999005 Tracked 64187186
0.08788233 0.5770854 1.993321 Tracked 64187219
0.083678 0.5345363 1.951609 Tracked 64187253
0.07975037 0.5088595 1.936744 Tracked 64187286
0.0747865 0.4731283 1.918046 Tracked 64187319
0.07062957 0.4246609 1.906467 Tracked 64187353
0.06233014 0.3884668 1.895497 Tracked 64187386
0.06004426 0.3352183 1.887267 Tracked 64187419
0.06034101 0.3045993 1.885896 Tracked 64187452
0.05867252 0.2584677 1.886589 Tracked 64187486
0.06291696 0.2222672 1.890862 Tracked 64187519
0.06345735 0.193293 1.892991 Tracked 64187553
0.05989037 0.17317 1.892858 Tracked 64187586
0.06045013 0.1216535 1.915321 Tracked 64187619
0.06062191 0.1148488 1.916405 Tracked 64187652
0.05992819 0.1068916 1.917934 Tracked 64187686
0.05885452 0.09591185 1.920875 Tracked 64187719
0.05745016 0.09539167 1.917547 Tracked 64187753
0.05630745 0.08920126 1.921148 Tracked 64187786
0.05424789 0.09127586 1.917221 Tracked 64187819
0.05298115 0.09065953 1.918345 Tracked 64187853
0.04960119 0.09516708 1.918005 Tracked 64187888
0.04788299 0.1295248 1.910929 Tracked 64187923
0.0413716 0.1623941 1.899071 Tracked 64187955
0.03938436 0.179891 1.900498 Tracked 64187986
0.03823158 0.231775 1.900404 Tracked 64188019
0.04146082 0.2720977 1.898523 Tracked 64188053
0.04484018 0.3190565 1.905645 Tracked 64188086
0.04547866 0.3594086 1.912693 Tracked 64188119
0.04327324 0.4093644 1.919101 Tracked 64188153
0.04619506 0.4574072 1.933426 Tracked 64188186
0.05001168 0.4850475 1.94146 Tracked 64188219
0.05464274 0.509733 1.951063 Tracked 64188254
0.05914005 0.5368951 1.963522 Tracked 64188287
0.06027619 0.5436038 1.967023 Tracked 64188319
0.06907284 0.5789508 1.988411 Tracked 64188353
0.0704282 0.5856618 1.992705 Tracked 64188386
0.06979791 0.5886791 1.994552 Tracked 64188420
0.06934132 0.5898454 1.995546 Tracked 64188453
0.06881113 0.5914116 1.996889 Tracked 64188486
0.06836773 0.5924055 1.998083 Tracked 64188519
0.06760091 0.5930207 1.998969 Tracked 64188553
0.06691041 0.5935398 1.999737 Tracked 64188586
0.06615145 0.5938944 2.000443 Tracked 64188619
0.06582516 0.5942475 2.001082 Tracked 64188653
0.06483602 0.5945589 2.001871 Tracked 64188686
0.0644547 0.5947201 2.002133 Tracked 64188719
0.06383578 0.5948025 2.002238 Tracked 64188754
0.06376367 0.5948507 2.002252 Tracked 64188786
0.06365974 0.5948904 2.00209 Tracked 64188819
0.06355429 0.5951483 2.001555 Tracked 64188853
0.06333372 0.5953389 2.000163 Tracked 64188886
0.06412461 0.5955091 1.998752 Tracked 64188918
0.06715579 0.5959866 1.996759 Tracked 64188953
0.07075116 0.5965518 1.995389 Tracked 64188986
0.07338412 0.5953426 1.992403 Tracked 64189019
0.0742382 0.5904447 1.98643 Tracked 64189052
0.08675118 0.5536029 1.944631 Tracked 64189086
0.08150897 0.5299382 1.932654 Tracked 64189119
0.08041559 0.4960932 1.919138 Tracked 64189154
0.07557344 0.4592752 1.906007 Tracked 64189186
0.07067538 0.4194002 1.898491 Tracked 64189219
0.06254259 0.3748838 1.891399 Tracked 64189252
0.05865779 0.331151 1.887605 Tracked 64189287
0.05545363 0.2956844 1.887502 Tracked 64189320
0.05495236 0.2575781 1.890979 Tracked 64189353
0.05224171 0.2229062 1.895573 Tracked 64189386
0.04858417 0.1944306 1.901537 Tracked 64189419
0.04694955 0.1753429 1.904559 Tracked 64189453
0.04487607 0.1269083 1.925089 Tracked 64189486
0.04564731 0.1122729 1.933542 Tracked 64189519
0.0429748 0.09865476 1.940787 Tracked 64189553
0.04107138 0.09483898 1.942233 Tracked 64189586
0.04042369 0.0923455 1.94302 Tracked 64189619
0.03862968 0.09240046 1.940544 Tracked 64189653
0.03716715 0.09307411 1.938937 Tracked 64189686
0.03560904 0.09133894 1.941113 Tracked 64189719
0.03438361 0.09161982 1.943539 Tracked 64189753
0.03306242 0.0932232 1.945723 Tracked 64189786
0.03319819 0.1181251 1.942913 Tracked 64189819
0.02906221 0.1669665 1.916223 Tracked 64189853
0.02959207 0.1710616 1.917342 Tracked 64189886
0.02927924 0.1876027 1.91944 Tracked 64189919
0.029148 0.2312842 1.918097 Tracked 64189953
0.02915111 0.2675163 1.915419 Tracked 64189987
0.03485417 0.3086935 1.917455 Tracked 64190019
0.03926472 0.3580507 1.920349 Tracked 64190053
0.0437174 0.3891058 1.925623 Tracked 64190086
0.04945027 0.4415091 1.934613 Tracked 64190118
0.05562106 0.4741009 1.944906 Tracked 64190152
0.06020636 0.5012568 1.954559 Tracked 64190186
0.0636298 0.5257343 1.962961 Tracked 64190219
0.06550323 0.5339667 1.966417 Tracked 64190253
0.07879092 0.5770636 1.988379 Tracked 64190286
0.07995844 0.5836803 1.992655 Tracked 64190318
0.08096842 0.5888016 1.996142 Tracked 64190353
0.0802146 0.5901762 1.99659 Tracked 64190386
0.07966502 0.591136 1.997228 Tracked 64190418
0.07909574 0.5918177 1.997704 Tracked 64190452
0.0785898 0.5922289 1.998056 Tracked 64190486
0.07764205 0.5928698 1.998703 Tracked 64190519
0.07697956 0.5934566 1.999256 Tracked 64190554
0.07614017 0.5939628 1.999663 Tracked 64190586
0.07566335 0.5942013 1.999867 Tracked 64190619
0.07522788 0.594489 2.000046 Tracked 64190653
0.0747428 0.5946758 1.999794 Tracked 64190686
0.07468652 0.5948895 1.99968 Tracked 64190718
0.07488924 0.5950012 1.999237 Tracked 64190753
0.07587 0.5951965 1.998541 Tracked 64190787
0.07690201 0.5952674 1.996798 Tracked 64190820
0.07913076 0.5945183 1.994544 Tracked 64190854
0.08168887 0.589895 1.988633 Tracked 64190886
0.08080314 0.5446219 1.94078 Tracked 64190919
0.08073545 0.5238746 1.929577 Tracked 64190953
0.07445922 0.4852326 1.912429 Tracked 64190987
0.07316477 0.4322118 1.896511 Tracked 64191019
0.06582788 0.3868732 1.889323 Tracked 64191053
0.06174108 0.3281976 1.88632 Tracked 64191087
0.05986769 0.2786268 1.884617 Tracked 64191119
0.06127595 0.2277847 1.887687 Tracked 64191153
0.06031513 0.1903 1.891158 Tracked 64191186
0.0630589 0.1345926 1.910412 Tracked 64191219
0.06327998 0.1090035 1.918954 Tracked 64191253
0.06333791 0.1042214 1.914508 Tracked 64191286
0.06249366 0.09398149 1.911329 Tracked 64191318
0.06215082 0.08866116 1.911062 Tracked 64191353
0.06377788 0.08246358 1.910171 Tracked 64191386
0.0634723 0.07795562 1.909691 Tracked 64191419
0.06351098 0.07672406 1.909667 Tracked 64191453
0.06354139 0.07667013 1.909956 Tracked 64191486
0.06393764 0.07889623 1.912003 Tracked 64191518
0.06625064 0.07694268 1.928808 Tracked 64191552
0.07287659 0.11445 1.925593 Tracked 64191586
0.07419857 0.1456216 1.921317 Tracked 64191620
0.06784646 0.1783967 1.913918 Tracked 64191653
0.06609714 0.234761 1.907213 Tracked 64191686
0.06967075 0.2874703 1.904083 Tracked 64191718
0.07369031 0.3357971 1.907672 Tracked 64191753
0.07449437 0.3815361 1.914039 Tracked 64191786
0.07909576 0.4360617 1.922886 Tracked 64191819
0.08316331 0.4725821 1.934569 Tracked 64191853
0.08622808 0.5031168 1.947711 Tracked 64191886
0.09116488 0.5313272 1.960761 Tracked 64191919
0.09303184 0.5521874 1.973297 Tracked 64191954
0.09416549 0.5591398 1.978164 Tracked 64191987
0.09489112 0.5677125 1.984486 Tracked 64192019
0.0958646 0.5734324 1.989708 Tracked 64192054
0.09343903 0.5816528 1.996789 Tracked 64192086
0.09167449 0.5830779 1.998051 Tracked 64192118
0.09044717 0.5846574 1.999831 Tracked 64192153
0.08878507 0.5857427 2.001117 Tracked 64192186
0.08751234 0.5861552 2.001657 Tracked 64192219
0.08634777 0.5866392 2.002549 Tracked 64192253
0.08557066 0.5868986 2.003233 Tracked 64192286
0.08501203 0.5870468 2.003585 Tracked 64192318
0.08459341 0.5871313 2.003749 Tracked 64192353
0.08439147 0.5872003 2.003755 Tracked 64192386
0.08449063 0.587274 2.003758 Tracked 64192418
0.08477803 0.5874335 2.003643 Tracked 64192453
0.0857475 0.5879371 2.003145 Tracked 64192487
0.08701425 0.5883668 2.001995 Tracked 64192519
0.08837867 0.5884616 1.999723 Tracked 64192553
0.09153422 0.5867706 1.995618 Tracked 64192586
0.0941205 0.5809564 1.98861 Tracked 64192619
0.09691484 0.5351003 1.941807 Tracked 64192653
0.09137936 0.5091625 1.928521 Tracked 64192686
0.08443999 0.4562018 1.907114 Tracked 64192719
0.07655752 0.4041233 1.898627 Tracked 64192753
0.07274871 0.3507505 1.89109 Tracked 64192786
0.07100266 0.2965664 1.889387 Tracked 64192821
0.06905959 0.2482261 1.890526 Tracked 64192853
0.06993147 0.1984681 1.90042 Tracked 64192886
0.06685214 0.1465098 1.914294 Tracked 64192919
0.0695714 0.1184575 1.924024 Tracked 64192953
0.06887979 0.1108053 1.918099 Tracked 64192986
0.06732595 0.09324542 1.912352 Tracked 64193019
0.06705466 0.08464677 1.909953 Tracked 64193053
0.06694415 0.07846723 1.908783 Tracked 64193086
0.0666002 0.07437366 1.908167 Tracked 64193119
0.06639715 0.07223268 1.908049 Tracked 64193152
0.06629769 0.07199991 1.90816 Tracked 64193186
0.06577159 0.07252677 1.908454 Tracked 64193218
0.06410275 0.07722376 1.910721 Tracked 64193253
0.06548376 0.09758238 1.912409 Tracked 64193286
0.06587576 0.1305537 1.916301 Tracked 64193318
0.05734662 0.1653482 1.909645 Tracked 64193353
0.05639634 0.1919108 1.907984 Tracked 64193386
0.05611932 0.2611369 1.901277 Tracked 64193419
0.05968185 0.3028017 1.902871 Tracked 64193453
0.06419308 0.3556661 1.911611 Tracked 64193487
0.06711223 0.3999332 1.917777 Tracked 64193519
0.07707827 0.451557 1.929654 Tracked 64193553
0.07670387 0.4812606 1.943623 Tracked 64193586
0.08259875 0.5201918 1.959004 Tracked 64193619
0.0830001 0.5256531 1.961699 Tracked 64193653
0.09158397 0.5723059 1.988537 Tracked 64193686
0.09174486 0.5739618 1.989952 Tracked 64193718
0.09276883 0.5785128 1.993628 Tracked 64193753
0.09368504 0.5817797 1.997208 Tracked 64193786
0.09202398 0.5822898 1.997774 Tracked 64193818
0.09099216 0.5825399 1.998135 Tracked 64193853
0.08962324 0.5828683 1.998569 Tracked 64193886
0.08860315 0.5831254 1.99939 Tracked 64193919
0.0877056 0.5838067 2.000855 Tracked 64193953
0.08677746 0.5844118 2.001722 Tracked 64193986
0.08611775 0.5846009 2.002077 Tracked 64194019
0.08572912 0.5848789 2.002609 Tracked 64194053
0.08541995 0.5849448 2.002691 Tracked 64194086
0.08521544 0.5849777 2.002688 Tracked 64194119
0.08502022 0.5849779 2.002508 Tracked 64194152
0.08505677 0.5850366 2.002216 Tracked 64194185
0.08547483 0.5849718 2.001621 Tracked 64194219
0.08824838 0.5853334 2.00081 Tracked 64194253
0.08963002 0.5851769 1.999567 Tracked 64194287
0.09129502 0.582159 1.995254 Tracked 64194319
0.09246773 0.5750667 1.987157 Tracked 64194353
0.08788206 0.5315548 1.9487 Tracked 64194386
0.08633915 0.5000941 1.932567 Tracked 64194419
0.08073158 0.4523979 1.914976 Tracked 64194453
0.07454442 0.4010841 1.904522 Tracked 64194486
0.06991854 0.3462035 1.897968 Tracked 64194519
0.06886449 0.2915285 1.894307 Tracked 64194553
0.06780365 0.2381917 1.895489 Tracked 64194586
0.0732172 0.1888528 1.905327 Tracked 64194619
0.0708123 0.1709408 1.902507 Tracked 64194653
0.06778639 0.1556734 1.895805 Tracked 64194685
0.07074153 0.09296203 1.920253 Tracked 64194719
0.0700533 0.0902194 1.918211 Tracked 64194752
0.0688686 0.08483625 1.914763 Tracked 64194786
0.06817179 0.08008819 1.910904 Tracked 64194818
0.06760415 0.07851477 1.909377 Tracked 64194854
0.06755333 0.07804748 1.909088 Tracked 64194886
0.06749742 0.07819542 1.909172 Tracked 64194919
0.06739518 0.08089295 1.911293 Tracked 64194952
0.06858435 0.08200409 1.928753 Tracked 64194986
0.06855028 0.1061513 1.92893 Tracked 64195019
0.06604209 0.1608363 1.907436 Tracked 64195052
0.06835143 0.1748324 1.908429 Tracked 64195085
0.06729361 0.2307568 1.904309 Tracked 64195119
0.06804299 0.2829684 1.901186 Tracked 64195153
0.06963462 0.3224776 1.905317 Tracked 64195187
0.07297439 0.3739702 1.911515 Tracked 64195219
0.07746768 0.4270445 1.922955 Tracked 64195253
0.08024352 0.4648615 1.932129 Tracked 64195286
0.08234487 0.4954973 1.942374 Tracked 64195319
0.0859607 0.5280256 1.9558 Tracked 64195352
0.08616571 0.5283775 1.956187 Tracked 64195386
0.09452768 0.5808222 1.986522 Tracked 64195420
0.09193442 0.5838295 1.987909 Tracked 64195453
0.0911921 0.5850652 1.988608 Tracked 64195487
0.08989549 0.585603 1.988743 Tracked 64195520
0.08808137 0.5857357 1.988874 Tracked 64195553
0.08652454 0.5860149 1.989324 Tracked 64195585
0.08531887 0.5868138 1.991123 Tracked 64195619
0.08441277 0.5872291 1.992666 Tracked 64195652
0.08372167 0.5874521 1.994096 Tracked 64195685
0.08314353 0.5876554 1.995225 Tracked 64195719
0.0830396 0.5878171 1.995953 Tracked 64195753
0.08251484 0.5880219 1.996473 Tracked 64195785
0.08223088 0.5881692 1.996664 Tracked 64195819
0.08209295 0.5882599 1.996506 Tracked 64195854
0.08212142 0.5882394 1.996075 Tracked 64195886
0.08249281 0.5882761 1.995453 Tracked 64195919
0.08628028 0.5894532 1.995532 Tracked 64195952
0.08949001 0.5886734 1.993888 Tracked 64195986
0.09291788 0.5848129 1.990047 Tracked 64196019
0.09563901 0.5740011 1.981859 Tracked 64196053
0.1013682 0.5215729 1.943862 Tracked 64196086
0.09815902 0.4907683 1.932236 Tracked 64196119
0.09698058 0.4378554 1.916025 Tracked 64196154
0.09612516 0.3847516 1.910456 Tracked 64196186
0.0945725 0.3305959 1.908771 Tracked 64196219
0.09211706 0.2810414 1.908027 Tracked 64196253
0.0947083 0.2215509 1.917011 Tracked 64196286
0.09769665 0.183309 1.9205 Tracked 64196318
0.09199236 0.1254384 1.938742 Tracked 64196353
0.0899346 0.09264037 1.952651 Tracked 64196386
0.09060825 0.08764341 1.940604 Tracked 64196419
0.08654444 0.07676177 1.933652 Tracked 64196453
0.08500696 0.0687261 1.92821 Tracked 64196485
0.08084351 0.05613321 1.930666 Inferred 64196519
0.07699253 0.03546327 1.946371 Inferred 64196553
0.07411178 0.03797015 1.94268 Inferred 64196586
0.0712075 0.04422502 1.938882 Inferred 64196619
0.07136063 0.052857 1.933659 Tracked 64196653
0.0698737 0.06472415 1.934276 Tracked 64196686
0.07120442 0.08829445 1.946742 Tracked 64196719
0.06911334 0.1240193 1.941692 Tracked 64196752
0.06160125 0.1707752 1.923135 Tracked 64196786
0.06045173 0.1972098 1.922312 Tracked 64196819
0.05720967 0.2653675 1.911048 Tracked 64196852
0.05914841 0.314946 1.908923 Tracked 64196885
0.06515933 0.3609915 1.914268 Tracked 64196919
0.06982079 0.416039 1.920103 Tracked 64196953
0.07738694 0.4660776 1.931538 Tracked 64196986
0.07604823 0.4955296 1.941281 Tracked 64197019
0.08377402 0.5314443 1.95463 Tracked 64197053
0.0856712 0.5396417 1.958299 Tracked 64197086
0.09315312 0.5853549 1.982589 Tracked 64197119
0.09338445 0.5868356 1.983488 Tracked 64197152
0.09220316 0.5875346 1.983416 Tracked 64197186
0.09092929 0.5875481 1.983046 Tracked 64197219
0.08974715 0.5876726 1.9829 Tracked 64197254
0.08826263 0.5878755 1.982845 Tracked 64197286
0.08655149 0.5885403 1.98326 Tracked 64197319
0.08500002 0.5887256 1.983397 Tracked 64197353
0.08405718 0.5889155 1.983622 Tracked 64197386
0.08337525 0.5891471 1.983789 Tracked 64197419
0.08287062 0.5890416 1.983667 Tracked 64197453
0.08236476 0.5888675 1.98311 Tracked 64197486
0.08240785 0.5889084 1.982975 Tracked 64197519
0.08288471 0.5889404 1.982197 Tracked 64197553
0.08699509 0.5902967 1.982151 Tracked 64197587
0.08925738 0.5911386 1.981588 Tracked 64197619
0.09150019 0.589089 1.978422 Tracked 64197653
0.1002281 0.5636687 1.946779 Tracked 64197686
0.09839578 0.5372422 1.927917 Tracked 64197719
0.0923346 0.4910294 1.90691 Tracked 64197753
0.08904472 0.4392622 1.891588 Tracked 64197786
0.0821678 0.3783861 1.883143 Tracked 64197819
0.07829405 0.3189525 1.878555 Tracked 64197853
0.07861809 0.2614743 1.878797 Tracked 64197887
0.08169193 0.208845 1.887768 Tracked 64197919
0.08291493 0.1751459 1.890239 Tracked 64197953
0.0814753 0.1126091 1.919252 Tracked 64197986
0.08137944 0.08905172 1.927458 Tracked 64198019
0.07899391 0.08485566 1.919226 Tracked 64198053
0.07792547 0.07631448 1.910004 Tracked 64198085
0.07752377 0.07050029 1.905797 Tracked 64198118
0.07675996 0.06327641 1.902246 Tracked 64198152
0.07591788 0.06085692 1.900708 Tracked 64198185
0.07559209 0.06084812 1.900792 Tracked 64198218
0.07254575 0.06516756 1.904214 Tracked 64198252
0.06950619 0.07212125 1.912793 Tracked 64198285
0.07005972 0.09832147 1.927515 Tracked 64198319
0.06568041 0.142261 1.927058 Tracked 64198353
0.05520672 0.1910736 1.913247 Tracked 64198387
0.05146981 0.24354 1.910157 Tracked 64198419
0.05027179 0.3040156 1.908947 Tracked 64198453
0.05280176 0.356404 1.915546 Tracked 64198486
0.05504689 0.4080057 1.923097 Tracked 64198519
0.06167339 0.4652939 1.937428 Tracked 64198553
0.06218183 0.4993298 1.947841 Tracked 64198586
0.06465439 0.5355685 1.963236 Tracked 64198620
0.06505492 0.5418328 1.966342 Tracked 64198653
0.06709167 0.5543489 1.972985 Tracked 64198687
0.07734574 0.60123 2.001094 Tracked 64198719
0.07264829 0.592389 1.994486 Tracked 64198753
0.06951447 0.588727 1.991699 Tracked 64198786
0.0668147 0.5869156 1.990349 Tracked 64198819
0.06498265 0.5857334 1.989652 Tracked 64198853
0.06396347 0.5849997 1.989475 Tracked 64198886
0.06357951 0.5846553 1.989478 Tracked 64198922
0.06255176 0.5840287 1.989408 Tracked 64198953
0.06215496 0.5836689 1.989265 Tracked 64198986
0.06183769 0.5832832 1.989143 Tracked 64199019
0.06153886 0.582882 1.988672 Tracked 64199053
0.06129929 0.5826513 1.987887 Tracked 64199086
0.06169383 0.582364 1.987009 Tracked 64199119
0.06220832 0.5824423 1.985976 Tracked 64199153
0.06543461 0.5828056 1.985119 Tracked 64199185
0.06815688 0.580652 1.981601 Tracked 64199219
0.07282619 0.5656478 1.954783 Tracked 64199252
0.07219946 0.5600657 1.954686 Tracked 64199286
0.07162516 0.4949788 1.916694 Tracked 64199319
0.06851976 0.4514647 1.905011 Tracked 64199353
0.06376097 0.3998867 1.895759 Tracked 64199385
0.06007275 0.3382152 1.891193 Tracked 64199419
0.06045889 0.2835227 1.889481 Tracked 64199453
0.06328809 0.2281636 1.892615 Tracked 64199486
0.06530067 0.1798933 1.89655 Tracked 64199519
0.07230515 0.1136044 1.925125 Tracked 64199552
0.07433923 0.08495762 1.931066 Tracked 64199585
0.07391147 0.0758753 1.917815 Tracked 64199619
0.07591426 0.06688581 1.908026 Tracked 64199652
0.0733212 0.0597085 1.903825 Inferred 64199685
0.2637203 0.06662089 1.87099 Inferred 64199718
0.2638599 0.06659375 1.871107 Inferred 64199752
0.2649048 0.06820847 1.870889 Inferred 64199786
0.2663717 0.1070868 1.854035 Inferred 64199819
0.2677862 0.1396107 1.846313 Inferred 64199852
0.268445 0.1526432 1.857798 Inferred 64199886
0.2610305 0.2266528 1.848177 Inferred 64199919
0.0872476 0.1891829 1.915179 Tracked 64199953
0.08699406 0.2429055 1.911108 Tracked 64199986
0.08435145 0.3090376 1.906945 Tracked 64200019
0.08709484 0.3553227 1.914211 Tracked 64200053
0.08870019 0.4117596 1.92305 Tracked 64200086
0.09268463 0.4622944 1.935466 Tracked 64200119
0.09190059 0.4902713 1.944979 Tracked 64200152
0.09419147 0.528221 1.960655 Tracked 64200186
0.09432039 0.5336092 1.963627 Tracked 64200219
0.09568707 0.5712138 1.986936 Tracked 64200253
0.09527504 0.5687782 1.98534 Tracked 64200286
0.09513485 0.5727685 1.988428 Tracked 64200319
0.09339209 0.5737467 1.988791 Tracked 64200353
0.09114562 0.5743753 1.989105 Tracked 64200385
0.08942699 0.574712 1.989504 Tracked 64200419
0.08821023 0.5749062 1.990022 Tracked 64200452
0.08705719 0.5748665 1.990606 Tracked 64200486
0.08582009 0.5750414 1.991379 Tracked 64200519
0.08507253 0.5751821 1.99167 Tracked 64200552
0.08460366 0.575278 1.991772 Tracked 64200586
0.08435454 0.5754453 1.991691 Tracked 64200619
0.08424342 0.5757795 1.99161 Tracked 64200654
0.08592799 0.5777439 1.992179 Tracked 64200687
0.0860626 0.5802687 1.992195 Tracked 64200719
0.08671086 0.5806242 1.99133 Tracked 64200753
0.08675463 0.5770956 1.986428 Tracked 64200786
0.08419277 0.5306088 1.941888 Tracked 64200819
0.08177112 0.5029812 1.928342 Tracked 64200853
0.0806154 0.4501915 1.90817 Tracked 64200886
0.0767509 0.3973726 1.896745 Tracked 64200919
0.07664558 0.3367133 1.890214 Tracked 64200956
0.07678448 0.2807688 1.887529 Tracked 64200986
0.07986289 0.2213809 1.893604 Tracked 64201019
0.0837506 0.1766968 1.900149 Tracked 64201053
0.08441292 0.1578498 1.896262 Tracked 64201086
0.08928579 0.07730155 1.948601 Tracked 64201119
0.0852674 0.07635091 1.929855 Tracked 64201153
0.08589455 0.07010931 1.924407 Tracked 64201186
0.08580416 0.01987457 1.949621 Inferred 64201218
0.08957791 0.03286173 1.934885 Inferred 64201253
0.0877811 0.03529755 1.93092 Inferred 64201285
0.08583502 0.05081551 1.923619 Tracked 64201318
0.08101546 0.06735186 1.922256 Tracked 64201353
0.07996933 0.0744082 1.942859 Tracked 64201385
0.09088299 0.09319878 1.976828 Tracked 64201419
0.0950096 0.1064305 1.980999 Tracked 64201452
0.07456633 0.2235735 1.91412 Tracked 64201486
0.07237152 0.2849668 1.90413 Tracked 64201518
0.07229514 0.3363732 1.908793 Tracked 64201553
0.07621603 0.3847874 1.917178 Tracked 64201586
0.08015512 0.4405396 1.929744 Tracked 64201618
0.08092766 0.4808468 1.941015 Tracked 64201652
0.0830894 0.5130744 1.953067 Tracked 64201686
0.08321417 0.5210134 1.957206 Tracked 64201719
0.09071778 0.5663596 1.981757 Tracked 64201752
0.09202075 0.5755809 1.989333 Tracked 64201786
0.09201989 0.5764639 1.990009 Tracked 64201818
0.08996812 0.5772073 1.99031 Tracked 64201852
0.08773521 0.5773323 1.99035 Tracked 64201886
0.08612663 0.5775052 1.990728 Tracked 64201918
0.0851801 0.5777789 1.991449 Tracked 64201953
0.08407038 0.5779797 1.992166 Tracked 64201985
0.08300214 0.5781866 1.992922 Tracked 64202018
0.08205003 0.5783467 1.993507 Tracked 64202052
0.08158225 0.5785378 1.993947 Tracked 64202085
0.08135442 0.578634 1.994135 Tracked 64202118
0.08114482 0.5786924 1.994153 Tracked 64202152
0.0810869 0.5787365 1.994039 Tracked 64202186
0.08113558 0.5787424 1.99371 Tracked 64202219
0.08118429 0.5788375 1.993061 Tracked 64202253
0.08169974 0.5790983 1.992089 Tracked 64202286
0.08242947 0.5792323 1.990668 Tracked 64202319
0.08497733 0.5800136 1.989818 Tracked 64202353
0.08674541 0.580224 1.988985 Tracked 64202386
