-0.07865797 0.08626436 2.122492 Tracked 64186820
-0.07855447 0.08627575 2.122751 Tracked 64186853
-0.07842579 0.08656399 2.123345 Tracked 64186886
-0.07826743 0.08689126 2.124491 Tracked 64186919
-0.07789589 0.08712568 2.126174 Tracked 64186953
-0.07780868 0.08747317 2.128256 Tracked 64186986
-0.07683402 0.08853458 2.132184 Tracked 64187019
-0.07696186 0.08937928 2.137492 Tracked 64187054
-0.07659045 0.08945504 2.143712 Tracked 64187086
-0.07628787 0.09065676 2.154731 Tracked 64187120
-0.07611688 0.09255912 2.169137 Tracked 64187154
-0.07584693 0.09285045 2.180709 Tracked 64187186
-0.0761677 0.09148065 2.196967 Tracked 64187219
-0.07564475 0.08485649 2.216595 Tracked 64187253
-0.07573283 0.07451633 2.234904 Tracked 64187286
-0.07438464 0.064693 2.25401 Tracked 64187319
-0.07000943 0.05303483 2.300017 Tracked 64187353
-0.06829146 0.04403206 2.302388 Tracked 64187386
-0.06623049 0.03423548 2.324668 Tracked 64187419
-0.06647997 0.02539342 2.341083 Tracked 64187452
-0.0710853 0.008972804 2.35323 Tracked 64187486
-0.07342562 0.006661779 2.369437 Tracked 64187519
-0.07520533 0.01000543 2.386152 Tracked 64187553
-0.08775118 -0.09188008 2.380093 Tracked 64187586
-0.09439175 -0.1397802 2.387983 Tracked 64187619
-0.09330621 -0.1452499 2.393993 Tracked 64187652
-0.09721774 -0.1633105 2.399085 Tracked 64187686
-0.09606137 -0.1825149 2.400352 Tracked 64187719
-0.08210501 -0.2252954 2.385207 Tracked 64187753
-0.09280313 -0.2144288 2.384819 Tracked 64187786
-0.1001354 -0.2153566 2.38125 Tracked 64187819
-0.1007674 -0.2156926 2.379534 Tracked 64187853
-0.1101133 -0.1742741 2.393399 Tracked 64187888
-0.1268313 -0.1291659 2.39321 Tracked 64187923
-0.1353922 -0.08274266 2.398814 Tracked 64187955
-0.1340294 -0.07242419 2.397489 Tracked 64187986
-0.117227 -0.0443924 2.386091 Tracked 64188019
-0.1188682 -0.04337484 2.375935 Tracked 64188053
-0.1112838 -0.0210753 2.367307 Tracked 64188086
-0.1089558 -0.009845529 2.334608 Tracked 64188119
-0.09099036 0.05329167 2.325228 Tracked 64188153
-0.09161253 0.06221509 2.318857 Tracked 64188186
-0.09401283 0.06520295 2.257338 Tracked 64188219
-0.09494856 0.0706922 2.248853 Tracked 64188254
-0.09513556 0.07953073 2.229812 Tracked 64188287
-0.09344002 0.08539817 2.212435 Tracked 64188319
-0.09194414 0.09255765 2.191439 Tracked 64188353
-0.09014761 0.09407113 2.17699 Tracked 64188386
-0.08932845 0.09322576 2.166943 Tracked 64188420
-0.08797947 0.0907217 2.15543 Tracked 64188453
-0.08545327 0.0884016 2.144452 Tracked 64188486
-0.08317842 0.08560193 2.135226 Tracked 64188519
-0.08164666 0.0821342 2.127915 Tracked 64188553
-0.0804202 0.07956469 2.121339 Tracked 64188586
-0.07899999 0.07767469 2.116472 Tracked 64188619
-0.07849166 0.07688755 2.111896 Tracked 64188653
-0.07786791 0.0758959 2.109293 Tracked 64188686
-0.07745991 0.07506309 2.107027 Tracked 64188719
-0.07729468 0.0746254 2.105918 Tracked 64188754
-0.07700203 0.07431435 2.105417 Tracked 64188786
-0.0769904 0.07430826 2.105389 Tracked 64188819
-0.07691632 0.07457197 2.105765 Tracked 64188853
-0.0768256 0.07574454 2.109146 Tracked 64188886
-0.07726721 0.07925382 2.117177 Tracked 64188918
-0.07727738 0.08297295 2.126679 Tracked 64188953
-0.07696784 0.08834659 2.140565 Tracked 64188986
-0.07663154 0.09264647 2.154944 Tracked 64189019
-0.07825463 0.0963368 2.174548 Tracked 64189052
-0.07735565 0.09656875 2.190941 Tracked 64189086
-0.07866316 0.09064342 2.215077 Tracked 64189119
-0.07944603 0.07908578 2.237633 Tracked 64189154
-0.07859521 0.06722451 2.254149 Tracked 64189186
-0.07614656 0.05335475 2.292188 Tracked 64189219
-0.07617708 0.05002569 2.307484 Tracked 64189252
-0.07805108 0.03240768 2.327759 Tracked 64189287
-0.08045997 0.01743059 2.340581 Tracked 64189320
-0.08697762 0.006709742 2.357151 Tracked 64189353
-0.09079815 0.000795798 2.372324 Tracked 64189386
-0.09683052 0.004849291 2.392842 Tracked 64189419
-0.1039257 0.00117413 2.40406 Tracked 64189453
-0.1109718 -0.1166731 2.400661 Tracked 64189486
-0.104418 -0.1732943 2.407818 Tracked 64189519
-0.1106811 -0.1776534 2.412612 Tracked 64189553
-0.1083422 -0.2025966 2.4164 Tracked 64189586
-0.1165786 -0.2292388 2.404683 Tracked 64189619
-0.1027686 -0.224735 2.407013 Tracked 64189653
-0.1030667 -0.22459 2.406164 Tracked 64189686
-0.1046428 -0.2267324 2.403267 Tracked 64189719
-0.1034444 -0.2229265 2.404446 Tracked 64189753
-0.1262875 -0.1720116 2.419466 Tracked 64189786
-0.1255033 -0.09914503 2.435681 Tracked 64189819
-0.1286273 -0.09405532 2.434977 Tracked 64189853
-0.1385214 -0.09722754 2.423381 Tracked 64189886
-0.1224483 -0.002400832 2.420577 Tracked 64189919
-0.1048036 -0.006688328 2.405855 Tracked 64189953
-0.09715688 -0.008475537 2.387148 Tracked 64189987
-0.09300987 0.0143679 2.378691 Tracked 64190019
-0.08785193 0.03260063 2.368141 Tracked 64190053
-0.08512034 0.04149485 2.347636 Tracked 64190086
-0.08263211 0.05862154 2.329667 Tracked 64190118
-0.08256292 0.05913364 2.267842 Tracked 64190152
-0.08294948 0.06467678 2.261128 Tracked 64190186
-0.08285566 0.07646365 2.239246 Tracked 64190219
-0.0821251 0.08204758 2.222975 Tracked 64190253
-0.08105486 0.09201445 2.200406 Tracked 64190286
-0.07920088 0.09610923 2.18295 Tracked 64190318
-0.07848629 0.09507671 2.169731 Tracked 64190353
-0.07692789 0.0914162 2.157602 Tracked 64190386
-0.07629815 0.08942767 2.14667 Tracked 64190418
-0.07515766 0.08644322 2.136426 Tracked 64190452
-0.0747621 0.08366352 2.129755 Tracked 64190486
-0.07365184 0.08229103 2.125155 Tracked 64190519
-0.07307477 0.08081049 2.12044 Tracked 64190554
-0.07238652 0.08042399 2.11693 Tracked 64190586
-0.07185305 0.08039809 2.115473 Tracked 64190619
-0.0714768 0.08058098 2.115113 Tracked 64190653
-0.0712967 0.08050134 2.115151 Tracked 64190686
-0.07072814 0.08125895 2.116048 Tracked 64190718
-0.07000227 0.08248015 2.120987 Tracked 64190753
-0.06968949 0.08591545 2.129906 Tracked 64190787
-0.06943484 0.09051418 2.142526 Tracked 64190820
-0.06832516 0.09500501 2.159679 Tracked 64190854
-0.0678253 0.09702767 2.179238 Tracked 64190886
-0.0672784 0.09315481 2.19944 Tracked 64190919
-0.06709372 0.08494927 2.222261 Tracked 64190953
-0.06627619 0.08444391 2.279089 Tracked 64190987
-0.06468516 0.06937654 2.281504 Tracked 64191019
-0.0617183 0.03473022 2.291886 Tracked 64191053
-0.06333585 0.01523474 2.309939 Tracked 64191087
-0.06905188 -0.009780708 2.336092 Tracked 64191119
-0.06921368 -0.007838097 2.360095 Tracked 64191153
-0.07700773 -0.01559909 2.381973 Tracked 64191186
-0.1200144 -0.04481713 2.405451 Tracked 64191219
-0.1333431 -0.09247578 2.425056 Tracked 64191253
-0.1092631 -0.1775168 2.413278 Tracked 64191286
-0.09839372 -0.2261235 2.383236 Tracked 64191318
-0.06889103 -0.1526705 2.426201 Tracked 64191353
-0.06674708 -0.1500556 2.426913 Tracked 64191386
-0.06528794 -0.1543691 2.426343 Tracked 64191419
-0.06456865 -0.160976 2.425 Tracked 64191453
-0.06385255 -0.1622605 2.42486 Tracked 64191486
-0.06999864 -0.170762 2.420216 Tracked 64191518
-0.08164016 -0.1904091 2.421327 Tracked 64191552
-0.07372872 -0.1810109 2.406152 Tracked 64191586
-0.05538036 -0.172328 2.385201 Tracked 64191620
-0.04199783 -0.08519791 2.382476 Tracked 64191653
-0.06440049 0.0004541289 2.394043 Tracked 64191686
-0.06410627 0.005427495 2.386137 Tracked 64191718
-0.06205067 0.02809732 2.368106 Tracked 64191753
-0.06274526 0.04203214 2.346665 Tracked 64191786
-0.06588697 0.05913009 2.323618 Tracked 64191819
-0.06942085 0.07553397 2.308925 Tracked 64191853
-0.07324988 0.07336146 2.248189 Tracked 64191886
-0.07399321 0.07821819 2.238169 Tracked 64191919
-0.07318559 0.08640666 2.2149 Tracked 64191954
-0.07203228 0.09017346 2.196023 Tracked 64191987
-0.0710951 0.09000999 2.175133 Tracked 64192019
-0.07016589 0.08856674 2.162091 Tracked 64192054
-0.06867848 0.0852928 2.147621 Tracked 64192086
-0.06787047 0.08244682 2.136876 Tracked 64192118
-0.06650504 0.07888475 2.127105 Tracked 64192153
-0.06642163 0.0762501 2.12078 Tracked 64192186
-0.06625561 0.07351031 2.115289 Tracked 64192219
-0.06615777 0.07167462 2.112242 Tracked 64192253
-0.06614125 0.07053515 2.109158 Tracked 64192286
-0.06579239 0.0699238 2.107499 Tracked 64192318
-0.06569471 0.06991819 2.106751 Tracked 64192353
-0.06567195 0.06996863 2.106724 Tracked 64192386
-0.06556765 0.07065799 2.107127 Tracked 64192418
-0.06523281 0.07231741 2.110366 Tracked 64192453
-0.06524409 0.07680313 2.119058 Tracked 64192487
-0.06536385 0.08320214 2.133964 Tracked 64192519
-0.06532051 0.08887958 2.149409 Tracked 64192553
-0.0649671 0.09393364 2.166305 Tracked 64192586
-0.06581093 0.09581736 2.192534 Tracked 64192619
-0.06620542 0.0926971 2.209626 Tracked 64192653
-0.06671692 0.07809725 2.241927 Tracked 64192686
-0.06147047 0.07665357 2.286518 Tracked 64192719
-0.05851392 0.04653067 2.291437 Tracked 64192753
-0.05914624 0.02219175 2.304916 Tracked 64192786
-0.06127728 -0.01467478 2.326248 Tracked 64192821
-0.06646629 -0.02681552 2.343546 Tracked 64192853
-0.07140834 -0.01521466 2.389754 Tracked 64192886
-0.07675923 -0.01106518 2.404272 Tracked 64192919
-0.07252771 -0.03096909 2.414874 Tracked 64192953
-0.06627755 -0.05915702 2.425942 Tracked 64192986
-0.07424879 0.00661649 2.430425 Tracked 64193019
-0.08186568 0.002300647 2.429009 Tracked 64193053
-0.1709424 -0.02802449 2.432973 Tracked 64193086
-0.171921 -0.02888111 2.431211 Tracked 64193119
-0.1742804 -0.02690685 2.428995 Tracked 64193152
-0.173209 -0.02658541 2.428703 Tracked 64193186
-0.08886514 -0.08922564 2.428106 Tracked 64193218
-0.07560152 -0.2437822 2.383419 Tracked 64193253
-0.08096134 -0.1641429 2.397741 Tracked 64193286
-0.08433224 -0.1590877 2.390216 Tracked 64193318
-0.0516218 -0.02103765 2.408085 Tracked 64193353
-0.08270558 -0.0787085 2.373029 Tracked 64193386
-0.07592604 -0.004758778 2.375591 Tracked 64193419
-0.0749593 0.003618305 2.37042 Tracked 64193453
-0.07398567 0.03805268 2.359289 Tracked 64193487
-0.07076645 0.04598647 2.338189 Tracked 64193519
-0.07093678 0.06602415 2.31975 Tracked 64193553
-0.07366116 0.06478088 2.265442 Tracked 64193586
-0.07474591 0.07096 2.255306 Tracked 64193619
-0.07459062 0.07904735 2.235378 Tracked 64193653
-0.07264425 0.09093456 2.210033 Tracked 64193686
-0.07143438 0.09336867 2.195581 Tracked 64193718
-0.07039337 0.09229477 2.178278 Tracked 64193753
-0.06844211 0.09042653 2.166191 Tracked 64193786
-0.06720509 0.08546188 2.156082 Tracked 64193818
-0.06518511 0.08144357 2.14348 Tracked 64193853
-0.06316993 0.0785593 2.133937 Tracked 64193886
-0.06179781 0.07700526 2.127688 Tracked 64193919
-0.05998352 0.07513331 2.122763 Tracked 64193953
-0.05803191 0.07371658 2.118527 Tracked 64193986
-0.05672444 0.07234325 2.115873 Tracked 64194019
-0.05631394 0.07191058 2.115021 Tracked 64194053
-0.05610553 0.07182238 2.114491 Tracked 64194086
-0.05610243 0.07193421 2.114816 Tracked 64194119
-0.05604746 0.07224102 2.115952 Tracked 64194152
-0.05647806 0.07513078 2.121147 Tracked 64194185
-0.05782885 0.07939179 2.132841 Tracked 64194219
-0.05881197 0.08430149 2.146061 Tracked 64194253
-0.06020687 0.09043855 2.160491 Tracked 64194287
-0.06302725 0.09457199 2.177225 Tracked 64194319
-0.06510545 0.09424835 2.19919 Tracked 64194353
-0.06813493 0.09026275 2.224545 Tracked 64194386
-0.06960937 0.07883716 2.245118 Tracked 64194419
-0.06815713 0.06514657 2.285386 Tracked 64194453
-0.06642027 0.04267351 2.294173 Tracked 64194486
-0.06680845 0.01161531 2.313197 Tracked 64194519
-0.07127031 -0.01852389 2.328705 Tracked 64194553
-0.07548212 -0.02224934 2.360323 Tracked 64194586
-0.08585671 -0.02454183 2.387459 Tracked 64194619
-0.04648218 -0.02727384 2.404442 Tracked 64194653
-0.06623331 -0.07897814 2.402831 Tracked 64194685
-0.08109215 0.0005612382 2.438981 Tracked 64194719
-0.08148412 -0.1127965 2.419088 Tracked 64194752
-0.05513242 -0.2225938 2.39186 Tracked 64194786
-0.07983772 -0.1396444 2.412723 Tracked 64194818
-0.07969385 -0.1397599 2.412718 Tracked 64194854
-0.07978995 -0.1400375 2.412878 Tracked 64194886
-0.08209729 -0.1378781 2.417566 Tracked 64194919
-0.05047075 -0.2528076 2.366372 Tracked 64194952
-0.101617 -0.2094274 2.390385 Tracked 64194986
-0.05137642 -0.05657269 2.425889 Tracked 64195019
-0.06339438 -0.1552196 2.359009 Tracked 64195052
-0.05366844 -0.02945514 2.397641 Tracked 64195085
-0.07533123 -0.06704064 2.364076 Tracked 64195119
-0.07250617 0.001876936 2.368185 Tracked 64195153
-0.07070442 0.01306435 2.36295 Tracked 64195187
-0.06865285 0.03109843 2.343547 Tracked 64195219
-0.06791174 0.05030347 2.324927 Tracked 64195253
-0.07054691 0.07195424 2.304329 Tracked 64195286
-0.07273219 0.06710213 2.240994 Tracked 64195319
-0.07404625 0.07448338 2.230363 Tracked 64195352
-0.07586997 0.08103809 2.208553 Tracked 64195386
-0.07367975 0.0924147 2.181319 Tracked 64195420
-0.07381617 0.09361155 2.162954 Tracked 64195453
-0.07254549 0.09028784 2.14753 Tracked 64195487
-0.07213937 0.08647438 2.130831 Tracked 64195520
-0.07022728 0.08370454 2.118716 Tracked 64195553
-0.06830466 0.08072729 2.107497 Tracked 64195585
-0.06766744 0.07930716 2.101404 Tracked 64195619
-0.06658673 0.07655754 2.096175 Tracked 64195652
-0.06562719 0.07419063 2.09236 Tracked 64195685
-0.06513762 0.07300247 2.090165 Tracked 64195719
-0.06472024 0.07232019 2.088829 Tracked 64195753
-0.06454114 0.07218627 2.088664 Tracked 64195785
-0.06453647 0.07230593 2.088914 Tracked 64195819
-0.06487284 0.07371737 2.091098 Tracked 64195854
-0.06587102 0.07730447 2.100048 Tracked 64195886
-0.06674618 0.08222315 2.113325 Tracked 64195919
-0.0679985 0.08755288 2.130322 Tracked 64195952
-0.06929879 0.09233585 2.148609 Tracked 64195986
-0.07171167 0.09618776 2.170172 Tracked 64196019
-0.07276339 0.09715943 2.195509 Tracked 64196053
-0.07340881 0.0904923 2.219006 Tracked 64196086
-0.07525167 0.09521196 2.285504 Tracked 64196119
-0.07361384 0.08029103 2.288259 Tracked 64196154
-0.07005504 0.03254344 2.300172 Tracked 64196186
-0.07498463 0.02348049 2.321812 Tracked 64196219
-0.07671122 -0.01915493 2.339522 Tracked 64196253
-0.09073348 0.01802584 2.385787 Tracked 64196286
-0.09383859 0.01120255 2.394198 Tracked 64196318
-0.07983647 0.06878915 2.423993 Tracked 64196353
-0.1109794 -0.01311621 2.428124 Tracked 64196386
-0.08750702 0.006429462 2.432367 Tracked 64196419
-0.08701321 0.0002903338 2.430664 Tracked 64196453
-0.1130316 -0.08829565 2.429044 Tracked 64196485
-0.1126068 -0.1004478 2.429698 Tracked 64196519
-0.1136719 -0.1056132 2.435555 Tracked 64196553
-0.1103471 -0.08810735 2.435448 Tracked 64196586
-0.1065182 -0.08273308 2.44258 Tracked 64196619
-0.1061214 -0.08352515 2.442057 Tracked 64196653
-0.08339446 -0.2137086 2.424788 Tracked 64196686
-0.06303632 -0.1993982 2.404627 Tracked 64196719
-0.08303558 0.03899343 2.434619 Tracked 64196752
-0.06887913 -0.0345097 2.412817 Tracked 64196786
-0.09361122 -0.08425448 2.374657 Tracked 64196819
-0.08403272 0.02646465 2.389336 Tracked 64196852
-0.08403138 0.03386216 2.384295 Tracked 64196885
-0.07927734 0.04134483 2.358431 Tracked 64196919
-0.07414617 0.05860667 2.331535 Tracked 64196953
-0.0731707 0.07534924 2.302423 Tracked 64196986
-0.07389892 0.06692904 2.233641 Tracked 64197019
-0.07435183 0.0748953 2.216707 Tracked 64197053
-0.07337709 0.08459704 2.188537 Tracked 64197086
-0.07191861 0.09361681 2.162664 Tracked 64197119
-0.07063212 0.09253174 2.146083 Tracked 64197152
-0.06957021 0.08742801 2.126251 Tracked 64197186
-0.0675 0.08290214 2.111853 Tracked 64197219
-0.06411948 0.0800001 2.100618 Tracked 64197254
-0.0622227 0.07629864 2.091537 Tracked 64197286
-0.06044333 0.07388289 2.086059 Tracked 64197319
-0.05867755 0.07106975 2.080345 Tracked 64197353
-0.05747444 0.07011072 2.077334 Tracked 64197386
-0.05637114 0.06931929 2.075655 Tracked 64197419
-0.05609509 0.06909399 2.075481 Tracked 64197453
-0.05585554 0.0691592 2.07567 Tracked 64197486
-0.05564297 0.07096942 2.079019 Tracked 64197519
-0.05716969 0.0759397 2.090544 Tracked 64197553
-0.0583094 0.08151736 2.105901 Tracked 64197587
-0.0605797 0.08907347 2.126379 Tracked 64197619
-0.06299234 0.09476421 2.147319 Tracked 64197653
-0.06490372 0.09637181 2.177162 Tracked 64197686
-0.06505552 0.09416652 2.197579 Tracked 64197719
-0.07280803 0.09131715 2.259948 Tracked 64197753
-0.0717437 0.08153246 2.273673 Tracked 64197786
-0.06612548 0.03060703 2.289585 Tracked 64197819
-0.06856592 0.00563121 2.306301 Tracked 64197853
-0.07484164 -0.02713788 2.327688 Tracked 64197887
-0.08024842 -0.03794917 2.353899 Tracked 64197919
-0.09349851 -0.01967944 2.392204 Tracked 64197953
-0.07809822 -0.05348694 2.403722 Tracked 64197986
-0.09256189 -0.0767397 2.41342 Tracked 64198019
-0.1196799 -0.0227052 2.423517 Tracked 64198053
-0.08626639 -0.2115803 2.402924 Tracked 64198085
-0.09228735 -0.212616 2.411188 Tracked 64198118
-0.09204879 -0.2146237 2.416591 Tracked 64198152
-0.08490503 -0.2341287 2.413498 Tracked 64198185
-0.08489577 -0.2446948 2.404717 Tracked 64198218
-0.07839131 -0.2446855 2.399268 Tracked 64198252
-0.07644646 -0.2497349 2.397796 Tracked 64198285
0.003471454 -0.1729118 2.384958 Tracked 64198319
-0.08082958 -0.1891928 2.36284 Tracked 64198353
-0.07551403 -0.0527798 2.386066 Tracked 64198387
-0.08694466 -0.00361774 2.386029 Tracked 64198419
-0.08877511 0.007357098 2.378415 Tracked 64198453
-0.08372306 0.03150304 2.358151 Tracked 64198486
-0.08201268 0.04790527 2.335351 Tracked 64198519
-0.08361492 0.07324693 2.308809 Tracked 64198553
-0.08372926 0.06766497 2.245095 Tracked 64198586
-0.08408512 0.07529833 2.23155 Tracked 64198620
-0.08331004 0.08277052 2.205647 Tracked 64198653
-0.08333533 0.08683442 2.182889 Tracked 64198687
-0.08264055 0.0908504 2.162334 Tracked 64198719
-0.0813071 0.08606864 2.148103 Tracked 64198753
-0.08184564 0.08021532 2.133345 Tracked 64198786
-0.08138837 0.07661936 2.119904 Tracked 64198819
-0.0797158 0.07161158 2.10804 Tracked 64198853
-0.07934155 0.06905055 2.101561 Tracked 64198886
-0.07897492 0.06672528 2.094952 Tracked 64198922
-0.07857271 0.06577602 2.092168 Tracked 64198953
-0.07860923 0.0654256 2.09016 Tracked 64198986
-0.07860333 0.06540053 2.090139 Tracked 64199019
-0.07866471 0.06556086 2.090317 Tracked 64199053
-0.07912939 0.06669001 2.093396 Tracked 64199086
-0.07943509 0.07188169 2.10591 Tracked 64199119
-0.07959843 0.07806215 2.121429 Tracked 64199153
-0.07882771 0.08555221 2.14088 Tracked 64199185
-0.0799455 0.09307313 2.164347 Tracked 64199219
-0.08016172 0.09541349 2.186243 Tracked 64199252
-0.07952023 0.09321884 2.208295 Tracked 64199286
-0.07773414 0.09394398 2.273393 Tracked 64199319
-0.07705007 0.08397948 2.281137 Tracked 64199353
-0.07440498 0.04709954 2.293605 Tracked 64199385
-0.07552416 0.01740206 2.31344 Tracked 64199419
-0.07592952 -0.03064333 2.32816 Tracked 64199453
-0.07539459 -0.01470571 2.374046 Tracked 64199486
-0.08037352 -0.01447173 2.388018 Tracked 64199519
-0.05340337 0.05107753 2.425498 Tracked 64199552
-0.08062195 -0.01884899 2.435532 Tracked 64199585
-0.08253482 -0.08291221 2.430851 Tracked 64199619
-0.08228789 -0.2944786 2.385122 Tracked 64199652
-0.08816935 -0.296888 2.380732 Tracked 64199685
0.1288653 -0.2319726 2.404028 Tracked 64199718
0.1257371 -0.230044 2.403183 Tracked 64199752
0.1263365 -0.2339148 2.398674 Tracked 64199786
0.04591635 -0.2271158 2.391068 Tracked 64199819
0.03839199 -0.171125 2.385584 Tracked 64199852
-0.05062208 -0.1820229 2.369607 Tracked 64199886
-0.04985626 -0.1810117 2.365713 Tracked 64199919
-0.05292539 0.001010532 2.410409 Tracked 64199953
-0.07049011 -0.04055745 2.373727 Tracked 64199986
-0.06913149 0.0289165 2.378054 Tracked 64200019
-0.06669752 0.03793672 2.367451 Tracked 64200053
-0.06477541 0.05710907 2.34244 Tracked 64200086
-0.06629631 0.07275767 2.322716 Tracked 64200119
-0.06932279 0.06852736 2.253944 Tracked 64200152
-0.06992384 0.07467648 2.243237 Tracked 64200186
-0.06931849 0.08000468 2.223029 Tracked 64200219
-0.07033561 0.09039782 2.195297 Tracked 64200253
-0.07119808 0.08925898 2.177722 Tracked 64200286
-0.07086605 0.08909697 2.161911 Tracked 64200319
-0.07176436 0.08614709 2.146487 Tracked 64200353
-0.07223634 0.08228731 2.134598 Tracked 64200385
-0.07288157 0.08019191 2.125685 Tracked 64200419
-0.07263008 0.07657605 2.117776 Tracked 64200452
-0.07280775 0.07577943 2.114844 Tracked 64200486
-0.07301721 0.07472681 2.11298 Tracked 64200519
-0.07305055 0.07471123 2.111642 Tracked 64200552
-0.07316555 0.07472683 2.11168 Tracked 64200586
-0.0734842 0.07533075 2.113208 Tracked 64200619
-0.07370789 0.07814886 2.121424 Tracked 64200654
-0.07356423 0.08367332 2.134961 Tracked 64200687
-0.07383638 0.09084383 2.15407 Tracked 64200719
-0.07301895 0.09440823 2.172285 Tracked 64200753
-0.07159708 0.09586282 2.196404 Tracked 64200786
-0.07065172 0.09132183 2.216529 Tracked 64200819
-0.07095806 0.08879491 2.274421 Tracked 64200853
-0.06817137 0.07059754 2.274234 Tracked 64200886
-0.06270505 0.04082651 2.292713 Tracked 64200919
-0.0637247 0.01411355 2.312285 Tracked 64200956
-0.06688453 -0.01868696 2.334692 Tracked 64200986
-0.07010619 -0.02854658 2.358618 Tracked 64201019
-0.08150192 -0.006334587 2.405888 Tracked 64201053
-0.07554324 -0.004864338 2.41233 Tracked 64201086
-0.05791826 0.01753094 2.455983 Tracked 64201119
-0.06330508 0.02051903 2.448646 Tracked 64201153
0.03220568 -0.007366985 2.469366 Tracked 64201186
0.02058933 -0.03955084 2.467973 Tracked 64201218
0.02274455 -0.01161306 2.466243 Tracked 64201253
0.02524919 -0.009897977 2.467973 Tracked 64201285
0.02475389 0.008837766 2.462262 Tracked 64201318
0.03301443 0.09121249 2.421431 Tracked 64201353
-0.06446284 -0.204271 2.402652 Tracked 64201385
-0.1042666 -0.1616429 2.402651 Tracked 64201419
-0.09746321 -0.1509023 2.391824 Tracked 64201452
-0.07260818 -0.004535809 2.39888 Tracked 64201486
-0.07018936 0.009498978 2.388915 Tracked 64201518
-0.07012081 0.02951203 2.373587 Tracked 64201553
-0.06750713 0.04581305 2.350353 Tracked 64201586
-0.06663878 0.06139722 2.317731 Tracked 64201618
-0.06854195 0.07420069 2.304673 Tracked 64201652
-0.07286701 0.07256649 2.235684 Tracked 64201686
-0.07357597 0.07564747 2.226677 Tracked 64201719
-0.07499882 0.08818325 2.191277 Tracked 64201752
-0.07507005 0.09046805 2.178788 Tracked 64201786
-0.07493879 0.08788335 2.156905 Tracked 64201818
-0.07504196 0.08429285 2.1431 Tracked 64201852
-0.07373928 0.07940414 2.128937 Tracked 64201886
-0.07241683 0.07675536 2.118853 Tracked 64201918
-0.07186262 0.07299447 2.109575 Tracked 64201953
-0.0712637 0.07043284 2.103541 Tracked 64201985
-0.07093801 0.06867538 2.100196 Tracked 64202018
-0.07030959 0.06839186 2.097409 Tracked 64202052
-0.07036337 0.0679525 2.096032 Tracked 64202085
-0.07037655 0.06785159 2.095797 Tracked 64202118
-0.07053482 0.06823164 2.096256 Tracked 64202152
-0.07112309 0.07022998 2.09901 Tracked 64202186
-0.07206748 0.07327126 2.107727 Tracked 64202219
-0.07318857 0.07779046 2.119198 Tracked 64202253
-0.07307528 0.08062946 2.128552 Tracked 64202286
-0.07272634 0.08180738 2.135988 Tracked 64202319
-0.07227246 0.08393595 2.14066 Tracked 64202353
-0.07222285 0.08562753 2.145308 Tracked 64202386
