-0.1162463 -0.04709048 1.815341 Tracked 61189933
-0.4160531 -0.02135428 1.910933 Tracked 61189933
-0.109813 -0.0529819 1.809996 Tracked 61189966
-0.4159994 -0.02101406 1.910861 Tracked 61189966
-0.1100819 -0.05445717 1.806452 Tracked 61189999
-0.4171084 -0.0211902 1.910159 Tracked 61189999
-0.1128818 -0.05216784 1.806906 Tracked 61190032
-0.4313308 -0.01954448 1.908543 Tracked 61190032
-0.1146765 -0.051702 1.805895 Tracked 61190067
-0.4323493 -0.01926792 1.907645 Tracked 61190067
-0.1192653 -0.05223817 1.801999 Tracked 61190101
-0.4063654 -0.0254304 1.913025 Tracked 61190101
-0.118911 -0.0520057 1.803004 Tracked 61190132
-0.4081211 -0.02610855 1.911593 Tracked 61190132
-0.1193007 -0.05201213 1.802694 Tracked 61190167
-0.4074312 -0.02481155 1.911439 Tracked 61190167
-0.1198525 -0.05174199 1.802024 Tracked 61190198
-0.4077331 -0.02525556 1.911287 Tracked 61190198
-0.1207121 -0.05162147 1.80146 Tracked 61190233
-0.4054838 -0.02798305 1.911994 Tracked 61190233
-0.1255731 -0.04943593 1.804382 Tracked 61190266
-0.4139093 -0.03303495 1.910818 Tracked 61190266
-0.1272786 -0.04901858 1.804432 Tracked 61190301
-0.4025114 -0.04144111 1.915081 Tracked 61190301
-0.1288753 -0.04889318 1.803812 Tracked 61190331
-0.4023697 -0.04157634 1.915016 Tracked 61190331
-0.1301401 -0.04883565 1.804047 Tracked 61190367
-0.4032602 -0.03933729 1.914065 Tracked 61190367
-0.1305123 -0.04886653 1.804222 Tracked 61190399
-0.4041309 -0.03789344 1.913371 Tracked 61190399
-0.1308905 -0.04912442 1.804551 Tracked 61190433
-0.4033561 -0.03884222 1.9138 Tracked 61190433
-0.1313647 -0.04938984 1.804349 Tracked 61190466
-0.4746799 -0.04114856 1.911619 Tracked 61190466
-0.1317708 -0.04954014 1.804273 Tracked 61190502
-0.4340944 -0.02832394 1.907007 Tracked 61190502
-0.1395478 -0.05128717 1.806273 Tracked 61190532
-0.4074791 -0.03646814 1.910616 Tracked 61190532
-0.1385102 -0.05100543 1.805033 Tracked 61190567
-0.4068693 -0.03632427 1.910877 Tracked 61190567
-0.1384198 -0.05036785 1.804826 Tracked 61190599
-0.378323 -0.0582772 1.92701 Tracked 61190599
-0.1433492 -0.04967876 1.808406 Tracked 61190633
-0.4122403 -0.03629873 1.910297 Tracked 61190633
-0.1529268 -0.04558317 1.816071 Tracked 61190666
-0.3972064 -0.05124173 1.916869 Tracked 61190666
-0.1478395 -0.04737737 1.808878 Tracked 61190701
-0.4114981 -0.0390158 1.909164 Tracked 61190701
-0.1481899 -0.04745883 1.808028 Tracked 61190732
-0.3534956 -0.06357758 1.85293 Tracked 61190732
-0.1485551 -0.04748661 1.807544 Tracked 61190767
-0.354381 -0.06340032 1.852029 Tracked 61190767
-0.1455471 -0.0472143 1.804168 Tracked 61190799
-0.3538054 -0.06431225 1.852617 Tracked 61190799
-0.1460497 -0.04700742 1.802101 Tracked 61190834
-0.3522511 -0.0662859 1.853206 Tracked 61190834
-0.1475532 -0.04737069 1.80351 Tracked 61190865
-0.347268 -0.07039202 1.855754 Tracked 61190865
-0.1485357 -0.04766294 1.803703 Tracked 61190910
-0.3494726 -0.07019807 1.854939 Tracked 61190910
-0.1492587 -0.04765248 1.803171 Tracked 61190933
-0.405158 -0.05124369 1.912367 Tracked 61190933
-0.1494814 -0.04762157 1.803218 Tracked 61190969
-0.3461909 -0.07143707 1.855872 Tracked 61190969
-0.1496787 -0.0476037 1.803158 Tracked 61190999
-0.3464158 -0.0711588 1.855564 Tracked 61190999
-0.1500581 -0.04751695 1.803085 Tracked 61191033
-0.3459996 -0.07128448 1.855615 Tracked 61191033
-0.1503058 -0.04750237 1.803055 Tracked 61191066
-0.3489038 -0.07053284 1.854503 Tracked 61191066
-0.1507523 -0.04752481 1.802738 Tracked 61191101
-0.3536075 -0.06448028 1.85153 Tracked 61191101
-0.1508302 -0.04755215 1.802566 Tracked 61191133
-0.4159508 -0.03963392 1.906011 Tracked 61191133
-0.1473565 -0.04763608 1.798802 Tracked 61191166
-0.3446299 -0.07179845 1.856013 Tracked 61191166
-0.1460725 -0.04779401 1.797501 Tracked 61191200
-0.4038544 -0.05237062 1.912446 Tracked 61191200
-0.1450923 -0.04768628 1.796455 Tracked 61191232
-0.3528013 -0.06416847 1.850759 Tracked 61191232
-0.1452587 -0.04800431 1.796578 Tracked 61191266
-0.411053 -0.04171524 1.907587 Tracked 61191266
-0.1469884 -0.04818664 1.797539 Tracked 61191299
-0.400449 -0.05168891 1.91328 Tracked 61191299
-0.1479426 -0.04806232 1.798707 Tracked 61191332
-0.4006149 -0.05167687 1.913481 Tracked 61191332
-0.1479589 -0.04794064 1.799044 Tracked 61191367
-0.4006659 -0.05212422 1.913402 Tracked 61191367
-0.1475821 -0.04846198 1.798759 Tracked 61191399
-0.4004952 -0.05216172 1.913509 Tracked 61191399
-0.148424 -0.04817387 1.798561 Tracked 61191433
-0.4007075 -0.05165491 1.912813 Tracked 61191433
-0.1468163 -0.04792433 1.797412 Tracked 61191466
-0.4006202 -0.05169386 1.912841 Tracked 61191466
-0.1445442 -0.04766694 1.794855 Tracked 61191499
-0.3451904 -0.07061838 1.853611 Tracked 61191499
-0.1449545 -0.04773319 1.794341 Tracked 61191532
-0.3475689 -0.06987631 1.8527 Tracked 61191532
-0.1448314 -0.04780236 1.794401 Tracked 61191569
-0.3465584 -0.07023702 1.853256 Tracked 61191569
-0.1450269 -0.04792808 1.794158 Tracked 61191598
-0.3478269 -0.0697978 1.852987 Tracked 61191598
-0.14507 -0.04806085 1.793888 Tracked 61191635
-0.3466922 -0.0702877 1.853502 Tracked 61191635
-0.1449775 -0.0481881 1.793825 Tracked 61191665
-0.3484206 -0.06958519 1.852733 Tracked 61191665
-0.146642 -0.04889159 1.795795 Tracked 61191700
-0.3529593 -0.06381579 1.849875 Tracked 61191700
-0.1472652 -0.0493524 1.796496 Tracked 61191731
-0.3536533 -0.06319976 1.849708 Tracked 61191731
-0.1465731 -0.04978766 1.796191 Tracked 61191768
-0.3463496 -0.06987806 1.853828 Tracked 61191768
-0.1445107 -0.04964975 1.798237 Tracked 61191798
-0.3478323 -0.06774553 1.85991 Tracked 61191798
-0.1438009 -0.05053798 1.797308 Tracked 61191834
-0.3469609 -0.06873086 1.859154 Tracked 61191834
-0.1447694 -0.05131844 1.797739 Tracked 61191866
-0.3462625 -0.06945696 1.858604 Tracked 61191866
-0.1437691 -0.05101987 1.799148 Tracked 61191899
-0.3460962 -0.06927072 1.861867 Tracked 61191899
-0.1442848 -0.05160757 1.798957 Tracked 61191932
-0.3461331 -0.06951104 1.860871 Tracked 61191932
-0.1443043 -0.05166228 1.798791 Tracked 61191968
-0.345295 -0.07002018 1.859373 Tracked 61191968
-0.1464504 -0.05182862 1.800184 Tracked 61191998
-0.345804 -0.0699923 1.85893 Tracked 61191998
-0.1446695 -0.05159618 1.800284 Tracked 61192034
-0.3452743 -0.0693178 1.862453 Tracked 61192034
-0.1444777 -0.05160975 1.799605 Tracked 61192065
-0.3463875 -0.06885257 1.861133 Tracked 61192065
-0.1441642 -0.05168342 1.798908 Tracked 61192100
-0.3463317 -0.06911958 1.860863 Tracked 61192100
-0.1436489 -0.05161108 1.799936 Tracked 61192132
-0.3458613 -0.06845218 1.863129 Tracked 61192132
-0.1438129 -0.05201465 1.801376 Tracked 61192167
-0.4053625 -0.054736 1.913311 Tracked 61192167
-0.1576444 -0.04969313 1.816329 Tracked 61192199
-0.3580256 -0.05799484 1.860112 Tracked 61192199
-0.1574011 -0.04963311 1.816703 Tracked 61192232
-0.3834949 -0.06021965 1.858931 Tracked 61192232
-0.1572839 -0.04958439 1.816971 Tracked 61192266
-0.3345915 -0.071698 1.870769 Tracked 61192266
-0.157282 -0.04941041 1.815586 Tracked 61192299
-0.3557281 -0.06530374 1.860939 Tracked 61192299
-0.1571557 -0.04935841 1.815899 Tracked 61192332
-0.3478769 -0.06841088 1.864667 Tracked 61192332
-0.1563547 -0.04935574 1.816807 Tracked 61192366
-0.4093809 -0.05364076 1.911976 Tracked 61192366
-0.1562514 -0.04937612 1.816945 Tracked 61192399
-0.4101741 -0.05337215 1.911653 Tracked 61192399
-0.1555976 -0.04936358 1.817515 Tracked 61192433
-0.3523938 -0.06698117 1.865158 Tracked 61192433
-0.1550089 -0.04928748 1.817999 Tracked 61192466
-0.3528863 -0.06700424 1.865591 Tracked 61192466
-0.1541532 -0.04944032 1.818661 Tracked 61192499
-0.4117531 -0.05352859 1.912142 Tracked 61192499
-0.1541289 -0.04940834 1.818978 Tracked 61192532
-0.4122759 -0.05376449 1.912296 Tracked 61192532
-0.1535407 -0.04961905 1.81944 Tracked 61192566
-0.4031527 -0.05776369 1.916192 Tracked 61192566
-0.1530432 -0.04965859 1.819812 Tracked 61192599
-0.4082582 -0.05710614 1.914932 Tracked 61192599
-0.1530246 -0.04972644 1.819821 Tracked 61192633
-0.3461596 -0.07107686 1.870044 Tracked 61192633
-0.1525655 -0.0498832 1.820313 Tracked 61192666
-0.3626209 -0.05955978 1.863856 Inferred 61192666
-0.1525242 -0.04998227 1.820461 Tracked 61192701
-0.3584676 -0.06649555 1.866445 Inferred 61192701
-0.1519482 -0.05027936 1.821079 Tracked 61192731
-0.3569632 -0.06814788 1.867463 Inferred 61192731
-0.1516197 -0.05043275 1.821403 Tracked 61192767
-0.3567258 -0.0692496 1.867944 Inferred 61192767
-0.1512156 -0.05061207 1.821831 Tracked 61192798
-0.3567328 -0.06993267 1.868259 Tracked 61192798
-0.1511052 -0.0507433 1.821987 Tracked 61192833
-0.3567553 -0.07049193 1.868564 Tracked 61192833
-0.1510254 -0.05096575 1.822114 Tracked 61192866
-0.3554274 -0.07321078 1.869756 Tracked 61192866
-0.1508222 -0.0511171 1.822328 Tracked 61192900
-0.3555456 -0.07389225 1.870164 Tracked 61192900
-0.1505643 -0.05144112 1.822716 Tracked 61192932
-0.3556085 -0.07388881 1.87032 Tracked 61192932
-0.1506796 -0.05187261 1.823077 Tracked 61192967
-0.3556427 -0.0752603 1.871164 Tracked 61192967
-0.1508094 -0.05243165 1.823369 Tracked 61192999
-0.3575575 -0.07824733 1.872827 Tracked 61192999
-0.1509356 -0.05299354 1.823735 Tracked 61193034
-0.357354 -0.07776164 1.872801 Tracked 61193034
-0.151026 -0.05318726 1.823815 Tracked 61193066
-0.3570821 -0.07726932 1.872544 Tracked 61193066
-0.1510576 -0.05334866 1.824022 Tracked 61193101
-0.3562457 -0.07644872 1.872315 Tracked 61193101
-0.1510579 -0.05368771 1.824327 Tracked 61193132
-0.3560493 -0.07629702 1.872425 Tracked 61193132
-0.1508616 -0.05407171 1.824835 Tracked 61193167
-0.4423255 -0.04930121 1.908157 Tracked 61193167
-0.1508939 -0.05444489 1.825046 Tracked 61193199
-0.4433359 -0.05399036 1.894625 Tracked 61193199
-0.1497411 -0.05473769 1.825979 Tracked 61193234
-0.4441703 -0.05466003 1.892979 Tracked 61193234
-0.1497565 -0.0548395 1.826006 Tracked 61193266
-0.4448068 -0.05557847 1.891629 Tracked 61193266
-0.1485716 -0.05524341 1.827051 Tracked 61193301
-0.4450514 -0.05616353 1.891121 Tracked 61193301
-0.1488117 -0.05538839 1.826979 Tracked 61193332
-0.4458747 -0.0568151 1.890356 Tracked 61193332
-0.1487971 -0.05554298 1.827055 Tracked 61193368
-0.445939 -0.05727667 1.889635 Tracked 61193368
-0.1483646 -0.05587311 1.827703 Tracked 61193399
-0.4468133 -0.05807913 1.889375 Tracked 61193399
-0.1483873 -0.05619251 1.827746 Tracked 61193435
-0.4471661 -0.05866845 1.889347 Tracked 61193435
-0.1482077 -0.05619457 1.827726 Tracked 61193466
-0.4474636 -0.05892201 1.888808 Tracked 61193466
-0.1479747 -0.0563478 1.827779 Tracked 61193500
-0.4476189 -0.05906884 1.888506 Tracked 61193500
-0.1480846 -0.05660848 1.827738 Tracked 61193531
-0.4436316 -0.05871132 1.888435 Tracked 61193531
-0.1480596 -0.05690121 1.827718 Tracked 61193567
-0.4450375 -0.05744233 1.896175 Tracked 61193567
-0.1483608 -0.05768327 1.827961 Tracked 61193599
-0.4458557 -0.05705821 1.899014 Tracked 61193599
-0.1483507 -0.05836903 1.828074 Tracked 61193632
-0.4471745 -0.05696617 1.901313 Tracked 61193632
-0.1484246 -0.05901236 1.828185 Tracked 61193666
-0.4475078 -0.05692514 1.902109 Tracked 61193666
-0.1345985 -0.0707958 1.817223 Tracked 61193700
-0.4477847 -0.05698286 1.902386 Tracked 61193700
-0.1479648 -0.06256447 1.828675 Tracked 61193732
-0.4482619 -0.0571993 1.902981 Tracked 61193732
-0.1478977 -0.06269269 1.828807 Tracked 61193766
-0.4487462 -0.05722744 1.904493 Tracked 61193766
-0.1476086 -0.06187932 1.828499 Tracked 61193800
-0.4492941 -0.05736699 1.905069 Tracked 61193800
-0.1475947 -0.06244431 1.828775 Tracked 61193833
-0.4495121 -0.05717004 1.905523 Tracked 61193833
-0.1475807 -0.06266683 1.829074 Tracked 61193866
-0.4401625 -0.05452529 1.906469 Tracked 61193866
-0.1482623 -0.062859 1.828831 Tracked 61193899
-0.4369907 -0.0602751 1.909988 Tracked 61193899
-0.1474657 -0.06187322 1.828475 Tracked 61193932
-0.4024628 -0.06872301 1.872198 Tracked 61193932
-0.1470616 -0.05889786 1.827374 Tracked 61193967
-0.4361215 -0.05690414 1.91182 Tracked 61193967
-0.1476007 -0.05529564 1.826002 Tracked 61193999
-0.3992247 -0.06463062 1.87219 Tracked 61193999
-0.147598 -0.05178415 1.8253 Tracked 61194034
-0.4427048 -0.03754723 1.908588 Tracked 61194034
-0.1487691 -0.04672137 1.823265 Tracked 61194066
-0.4430689 -0.035353 1.91059 Tracked 61194066
-0.1393497 -0.04125939 1.80668 Tracked 61194101
-0.4300115 -0.03028136 1.911881 Tracked 61194101
-0.1386534 -0.04035031 1.806322 Tracked 61194132
-0.4488907 -0.02678663 1.909626 Tracked 61194132
-0.1346739 -0.0394696 1.802628 Tracked 61194166
-0.4439694 -0.02617787 1.909919 Tracked 61194166
-0.136372 -0.03858571 1.802364 Tracked 61194200
-0.4641152 -0.03314614 1.910343 Tracked 61194200
-0.1387335 -0.03816191 1.800736 Tracked 61194232
-0.4621862 -0.03275695 1.910312 Tracked 61194232
-0.139404 -0.03768384 1.800709 Tracked 61194268
-0.4561546 -0.02926617 1.905684 Tracked 61194268
-0.1430214 -0.03757057 1.804248 Tracked 61194299
-0.4549125 -0.02856627 1.905902 Tracked 61194299
-0.1495636 -0.03460087 1.807489 Tracked 61194333
-0.4479521 -0.0264218 1.905893 Tracked 61194333
-0.1498269 -0.03630212 1.807275 Tracked 61194367
-0.4744688 -0.03424026 1.908278 Tracked 61194367
-0.1504138 -0.03665897 1.807923 Tracked 61194400
-0.4618453 -0.03151248 1.906839 Tracked 61194400
-0.1435435 -0.03836658 1.801181 Tracked 61194433
-0.4696176 -0.0339471 1.907894 Tracked 61194433
-0.1434877 -0.03846566 1.800713 Tracked 61194468
-0.4629117 -0.0325177 1.907222 Tracked 61194468
-0.1432571 -0.03864712 1.800278 Tracked 61194500
-0.4629754 -0.03236811 1.906874 Tracked 61194500
-0.1438106 -0.03899922 1.800078 Tracked 61194532
-0.4602968 -0.03165846 1.904186 Tracked 61194532
-0.1440038 -0.03916777 1.800098 Tracked 61194566
-0.4676886 -0.0334308 1.904922 Tracked 61194566
-0.1434158 -0.03940459 1.799596 Tracked 61194600
-0.459163 -0.02879884 1.902448 Tracked 61194600
-0.1426921 -0.03989856 1.799463 Tracked 61194634
-0.4578201 -0.02840076 1.903265 Tracked 61194634
-0.1423595 -0.03996915 1.799339 Tracked 61194666
-0.4584602 -0.02910675 1.904144 Tracked 61194666
-0.1418096 -0.03999526 1.79919 Tracked 61194701
-0.470967 -0.03387728 1.905272 Tracked 61194701
-0.1414291 -0.04013244 1.798934 Tracked 61194732
-0.4715325 -0.03407329 1.904276 Tracked 61194732
-0.1407778 -0.04023697 1.798447 Tracked 61194767
-0.4593836 -0.02834949 1.901832 Tracked 61194767
-0.1500589 -0.05378226 1.811948 Tracked 61194799
-0.4594671 -0.0285126 1.902207 Tracked 61194799
-0.1505623 -0.03790202 1.805911 Tracked 61194834
-0.4684431 -0.02952956 1.902868 Tracked 61194834
-0.1506275 -0.03789162 1.805923 Tracked 61194866
-0.4666191 -0.02997059 1.902857 Tracked 61194866
-0.1505949 -0.03779975 1.805773 Tracked 61194901
-0.4643596 -0.03014894 1.903267 Tracked 61194901
-0.1413135 -0.04114781 1.797292 Tracked 61194932
-0.4696829 -0.03271632 1.904111 Tracked 61194932
-0.1485865 -0.03742324 1.802748 Tracked 61194966
-0.471535 -0.03345787 1.904453 Tracked 61194966
-0.1430518 -0.04020172 1.798478 Tracked 61194999
-0.4726498 -0.0340276 1.90451 Tracked 61194999
-0.14838 -0.03834094 1.802767 Tracked 61195032
-0.468008 -0.03315244 1.90393 Tracked 61195032
-0.1484993 -0.03796191 1.803201 Tracked 61195067
-0.4633001 -0.03286197 1.903588 Tracked 61195067
-0.1486681 -0.03775875 1.802993 Tracked 61195101
-0.4631224 -0.03274915 1.903498 Tracked 61195101
-0.148425 -0.03778542 1.803103 Tracked 61195132
-0.4624016 -0.0326297 1.903472 Tracked 61195132
-0.1479691 -0.03786854 1.803458 Tracked 61195167
-0.4616857 -0.03239819 1.903561 Tracked 61195167
-0.1480932 -0.03796456 1.803042 Tracked 61195199
-0.4564196 -0.03190988 1.903755 Tracked 61195199
-0.1467944 -0.04009741 1.802672 Tracked 61195234
-0.4554758 -0.03224118 1.903293 Tracked 61195234
-0.145697 -0.04092095 1.802961 Tracked 61195265
-0.4454347 -0.02870301 1.903044 Tracked 61195265
-0.151876 -0.04244493 1.811272 Tracked 61195300
-0.4451177 -0.02850472 1.903031 Tracked 61195300
-0.13817 -0.04610273 1.799905 Tracked 61195332
-0.4832702 -0.04173147 1.908195 Tracked 61195332
-0.1515131 -0.04105032 1.812216 Tracked 61195367
-0.460918 -0.03379884 1.904593 Tracked 61195367
-0.1509149 -0.04113119 1.812636 Tracked 61195398
-0.4473647 -0.02826262 1.903603 Tracked 61195398
-0.1496788 -0.04149305 1.813478 Tracked 61195434
-0.447488 -0.02877375 1.903764 Tracked 61195434
-0.149437 -0.04173231 1.813712 Tracked 61195466
-0.4494141 -0.02945991 1.903956 Tracked 61195466
-0.1490565 -0.04195249 1.813686 Tracked 61195500
-0.4493369 -0.02939742 1.904054 Tracked 61195500
-0.1489312 -0.04215973 1.813837 Tracked 61195532
-0.4518081 -0.03028075 1.904215 Tracked 61195532
-0.148677 -0.04236179 1.814097 Tracked 61195568
-0.4514526 -0.03037577 1.904562 Tracked 61195568
-0.1485097 -0.04266173 1.814304 Tracked 61195599
-0.4515115 -0.03052037 1.904628 Tracked 61195599
-0.1473553 -0.04295959 1.815455 Tracked 61195633
-0.4515606 -0.03074395 1.904881 Tracked 61195633
-0.147142 -0.04335127 1.815876 Tracked 61195666
-0.4513745 -0.03048673 1.904845 Tracked 61195666
-0.1467849 -0.04367089 1.816259 Tracked 61195701
-0.4517985 -0.0309868 1.904948 Tracked 61195701
-0.1456101 -0.0441734 1.817422 Tracked 61195732
-0.4518385 -0.03100416 1.904979 Tracked 61195732
-0.1457004 -0.04408897 1.817912 Tracked 61195767
-0.4524384 -0.03155663 1.905093 Tracked 61195767
-0.1452119 -0.0448332 1.81875 Tracked 61195798
-0.4509361 -0.03133646 1.905265 Tracked 61195798
-0.1452009 -0.04529571 1.819347 Tracked 61195834
-0.4505976 -0.03141247 1.905473 Tracked 61195834
-0.1449423 -0.0458067 1.819872 Tracked 61195866
-0.4504741 -0.03113315 1.905572 Tracked 61195866
-0.1446127 -0.04653535 1.820568 Tracked 61195900
-0.4510114 -0.03137658 1.905759 Tracked 61195900
-0.1446294 -0.04694813 1.820834 Tracked 61195932
-0.4566745 -0.03346058 1.906301 Tracked 61195932
-0.1447393 -0.04740779 1.82113 Tracked 61195983
-0.4446391 -0.02875834 1.9062 Tracked 61195983
-0.1446965 -0.04781254 1.82139 Tracked 61195999
-0.4457476 -0.02920736 1.906784 Tracked 61195999
-0.1447575 -0.04841334 1.822033 Tracked 61196034
-0.4477696 -0.02994221 1.907705 Tracked 61196034
-0.1448958 -0.04831316 1.82236 Tracked 61196066
-0.4467821 -0.02990852 1.907996 Tracked 61196066
-0.145053 -0.04869235 1.823151 Tracked 61196101
-0.4510064 -0.03095794 1.909209 Tracked 61196101
-0.145087 -0.04916754 1.82401 Tracked 61196132
-0.4524551 -0.03173943 1.90971 Tracked 61196132
-0.145201 -0.04945441 1.824149 Tracked 61196167
-0.4554961 -0.03412689 1.910903 Tracked 61196167
-0.1455266 -0.04964566 1.824226 Tracked 61196199
-0.4551904 -0.03464429 1.910297 Tracked 61196199
-0.1457612 -0.0498849 1.824238 Tracked 61196234
-0.4544911 -0.03557213 1.91153 Tracked 61196234
-0.146202 -0.05059458 1.824532 Tracked 61196266
-0.453431 -0.03488649 1.911368 Tracked 61196266
-0.1464492 -0.05139384 1.82502 Tracked 61196301
-0.452129 -0.0345066 1.911655 Tracked 61196301
-0.1467582 -0.05186468 1.82516 Tracked 61196332
-0.425622 -0.03823736 1.914491 Tracked 61196332
-0.1468246 -0.05249675 1.82534 Tracked 61196368
-0.4258084 -0.03924775 1.913149 Tracked 61196368
-0.1462877 -0.05297567 1.825962 Tracked 61196399
-0.4434858 -0.03422626 1.910955 Tracked 61196399
-0.1463008 -0.05345183 1.826294 Tracked 61196433
-0.4435781 -0.03434906 1.910739 Tracked 61196433
-0.1463844 -0.05406624 1.826619 Tracked 61196466
-0.4260839 -0.04136969 1.913125 Tracked 61196466
-0.1467423 -0.05473707 1.826752 Tracked 61196501
-0.4503029 -0.04089798 1.912146 Tracked 61196501
-0.1465615 -0.05514025 1.827016 Tracked 61196532
-0.4272186 -0.0412917 1.912757 Tracked 61196532
-0.1467837 -0.05559167 1.827195 Tracked 61196569
-0.4310622 -0.04150813 1.912642 Tracked 61196569
-0.1466399 -0.05598286 1.827408 Tracked 61196600
-0.4306928 -0.04307961 1.907893 Tracked 61196600
-0.1465995 -0.05614551 1.827543 Tracked 61196633
-0.4298812 -0.04270253 1.909825 Tracked 61196633
-0.146588 -0.05649834 1.827751 Tracked 61196666
-0.4339994 -0.04425859 1.905017 Tracked 61196666
-0.1464026 -0.05689602 1.82793 Tracked 61196700
-0.4318575 -0.04480232 1.904725 Tracked 61196700
-0.14632 -0.0571984 1.828133 Tracked 61196732
-0.4335576 -0.04531651 1.904127 Tracked 61196732
-0.1462702 -0.0578056 1.828516 Tracked 61196768
-0.4347726 -0.0457738 1.904222 Tracked 61196768
-0.1463361 -0.05838502 1.828752 Tracked 61196799
-0.4301167 -0.0455633 1.904954 Tracked 61196799
-0.1464499 -0.05877642 1.829 Tracked 61196833
-0.4307696 -0.04404473 1.909364 Tracked 61196833
-0.1465533 -0.05915254 1.829281 Tracked 61196866
-0.4357142 -0.04443252 1.910957 Tracked 61196866
-0.1472052 -0.05967337 1.829106 Tracked 61196899
-0.4357289 -0.04437652 1.911004 Tracked 61196899
-0.147392 -0.06005323 1.829163 Tracked 61196932
-0.4369451 -0.04531866 1.91135 Tracked 61196932
-0.1474477 -0.06021811 1.829197 Tracked 61196967
-0.4388632 -0.04624878 1.911512 Tracked 61196967
-0.1475091 -0.0603847 1.829212 Tracked 61196999
-0.4387609 -0.04620711 1.912008 Tracked 61196999
-0.1477331 -0.0606196 1.829169 Tracked 61197033
-0.4560472 -0.0516017 1.91001 Tracked 61197033
-0.1476507 -0.06088858 1.82954 Tracked 61197066
-0.4493215 -0.04954382 1.909891 Tracked 61197066
-0.1475107 -0.06148853 1.830111 Tracked 61197101
-0.4465502 -0.0494987 1.908239 Tracked 61197101
-0.147556 -0.06208958 1.830501 Tracked 61197132
-0.4463792 -0.04966836 1.907587 Tracked 61197132
-0.1475116 -0.06264471 1.830938 Tracked 61197168
-0.4446976 -0.04933645 1.908385 Tracked 61197168
-0.1312399 -0.07273095 1.819518 Tracked 61197199
-0.4447997 -0.04971804 1.907633 Tracked 61197199
-0.1168488 -0.07677342 1.826739 Tracked 61197233
-0.4447916 -0.04993472 1.907637 Tracked 61197233
-0.1125596 -0.07676697 1.827914 Tracked 61197265
-0.4928652 -0.06044013 1.91704 Inferred 61197265
-0.1333386 -0.06954748 1.82551 Tracked 61197300
-0.4441905 -0.04900931 1.910357 Inferred 61197300
-0.1020273 -0.0774914 1.830696 Tracked 61197332
-0.4443452 -0.04971754 1.911644 Tracked 61197332
-0.1336938 -0.06996821 1.82546 Tracked 61197367
-0.444538 -0.05053219 1.912784 Tracked 61197367
-0.1340475 -0.0700692 1.825229 Tracked 61197399
-0.4443266 -0.05050413 1.915446 Tracked 61197399
-0.1440815 -0.06080351 1.832853 Tracked 61197434
-0.4447806 -0.05183746 1.914794 Tracked 61197434
-0.1435013 -0.06464892 1.832309 Tracked 61197465
-0.4450348 -0.05232492 1.913719 Tracked 61197465
-0.1440438 -0.06381107 1.831416 Tracked 61197501
-0.4429639 -0.05046792 1.919957 Tracked 61197501
-0.1436657 -0.06397542 1.831208 Tracked 61197532
-0.4944739 -0.06279474 1.949316 Tracked 61197532
-0.1401144 -0.06263953 1.833017 Tracked 61197567
-0.4508317 -0.04803368 1.920155 Tracked 61197567
-0.1403254 -0.06193262 1.832985 Tracked 61197600
-0.439312 -0.04164785 1.920314 Tracked 61197600
-0.139587 -0.06038599 1.832505 Tracked 61197632
-0.4389838 -0.04045859 1.920183 Tracked 61197632
-0.1391926 -0.05972463 1.83233 Tracked 61197666
-0.4384831 -0.03808548 1.923013 Tracked 61197666
-0.1381442 -0.05860297 1.832161 Tracked 61197699
-0.4390704 -0.03644455 1.923761 Tracked 61197699
-0.1375712 -0.05772498 1.831681 Tracked 61197732
-0.4400933 -0.03579123 1.914422 Tracked 61197732
-0.1370722 -0.05702895 1.831267 Tracked 61197766
-0.4405414 -0.0357041 1.912489 Tracked 61197766
-0.1367623 -0.05631302 1.830778 Tracked 61197799
-0.4398677 -0.03617376 1.908508 Tracked 61197799
-0.1365101 -0.05596719 1.830702 Tracked 61197832
-0.4396366 -0.03614394 1.907222 Tracked 61197832
-0.1363311 -0.05574192 1.830686 Tracked 61197867
-0.4394051 -0.03444375 1.912209 Tracked 61197867
-0.1361977 -0.05558409 1.830581 Tracked 61197900
-0.4399194 -0.03369909 1.91509 Tracked 61197900
-0.1359973 -0.05530509 1.830566 Tracked 61197933
-0.4407707 -0.0338621 1.912724 Tracked 61197933
-0.1362506 -0.05522693 1.83033 Tracked 61197967
-0.4408034 -0.03544176 1.908738 Tracked 61197967
-0.1361819 -0.05508005 1.830278 Tracked 61197999
-0.4429497 -0.03688706 1.905442 Tracked 61197999
-0.1363484 -0.05484238 1.82994 Tracked 61198035
-0.4431968 -0.03492092 1.914737 Tracked 61198035
-0.1362414 -0.054727 1.82986 Tracked 61198066
-0.4432929 -0.03738848 1.908535 Tracked 61198066
-0.136263 -0.05463434 1.829723 Tracked 61198101
-0.4441281 -0.03932386 1.906994 Tracked 61198101
-0.1361014 -0.05435251 1.829297 Tracked 61198132
-0.4194099 -0.0522125 1.907625 Tracked 61198132
