90 -5.832061 0 0 0
89.98083 -4.763359 -3.863293 -778.4535 0
89.98083 -4.824428 0 778.4535 0.004
89.95615 -5.709924 -4.971703 -1001.798 0.004
89.95615 -6.625954 0 1001.798 0.008
89.94183 -7.328244 -2.885555 -581.4394 0.008
89.75986 -6.992366 -36.66669 -6806.899 0.01
89.75986 -5.557252 0 7388.338 0.039
89.73653 -4.946565 -4.701134 -947.2784 0.039
89.73653 -6.717557 0 947.2784 0.043
89.7274 -8.916031 -1.840176 -370.7954 0.043
89.7002 -9.343512 -5.482094 -733.8465 0.044
89.7002 -8.793893 0 1104.642 0.047
89.65974 -8.305344 -8.150887 -1642.404 0.047
89.65974 -7.877862 0 1642.404 0.052
89.64536 -7.450382 -2.899391 -584.2274 0.052
89.44109 -6.931298 -41.16029 -7709.57 0.054
89.44109 -6.687023 0 8293.798 0.084
89.4166 -6.412214 -4.934807 -994.3636 0.084
89.4166 -5.832061 0 994.3636 0.088
89.41231 -4.854962 -0.8639755 -174.0911 0.088
89.40577 -3.725191 -1.317486 -91.38232 0.089
89.40577 -2.80916 0 265.4734 0.091
89.34898 -2.198473 -11.44383 -2305.932 0.091
89.34898 -1.465649 0 2305.932 0.122
89.3487 -0.3053435 -0.05534363 -11.15174 0.122
89.34803 0.03053435 -0.1352844 -16.10807 0.124
89.34803 -0.7022901 0 27.25981 0.126
89.3396 -2.198473 -1.698742 -342.2965 0.126
89.3396 -3.419847 0 342.2965 0.129
89.17496 -4.549618 -33.17389 -6684.54 0.129
89.17496 -5.740458 0 6684.54 0.161
89.16798 -6.656488 -1.406651 -283.4401 0.161
89.14517 -7.29771 -4.596596 -642.774 0.162
89.14517 -7.908397 0 926.2141 0.165
89.11673 -8.946565 -5.73114 -1154.825 0.165
89.11673 -10.01527 0 1154.825 0.168
89.09719 -10.16794 -3.937084 -793.3224 0.168
88.84615 -9.374045 -50.58408 -9399.369 0.17
88.84615 -7.938931 0 10192.69 0.199
88.8249 -6.259542 -4.282982 -863.0209 0.199
88.8249 -4.366412 0 863.0209 0.203
88.82188 -2.564885 -0.6087799 -122.6692 0.203
88.82294 -0.4580153 0.2152252 166.037 0.205
88.82294 1.526718 0 -43.36788 0.207
88.84393 3.022901 4.227638 851.8691 0.207
88.84393 3.969466 0 -851.8691 0.213
88.86889 4.732824 5.030121 1013.569 0.213
89.01522 5.251908 29.48586 4927.831 0.218
89.01522 5.587786 0 -5941.4 0.245
89.03056 5.770992 3.091557 622.9487 0.245
89.03056 4.458015 0 -622.9487 0.248
89.02904 1.129771 -0.3074646 -61.95412 0.248
89.02141 -2.656489 -1.537323 -247.8165 0.25
89.02141 -4.977099 0 309.7706 0.252
88.81573 -6.045802 -41.44469 -8351.105 0.252
88.81573 -6.80916 0 8351.105 0.284
88.79411 -7.328244 -4.356773 -877.8898 0.284
88.79411 -7.08397 0 877.8898 0.287
88.78238 -6.229008 -2.362865 -476.1174 0.287
88.77167 -5.496183 -2.158401 41.19949 0.289
88.77167 -5.221374 0 434.9179 0.291
88.62164 -5.038168 -30.23146 -6091.639 0.291
88.62164 -4.641222 0 6091.639 0.322
88.61324 -4.274809 -1.692593 -341.0574 0.322
88.60497 -4.122138 -1.666458 5.2661 0.324
88.60497 -4.152672 0 335.7913 0.326
88.58994 -3.969466 -3.028526 -610.248 0.326
88.58994 -3.541985 0 610.248 0.33
88.58752 -2.870229 -0.4857941 -97.8875 0.33
88.53989 -1.954198 -9.597507 -1836.01 0.331
88.53989 -1.221374 0 1933.898 0.361
88.53672 -0.7633588 -0.6395264 -128.8646 0.361
88.53672 -0.8244275 0 128.8646 0.365
88.53579 -1.007634 -0.1875534 -37.79201 0.365
88.53441 -0.8549618 -0.2782555 -18.27646 0.366
88.53441 -0.519084 0 56.06848 0.368
88.53349 0.03053435 -0.1844788 -37.17247 0.368
88.53349 -0.3969466 0 37.17247 0.373
88.52155 -2.59542 -2.407448 -485.1007 0.373
88.35397 -5.374046 -33.7673 -6319.01 0.376
88.35397 -6.59542 0 6804.111 0.404
88.33473 -5.862596 -3.875591 -780.9316 0.404
88.33473 -3.755725 0 780.9316 0.408
88.33492 -1.007634 0.03689575 7.434494 0.408
88.33894 1.19084 0.8117065 156.1244 0.41
88.34618 2.839695 1.45892 130.4134 0.412
88.50735 4.396946 32.47441 6249.622 0.414
88.50735 6.717557 0 -6543.594 0.443
88.52631 8.854961 3.820248 769.7799 0.443
88.54728 10.10687 4.226101 81.77943 0.445
88.56921 10.87023 4.418266 38.72132 0.447
88.59061 11.05344 4.313728 -21.0644 0.449
88.59061 10.35114 0 -869.2162 0.451
88.88358 9.587787 59.03167 11894.88 0.451
88.88358 9.312977 0 -11894.88 0.482
88.90427 9.801527 4.170757 840.4076 0.482
88.92681 10.90076 4.541252 74.65471 0.484
88.92681 11.63359 0 -915.0623 0.486
88.96075 11.66412 6.838013 1377.86 0.486
88.96075 10.96183 0 -1377.86 0.489
88.97842 9.679389 3.561977 717.7385 0.489
89.19507 8 43.65382 8078.507 0.491
89.19507 6.442748 0 -8796.245 0.521
89.21027 5.251908 3.063885 617.3728 0.521
89.21539 4.885496 1.031544 -409.5167 0.524
89.22153 5.343512 1.236008 41.19949 0.525
89.23719 6.931298 3.156124 386.9035 0.526
89.23719 8.732824 0 -635.959 0.528
89.27951 10.01527 8.527531 1718.297 0.528
89.27951 11.14504 0 -1718.297 0.532
89.30476 12.24428 5.088539 1025.341 0.532
89.69774 13.00763 79.18443 14930.32 0.534
89.69774 13.19084 0 -15955.66 0.564
89.74776 12.70229 10.07869 2030.856 0.564
89.74776 12.30534 0 -2030.856 0.568
89.78765 12.64122 8.038662 1619.79 0.568
89.78765 13.9542 0 -1619.79 0.571
89.82529 16.45802 7.585152 1528.408 0.571
90.56408 21.19084 148.8651 28467.92 0.573
90.56408 28.06107 0 -29996.33 0.603
90.67561 34.77863 22.47259 4528.227 0.603
90.67561 39.57252 0 -4528.227 0.606
90.76711 43.48092 18.43865 3715.388 0.606
90.86919 48.03053 20.56938 429.342 0.608
90.86919 54.0458 0 -4144.73 0.61
92.84183 60.61069 397.4856 80093.35 0.61
92.84183 66.65649 0 -80093.35 0.641
92.99179 72.09161 30.21762 6088.851 0.641
93.15307 77.86259 32.49747 459.3898 0.643
93.15307 83.41985 0 -6548.24 0.645
93.51215 88 72.35564 14579.66 0.645
93.51215 91.54198 0 -14579.66 0.649
93.70599 95.66412 39.05723 7870.032 0.649
94.00575 98.16794 60.40296 4301.165 0.651
94.00575 101.6794 0 -12171.2 0.654
97.43293 105.0992 690.5762 139151.1 0.654
97.43293 109.0992 0 -139151.1 0.686
97.6624 113.0687 46.23806 9316.97 0.686
97.89693 116.3969 47.25885 205.6877 0.688
98.13345 118.1374 47.65701 80.23058 0.69
98.36964 118.3817 47.59245 -13.01036 0.692
98.36964 117.8015 0 -9589.878 0.694
101.9931 117.2519 730.1254 147120.3 0.694
101.9931 116.5191 0 -147120.3 0.725
102.2195 114.7176 45.61545 9191.513 0.725
102.4398 111.6641 44.3902 -246.8872 0.727
102.4398 108.6412 0 -8944.626 0.729
102.8675 106.9618 86.18694 17366.67 0.729
102.8675 106.9008 0 -17366.67 0.733
103.0815 107.2977 43.12498 8689.685 0.733
106.2537 106.7176 639.2004 120109.2 0.735
106.2537 104.7634 0 -128798.9 0.765
106.5618 102.9008 62.08325 12509.78 0.765
106.5618 102.5038 0 -12509.78 0.768
106.7691 103.3282 41.76445 8415.537 0.768
106.9779 103.9389 42.07192 61.95412 0.77
106.9779 104.855 0 -8477.491 0.772
110.5521 108.3359 720.2081 145121.9 0.772
110.5521 115.0534 0 -145121.9 0.804
110.6793 123.2366 25.61949 5162.327 0.804
110.948 131.0534 54.14913 5748.723 0.805
110.948 137.6794 0 -10911.05 0.807
111.5155 141.0076 114.3538 23042.29 0.807
111.5155 142.7481 0 -23042.29 0.811
111.8175 147.542 60.85801 12262.89 0.811
112.2888 154.4733 94.95583 6870.712 0.813
112.7688 159.6947 96.72068 355.6166 0.816
121.0197 160.3053 1662.563 315517.2 0.819
121.0197 157.0382 0 -335006.4 0.871
121.6197 152.1221 120.8997 24361.29 0.871
121.6197 147.8779 0 -24361.29 0.875
121.9027 143.8168 57.02238 11490.01 0.875
122.0396 139.1756 27.57496 -5933.656 0.877
122.0396 134.5038 0 -5556.355 0.878
122.5594 130.7481 104.7547 21108.08 0.878
122.5594 129.1908 0 -21108.08 0.882
122.823 130.229 53.1099 10701.64 0.882
123.0951 133.3435 54.83631 347.8724 0.884
123.0951 138.8092 0 -11049.52 0.886
123.8366 145.5267 149.4032 30104.74 0.886
123.8366 151.0534 0 -30104.74 0.891
124.3018 153.9237 93.73981 18888.57 0.891
128.8776 156.2137 922.0218 166898.8 0.894
129.0388 159.3588 32.47441 -179243.8 0.923
129.5342 162.9313 99.83683 13573.53 0.924
129.5342 167.3893 0 -20117.12 0.927
129.8776 171.0534 69.18876 13941.54 0.927
130.2207 172.3053 69.14264 -9.293118 0.929
130.5572 170.8397 67.79594 -271.359 0.931
135.2122 165.6183 937.9946 175345 0.933
135.2122 155.4198 0 -189005.9 0.962
135.7469 141.374 107.7325 21708.1 0.962
135.7469 125.9542 0 -21708.1 0.966
135.8511 110.5038 20.99368 4230.227 0.966
136.1352 97.86259 57.25606 7306.869 0.967
136.1352 91.57252 0 -11537.1 0.97
136.7224 86.25954 118.3093 23839.32 0.97
136.7224 81.49619 0 -23839.32 0.977
136.9892 83.75572 53.76019 10832.68 0.977
139.7535 94.10687 557.0059 101404 0.98
139.7535 110.6565 0 -112236.7 1.007
140.3094 129.8321 112.0186 22571.74 1.007
140.3094 148.1221 0 -22571.74 1.011
140.6436 162.2595 67.3409 13569.19 1.011
140.9925 171.9389 70.311 598.4767 1.013
140.9925 177.0076 0 -14167.67 1.015
146.3851 176.7328 1086.604 218950.8 1.015
146.3851 171.1756 0 -218950.8 1.046
146.8479 160.9466 93.24171 18788.21 1.046
146.9881 147.542 28.26522 -13092.76 1.049
147.1129 133.0382 25.14445 -628.8343 1.05
147.3261 116.5191 42.9528 3588.383 1.051
147.3261 96.64122 0 -8654.99 1.053
149.5363 76.24428 445.3563 89739.3 1.053
149.5363 61.89313 0 -89739.3 1.085
149.5865 53.28244 10.10944 2037.051 1.085
149.6774 47.08397 18.33104 1656.653 1.086
149.6774 43.87786 0 -3693.705 1.088
149.8659 45.00763 37.97188 7651.333 1.088
149.8659 49.22137 0 -7651.333 1.092
149.9778 54.19847 22.54945 4543.715 1.092
151.674 57.70992 341.7776 64324.48 1.094
151.674 59.26717 0 -68868.2 1.123
151.9163 60.15267 48.82845 9838.934 1.123
151.9163 61.00763 0 -9838.934 1.127
152.0353 60.54962 23.98224 4832.421 1.127
152.1497 58.47328 23.05677 -186.4819 1.129
152.1497 55.93893 0 -4645.939 1.131
152.5094 53.28244 72.4817 14605.06 1.131
152.5094 49.49618 0 -14605.06 1.138
152.5885 43.8168 15.94204 3212.321 1.138
153.3903 35.29771 161.5542 29340.85 1.14
153.3903 24.0916 0 -32553.17 1.167
153.4308 12.48855 8.169334 1646.121 1.167
153.4308 3.725191 0 -1646.121 1.172
153.4266 -0.8244275 -0.8639755 -174.0911 1.172
153.4152 -3.450382 -2.281387 -285.6085 1.174
153.4152 -7.877862 0 459.6996 1.176
152.9472 -13.25191 -94.31784 -19005.04 1.176
152.9472 -16.94657 0 19005.04 1.207
152.8694 -18.59542 -15.66532 -3156.562 1.207
152.8694 -20.27481 0 3156.562 1.211
152.818 -23.38931 -10.36156 -2087.854 1.211
152.7557 -28.03053 -12.55685 -442.3524 1.213
152.7557 -34.29008 0 2530.206 1.215
151.3652 -41.55725 -280.1863 -56457.55 1.215
151.3652 -48.15267 0 56457.55 1.246
151.2551 -52.85496 -22.17435 -4468.131 1.246
151.1365 -57.19084 -23.90845 -349.4212 1.248
151.1365 -61.46565 0 4817.552 1.25
150.9346 -65.43511 -40.68064 -8197.149 1.25
150.9346 -69.16031 0 8197.149 1.253
150.7888 -72.21374 -29.37824 -5919.716 1.253
148.567 -73.58778 -447.6992 -84291.68 1.255
148.567 -74.53435 0 90211.39 1.285
148.3328 -76.58015 -47.17737 -9506.24 1.285
148.3328 -79.51145 0 9506.24 1.288
148.1645 -82.96183 -33.91335 -6833.539 1.288
147.9927 -85.34351 -34.61744 -141.8749 1.29
147.9927 -86.44275 0 6975.414 1.292
147.6383 -87.72519 -71.42095 -14391.32 1.292
147.6383 -89.49619 0 14391.32 1.296
144.6786 -91.38931 -596.3645 -120167.4 1.296
144.6786 -93.58778 0 120167.4 1.328
144.4825 -96.1832 -39.51535 -7962.343 1.328
144.2783 -99.90839 -41.15414 -330.2155 1.33
144.2783 -104.3359 0 8292.559 1.332
143.8308 -109.1298 -90.17322 -18169.9 1.332
143.8308 -114.626 0 18169.9 1.336
143.7078 -120.5496 -24.78472 -4994.122 1.336
139.8884 -125.4657 -769.6085 -150082 1.337
139.8884 -129.1603 0 155076.1 1.367
139.3593 -131.4809 -106.6164 -21483.21 1.367
139.3593 -133.0687 0 21483.21 1.371
139.225 -133.7099 -27.05074 -5450.723 1.371
138.9527 -134.8092 -54.88551 -5608.706 1.372
138.9527 -137.5878 0 11059.43 1.374
134.4765 -139.9389 -901.9351 -181739.9 1.374
134.4765 -139.8168 0 181739.9 1.406
134.339 -138.1374 -27.70871 -5583.305 1.406
134.0642 -136.916 -55.3713 -5574.012 1.407
133.7854 -137.8626 -56.18608 -164.1784 1.409
133.4998 -140.9771 -57.53893 -272.5981 1.411
133.4998 -144.5802 0 11594.09 1.413
132.7513 -148.0916 -150.8329 -30392.83 1.413
132.7513 -151.3282 0 30392.83 1.418
132.2881 -153.6794 -93.33395 -18806.79 1.418
127.788 -155.1145 -906.7684 -163907 1.421
127.788 -155.2366 0 182713.8 1.45
127.3167 -155.6641 -94.96352 -19135.15 1.45
127.3167 -158.5343 0 19135.15 1.453
126.985 -163.542 -66.83358 -13466.97 1.453
126.6474 -168.1221 -68.04192 -243.4797 1.455
126.6474 -169.5573 0 13710.45 1.457
121.454 -168.3359 -1046.456 -210860.8 1.457
121.454 -166.7176 0 210860.8 1.488
120.8006 -164.916 -131.6656 -26530.61 1.488
120.8006 -161.8015 0 26530.61 1.492
120.6461 -156.9466 -31.13387 -6273.474 1.492
120.194 -152.0611 -91.10023 -12083.22 1.493
120.194 -149.3435 0 18356.7 1.496
115.5894 -148.3969 -927.8175 -186955.2 1.496
115.5894 -148.6718 0 186955.2 1.527
115.4378 -150.687 -30.56352 -6158.549 1.527
114.9786 -152.6718 -92.51302 -12482.83 1.528
114.9786 -153.4046 0 18641.38 1.531
114.5065 -155.0534 -95.13262 -19169.22 1.531
114.5065 -159.6947 0 19169.22 1.534
114.1738 -164.916 -67.05188 -13510.95 1.534
109.1415 -167.8473 -1013.991 -190808.2 1.536
109.1415 -167.6336 0 204319.1 1.566
108.6556 -164.4886 -97.91979 -19730.84 1.566
108.6556 -159.4809 0 19730.84 1.569
108.3503 -154.3817 -61.50829 -12393.92 1.569
108.0501 -150.8702 -60.49827 203.5193 1.571
108.0501 -149.374 0 12190.4 1.573
107.2977 -149.5573 -151.6169 -30550.81 1.573
107.2977 -151.4198 0 30550.81 1.578
106.9869 -154.1374 -62.61824 -12617.58 1.578
102.273 -156.6107 -949.8489 -178777 1.58
102.273 -157.6488 0 191394.5 1.61
101.6609 -155.7252 -123.3348 -24851.96 1.61
101.6609 -150.3206 0 24851.96 1.614
101.2347 -144.0305 -85.8764 -17304.1 1.614
101.2347 -140.0916 0 17304.1 1.617
100.9557 -139.2672 -56.22759 -11329.86 1.617
96.76254 -139.7863 -844.9189 -158921.3 1.619
96.76254 -139.7557 0 170251.2 1.649
96.62368 -139.0534 -27.98082 -5638.134 1.649
96.3468 -138.687 -55.79099 -5603.75 1.65
96.3468 -138.1985 0 11241.88 1.652
95.79559 -137.4351 -111.0701 -22380.62 1.652
95.79559 -138.1679 0 22380.62 1.656
91.43949 -140.1832 -877.753 -176867.2 1.656
91.43949 -140.855 0 176867.2 1.687
91.16866 -138.1374 -54.57343 -10996.55 1.687
90.90912 -132.7023 -52.29665 458.7702 1.689
90.90912 -126.8397 0 10537.78 1.691
90.42392 -122.5343 -97.76759 -19700.17 1.691
90.42392 -120.0611 0 19700.17 1.695
90.1852 -118.8702 -48.1013 -9692.412 1.695
86.6627 -119.8473 -709.7836 -133329 1.697
86.6627 -123.084 0 143021.4 1.726
86.15228 -126.7176 -102.85 -20724.27 1.726
86.15228 -128.4886 0 20724.27 1.73
86.02923 -126.1679 -24.79548 -4996.29 1.73
85.7967 -119.9695 -46.85453 -4444.898 1.731
85.7967 -112.5496 0 9441.188 1.733
85.29272 -104.7939 -101.5509 -20462.52 1.733
85.29272 -96.79389 0 20462.52 1.738
82.51289 -89.89313 -560.1375 -112867.7 1.738
82.51289 -83.84733 0 112867.7 1.77
82.43324 -79.87786 -16.04965 -3234.005 1.77
82.27399 -79.41985 -32.08701 -3231.527 1.771
82.27399 -79.8168 0 6465.532 1.773
81.96114 -79.20611 -63.03947 -12702.45 1.773
81.96114 -77.22137 0 12702.45 1.777
81.81601 -74.229 -29.2445 -5892.766 1.777
79.80594 -70.90076 -405.0293 -75720.63 1.779
79.80594 -67.72519 0 81613.4 1.808
79.55788 -64.12214 -49.98452 -10071.88 1.808
79.55788 -59.9084 0 10071.88 1.812
79.50159 -56.82443 -11.34237 -2285.487 1.812
79.38982 -55.75573 -22.52024 -2252.342 1.813
79.38982 -56 0 4537.829 1.815
77.58464 -56.61069 -363.7444 -73294.51 1.815
77.58464 -56.21374 0 73294.51 1.847
77.53268 -53.89313 -10.46917 -2109.538 1.847
77.43766 -50.01527 -19.14736 -1748.655 1.848
77.43766 -45.00763 0 3858.193 1.85
77.29421 -39.41985 -28.90475 -5824.307 1.85
77.29421 -32.30534 0 5824.307 1.854
77.25464 -23.72519 -7.974094 -1606.78 1.854
77.18945 -15.84733 -13.13489 -1039.9 1.856
77.18945 -10.22901 0 2646.68 1.861
77.0167 -6.564886 -34.8096 -7014.135 1.861
77.0167 -4.580153 0 7014.135 1.892
77.01118 -3.480916 -1.113022 -224.2739 1.892
77.00947 -2.045802 -0.3443604 154.8853 1.894
77.01104 0.3358779 0.3166885 133.2014 1.896
77.01855 2.80916 1.512726 241.0015 1.897
77.01855 4.70229 0 -304.8143 1.899
77.26917 6.442748 50.50106 10175.96 1.899
77.26917 9.221375 0 -10175.96 1.931
77.26917 13.70992 0 0 1.931
77.3365 19.41985 13.56688 2733.725 1.931
77.3365 25.46565 0 -2733.725 1.934
77.47128 31.1145 27.15835 5472.407 1.934
77.47128 36.27481 0 -5472.407 1.938
77.55797 41.09924 17.46706 3519.614 1.938
78.96192 45.58779 282.8966 53484.06 1.94
78.96192 51.23664 0 -57003.67 1.969
79.20681 58.35115 49.34499 9943.017 1.969
79.20681 64.09161 0 -9943.017 1.973
79.33618 65.34351 26.06839 5252.78 1.973
79.46436 64.03053 25.82856 -48.32421 1.975
79.46436 64.15267 0 -5204.456 1.977
81.56195 66.47328 422.6639 85166.78 1.977
81.56195 68.85497 0 -85166.78 2.008
81.69859 68.91603 27.53345 5547.991 2.008
81.83274 67.72519 27.03075 -101.295 2.01
81.83274 66.41222 0 -5446.696 2.012
82.10229 66.38168 54.31516 10944.5 2.012
82.10229 68.39695 0 -10944.5 2.016
82.17453 71.26717 14.55537 2932.908 2.016
82.39465 73.22137 44.35484 6004.593 2.017
82.39465 73.52672 0 -8937.501 2.02
84.86739 73.83206 498.2556 100398.5 2.02
84.86739 76.03053 0 -100398.5 2.053
84.95046 80.24428 16.73991 3373.092 2.053
85.12904 85.92367 35.98258 3877.398 2.054
85.32339 92.64122 39.1633 640.9153 2.056
85.53731 101.7099 43.10346 793.942 2.058
85.53731 112.2137 0 -8685.348 2.06
89.38416 120.8855 775.1413 156191 2.06
89.38416 127.2977 0 -156191 2.091
89.65376 132.5191 54.32438 10946.36 2.091
89.9316 137.0992 55.98469 334.5522 2.093
89.9316 140.7328 0 -11280.92 2.095
90.49697 141.9542 113.9218 22955.24 2.095
90.49697 140.7328 0 -22955.24 2.099
90.7707 138.3817 55.15607 11113.95 2.099
94.64386 135.3282 780.442 146145.1 2.101
94.64386 131.7863 0 -157259.1 2.13
95.15775 128.8244 103.5479 20864.91 2.13
95.15775 128.1221 0 -20864.91 2.134
95.67377 128.7634 103.9799 20951.95 2.134
95.67377 129.2519 0 -20951.95 2.138
95.80265 129.0382 25.96846 5232.645 2.138
96.58091 128.7328 156.8192 26366.43 2.139
96.58091 130.687 0 -31599.08 2.145
100.7859 136.2748 847.3156 170734.1 2.145
100.7859 144.0611 0 -170734.1 2.175
101.0871 149.4046 60.67968 12226.96 2.175
101.3901 151.7252 61.04863 74.34494 2.177
101.3901 151.2672 0 -12301.3 2.179
101.9616 146.5343 115.1716 23207.08 2.179
101.9616 139.2366 0 -23207.08 2.183
102.092 132.4275 26.27285 5293.979 2.183
105.9251 128.3664 772.3741 150339.4 2.184
105.9251 127.1756 0 -155633.4 2.214
106.443 128.0916 104.3489 21026.3 2.214
106.443 130.8397 0 -21026.3 2.218
106.9714 132.916 106.4642 21452.54 2.218
106.9714 131.2672 0 -21452.54 2.222
107.0958 126.3511 25.06759 5051.119 2.222
110.7645 122.4122 739.2433 143906.4 2.223
110.7645 122.1679 0 -148957.5 2.253
111.141 124.3359 75.87151 15288.11 2.253
111.141 126.687 0 -15288.11 2.256
111.402 129.0687 52.5826 10595.39 2.256
111.6697 131.9084 53.94928 275.386 2.258
111.947 135.8168 55.88169 389.3816 2.26
112.3823 141.4962 87.7135 6414.11 2.262
112.3823 148.7023 0 -17674.27 2.265
117.513 156.5191 1033.84 208318.9 2.265
117.513 164.1527 0 -208318.9 2.297
117.8519 169.1298 68.28481 13759.39 2.297
118.1859 169.7405 67.29478 -199.4923 2.299
118.1859 164.2137 0 -13559.9 2.301
118.7934 155.7557 122.4124 24666.1 2.301
118.7934 148 0 -24666.1 2.305
118.934 142.3206 28.3344 5709.382 2.305
123.0639 138.9313 832.1776 161974.4 2.306
123.0639 136.3969 0 -167683.8 2.336
123.4754 135.8168 82.90475 16705.31 2.336
123.4754 138.4733 0 -16705.31 2.339
123.7697 143.9695 59.30377 11949.71 2.339
124.0749 150.3206 61.50829 444.211 2.341
124.0749 154.9618 0 -12393.92 2.343
128.8646 155.8779 965.1129 194470.3 2.343
128.8646 153.1298 0 -194470.3 2.374
129.1574 148.7634 59.00553 11889.61 2.374
129.4426 144.0916 57.46513 -310.3901 2.376
129.7247 141.0687 56.83791 -126.3864 2.378
130.007 141.0076 56.89017 10.5322 2.38
130.007 141.3435 0 -11463.37 2.382
130.6788 138.0458 135.3613 27275.3 2.382
130.6788 130.6565 0 -27275.3 2.387
130.9244 123.7863 49.5018 9974.613 2.387
134.5173 121.8931 723.9715 135905.6 2.389
134.5173 125.8931 0 -145880.3 2.418
135.0716 134.1985 111.6804 22503.59 2.418
135.0716 142.9313 0 -22503.59 2.422
135.3755 149.6794 61.23465 12338.78 2.422
135.6858 154.1985 62.526 260.2073 2.424
135.6858 156.0916 0 -12598.99 2.426
140.3542 153.9237 940.691 189549.3 2.426
140.3542 147.2672 0 -189549.3 2.457
140.8759 136.1832 105.1252 21182.73 2.457
140.8759 124.6718 0 -21182.73 2.461
141.1032 116.1832 45.78763 9226.207 2.461
141.3215 111.0534 43.98896 -362.4316 2.463
141.3215 107.2672 0 -8863.775 2.465
144.4963 103.6031 639.7201 128903.6 2.465
144.4963 101.2214 0 -128903.6 2.496
144.6991 100.8855 40.87127 8235.561 2.496
144.9053 101.9542 41.54462 135.6795 2.498
144.9053 104.2137 0 -8371.24 2.5
145.2324 107.0534 65.91426 13281.72 2.5
145.2324 111.0229 0 -13281.72 2.503
145.4672 115.8779 47.31573 9534.119 2.503
148.9994 118.9313 711.7406 133881.6 2.505
148.9994 116.5496 0 -143415.7 2.535
149.315 109.2519 63.58675 12812.73 2.535
149.315 101.1298 0 -12812.73 2.538
149.4978 94.99236 36.84041 7423.342 2.538
149.6649 87.84733 33.65815 -641.2251 2.54
149.6649 79.17558 0 -6782.117 2.542
150.1416 70.56489 96.06424 19356.95 2.542
150.1416 65.64886 0 -19356.95 2.549
150.2715 64.61069 26.16831 5272.915 2.549
152.1607 65.25191 380.6719 71432.48 2.551
152.2249 65.03817 12.94118 -74097.75 2.58
152.3486 63.38931 24.93538 2416.83 2.581
152.3486 60.36641 0 -5024.479 2.583
152.5643 56.48855 43.46012 8757.215 2.583
152.5643 51.35878 0 -8757.215 2.587
152.6442 44.0916 16.10192 3244.537 2.587
153.5767 35.8168 187.8855 34614.39 2.589
153.5767 28.48855 0 -37858.92 2.618
153.6588 22.47328 16.53852 3332.512 2.618
153.6588 18.56489 0 -3332.512 2.622
153.6721 15.60305 2.681091 540.2399 2.622
153.6952 10.99237 4.658089 398.365 2.623
153.6952 4.427481 0 -938.6049 2.626
153.5461 -2.198473 -30.03929 -6052.917 2.626
153.5461 -7.419847 0 6052.917 2.657
153.5291 -12.82443 -3.419006 -688.9298 2.657
153.4495 -21.09924 -16.04043 -2543.217 2.658
153.4495 -31.96947 0 3232.146 2.661
153.3111 -42.47328 -27.89934 -5621.717 2.661
153.3111 -49.83206 0 5621.717 2.664
153.1983 -54.83969 -22.73086 -4580.268 2.664
153.0198 -57.98473 -35.95798 -2665.266 2.666
153.0198 -60.9771 0 7245.534 2.669
150.815 -65.49619 -444.274 -89521.22 2.669
150.815 -72.30534 0 89521.22 2.701
150.7337 -78.96183 -16.36942 -3298.437 2.701
150.5639 -83.54198 -34.23003 -3598.915 2.702
150.3887 -86.32061 -35.28771 -213.1222 2.704
150.2073 -88.79389 -36.56062 -256.4901 2.706
150.2073 -92.67175 0 7366.964 2.708
146.9937 -99.54198 -647.542 -130479.7 2.708
146.9937 -107.7863 0 130479.7 2.739
146.7608 -114.3206 -46.93447 -9457.296 2.739
146.5188 -118.626 -48.75466 -366.7684 2.741
146.5188 -123.3282 0 9824.064 2.743
145.9887 -129.313 -106.8101 -21522.24 2.743
145.9887 -135.7252 0 21522.24 2.747
145.7049 -140.6107 -57.19149 -11524.08 2.747
141.3789 -143.2061 -871.6806 -164119.6 2.749
141.3789 -145.1908 0 175643.6 2.779
140.9331 -147.4504 -89.84423 -18103.61 2.779
140.9331 -149.8015 0 18103.61 2.782
140.6298 -151.3282 -61.10244 -12312.14 2.782
140.3261 -151.9389 -61.1916 -17.96669 2.784
140.3261 -151.7252 0 12330.11 2.786
135.6804 -150.626 -936.1129 -188626.7 2.786
135.6804 -149.0992 0 188626.7 2.817
135.0829 -148.6412 -120.4031 -24261.23 2.817
135.0829 -150.1069 0 24261.23 2.821
134.7808 -151.145 -60.86262 -12263.82 2.821
134.4792 -150.9313 -60.78575 15.48853 2.823
134.4792 -150.7176 0 12248.33 2.825
133.7077 -152.3969 -155.4449 -31322.14 2.825
133.7077 -156.1832 0 31322.14 2.83
133.3887 -159.5114 -64.27855 -12952.13 2.83
128.7828 -159.4809 -928.0911 -174058.2 2.832
128.7828 -158.1679 0 187010.4 2.861
128.1569 -157.1298 -126.1281 -25414.82 2.861
128.1569 -155.8473 0 25414.82 2.865
127.8451 -155.3282 -62.82885 -12660.01 2.865
127.6868 -156.458 -31.88408 6235.372 2.867
127.6868 -160.0305 0 6424.642 2.868
122.5144 -165.4657 -1042.256 -210014.6 2.868
122.5144 -168.2443 0 210014.6 2.899
122.1827 -166.8702 -66.83358 -13466.97 2.899
121.8531 -164.7939 -66.40313 86.73576 2.901
121.8531 -164.7328 0 13380.23 2.903
121.1776 -166.8702 -136.1192 -27428.02 2.903
121.1776 -170.9008 0 27428.02 2.907
120.9979 -176.6412 -36.21011 -7296.336 2.907
115.4582 -182.7786 -1116.247 -217627.5 2.908
115.0849 -186.5343 -75.22583 209765.8 2.938
114.7138 -186.7786 -74.78001 89.83347 2.94
114.7138 -184.3664 0 15068.17 2.942
114.1801 -180.7634 -107.5373 -21668.76 2.942
114.1801 -175.0229 0 21668.76 2.945
113.8541 -167.1756 -65.67751 -13234.02 2.945
109.2268 -158.7481 -932.4048 -174645.6 2.947
109.2268 -149.7405 0 187879.6 2.977
108.6751 -141.0992 -111.1654 -22399.82 2.977
108.6751 -134.7481 0 22399.82 2.981
108.4085 -132.4886 -53.7279 -10826.17 2.981
108.1366 -134.1374 -54.78558 -213.1222 2.983
108.1366 -137.771 0 11039.29 2.985
107.5656 -141.4657 -115.0594 -23184.47 2.985
107.5656 -144.0305 0 23184.47 2.989
107.1126 -147.7252 -91.28471 -18393.87 2.989
102.5337 -154.2901 -922.6428 -167518.7 2.992
102.5337 -161.4962 0 185912.5 3.021
102.033 -166.1985 -100.8822 -20327.77 3.021
102.033 -167.5725 0 20327.77 3.024
101.698 -167.8168 -67.51769 -13604.82 3.024
101.3659 -167.2366 -66.90122 124.2188 3.026
101.3659 -164.7634 0 13480.6 3.028
96.32023 -160.4886 -1016.71 -204867.1 3.028
96.32023 -154.8702 0 204867.1 3.06
95.8792 -149.0076 -88.86649 -17906.6 3.06
95.8792 -145.0076 0 17906.6 3.063
95.58948 -144.4886 -58.37984 -11763.54 3.063
95.29942 -145.2214 -58.44595 -13.32014 3.065
95.29942 -144.855 0 11776.86 3.067
91.00011 -141.6183 -866.3123 -174561.9 3.067
91.00011 -135.7557 0 174561.9 3.098
90.87415 -129.1298 -25.3812 -5114.313 3.098
90.63279 -122.8092 -48.63321 -4685.28 3.099
90.63279 -118.5343 0 9799.593 3.101
90.17063 -116.4275 -93.12488 -18764.66 3.101
90.17063 -114.6565 0 18764.66 3.105
89.94839 -112.3664 -44.78222 -9023.617 3.105
86.80003 -109.8626 -634.3948 -118806.9 3.107
86.69421 -107.2672 -21.32113 123534.3 3.136
86.38555 -104.3359 -62.19548 -8236.181 3.137
86.38555 -101.4351 0 12532.39 3.14
86.1939 -97.98473 -38.61755 -7781.437 3.14
86.01121 -93.67939 -36.81274 363.6707 3.142
86.01121 -89.00764 0 7417.767 3.144
85.40643 -86.19847 -121.8621 -24555.21 3.144
85.40643 -86.59542 0 24555.21 3.151
85.23463 -87.20611 -34.61744 -6975.414 3.151
82.86108 -84.58015 -478.2719 -89396.38 3.153
82.86108 -79.1145 0 96371.8 3.182
82.57838 -73.19084 -56.96397 -11478.24 3.182
82.57838 -68.15267 0 11478.24 3.186
82.51514 -64.67175 -12.74133 -2567.379 3.186
82.39519 -61.80153 -24.17133 -2303.144 3.187
82.39519 -58.16794 0 4870.523 3.189
80.76489 -53.80153 -328.5044 -66193.63 3.189
80.76489 -48.0916 0 66193.63 3.221
80.64581 -42.07634 -23.99607 -4835.209 3.221
80.64581 -37.31298 0 4835.209 3.224
80.58376 -32.94656 -12.50305 -2519.364 3.224
80.52825 -29.09924 -11.18402 265.7832 3.226
80.52825 -26.41221 0 2253.581 3.228
79.75207 -25.19084 -156.4011 -31514.82 3.228
79.75207 -24.8855 0 31514.82 3.259
79.70624 -23.81679 -9.234699 -1860.792 3.259
79.66415 -22.01527 -8.479874 152.0974 3.261
79.66415 -20.06107 0 1708.695 3.263
79.59705 -18.13741 -13.52229 -2724.742 3.263
79.59705 -15.41985 0 2724.742 3.267
79.58778 -11.51145 -1.867847 -376.3713 3.267
79.42747 -7.022901 -32.30223 -6132.528 3.268
79.42747 -3.664122 0 6508.899 3.298
79.42197 -1.648855 -1.106873 -223.0348 3.298
79.42197 -1.099237 0 223.0348 3.302
79.42417 0 0.442749 89.21393 3.302
79.43123 2.198473 1.422024 197.3239 3.304
79.43123 4.854962 0 -286.5378 3.306
79.45731 6.412214 5.25457 1058.796 3.306
79.45731 6.625954 0 -1058.796 3.31
79.46655 5.496183 1.863235 375.442 3.31
79.549 3.755725 16.61231 2971.939 3.312
79.549 1.740458 0 -3347.381 3.342
79.54802 0.1832061 -0.1967773 -39.65063 3.342
79.54802 -0.6717557 0 39.65063 3.346
79.54463 -1.435115 -0.6825714 -137.5381 3.346
79.54152 -1.954198 -0.6272278 11.15174 3.348
79.54053 -1.160305 -0.1983147 86.42599 3.35
79.55559 0.1832061 3.033138 651.1378 3.352
79.55559 0.8549618 0 -611.1774 3.381
79.55651 0.2137405 0.1860161 37.48224 3.381
79.55651 0.2442748 0 -37.48224 3.385
79.56176 1.801527 1.057678 213.1222 3.385
79.566 3.450382 0.8547516 -40.88972 3.387
79.566 5.038168 0 -172.2325 3.388
79.81028 6.687023 49.22201 9918.234 3.388
79.81028 8.580153 0 -9918.234 3.42
79.821 10.25954 2.159939 435.2277 3.42
79.84411 11.17557 4.656551 503.0674 3.421
79.84411 11.93893 0 -938.2951 3.423
79.89675 12.82443 10.60753 2137.417 3.423
79.89675 13.49618 0 -2137.417 3.427
79.92442 13.77099 5.574333 1123.228 3.427
80.33174 13.89313 82.07614 15415.11 3.429
80.34605 14.19847 2.884018 -15957.21 3.458
80.38924 14.41221 8.701248 1172.172 3.459
80.38924 14.38168 0 -1753.302 3.462
80.41553 13.80153 5.297615 1067.469 3.462
80.4395 12.48855 4.830269 -94.17026 3.464
80.4395 11.48092 0 -973.2992 3.466
80.51848 11.26718 15.91437 3206.745 3.466
80.51848 11.29771 0 -3206.745 3.473
80.54186 11.51145 4.711895 949.4468 3.473
80.87744 11.87786 67.61916 12675.81 3.475
80.90181 12.0916 4.91021 -12635.85 3.503
80.92626 12.27481 4.92712 3.407476 3.505
80.92626 12.18321 0 -992.8148 3.507
80.9575 11.17557 6.2938 1268.201 3.507
80.9575 9.648855 0 -1268.201 3.51
80.97469 8.702291 3.465126 698.2229 3.51
81.21698 8.488549 48.82077 9139.161 3.512
81.21698 7.664122 0 -9837.385 3.542
81.2315 5.862596 2.925526 589.4934 3.542
81.2315 3.816794 0 -589.4934 3.545
81.23354 1.770992 0.4120026 83.01852 3.545
81.23324 0.2748092 -0.06149292 -95.40934 3.547
81.23324 -0.5801527 0 12.39082 3.549
81.21663 -0.5496183 -3.346752 -674.3705 3.549
81.21663 -0.4885496 0 674.3705 3.581
81.21422 -0.7633588 -0.4857941 -97.8875 3.581
81.21031 -1.648855 -0.7871094 -60.71503 3.583
81.21031 -2.259542 0 158.6025 3.585
81.20696 -2.137405 -0.6748848 -135.9893 3.585
81.20696 -0.09160306 0 135.9893 3.588
81.21579 3.083969 1.778683 358.4046 3.588
81.4109 5.740458 39.3155 7563.668 3.59
81.4109 7.267176 0 -7922.073 3.62
81.43669 8.21374 5.196152 1047.025 3.62
81.43669 8.977099 0 -1047.025 3.623
81.45495 9.160305 3.678814 741.281 3.623
81.4725 9.099236 3.53738 -28.49889 3.625
81.4725 8.458015 0 -712.7821 3.627
81.51365 8.061069 8.290783 1670.593 3.627
81.51365 8.396947 0 -1670.593 3.632
81.77348 8.763359 52.35661 10549.86 3.632
81.77348 8 0 -10549.86 3.663
81.78298 5.89313 1.913967 385.6644 3.663
81.78851 3.603053 1.113022 -161.3905 3.665
81.78851 1.923664 0 -224.2739 3.667
81.79089 0.7328244 0.4796448 96.64842 3.667
81.79089 0.4580153 0 -96.64842 3.671
81.79264 1.374046 0.3535843 71.24724 3.671
81.85631 2.137405 12.82896 2513.788 3.672
81.85631 2.10687 0 -2585.036 3.702
81.86553 1.801527 1.858624 374.5126 3.702
81.86553 2.80916 0 -374.5126 3.706
81.87074 4.48855 1.048454 211.2635 3.706
81.88356 5.923664 2.58424 309.4608 3.707
81.88356 6.900764 0 -520.7244 3.709
82.14298 7.603054 52.27359 10533.13 3.709
82.14298 8.610687 0 -10533.13 3.741
82.15266 9.526717 1.950863 393.0989 3.741
82.17242 9.832061 3.980129 408.8972 3.742
82.17242 9.923664 0 -801.996 3.744
82.21266 9.984733 8.109379 1634.04 3.744
82.21266 10.1374 0 -1634.04 3.748
82.23202 9.893129 3.900188 785.888 3.748
82.28817 9.465649 11.3147 1494.024 3.75
82.28817 9.251908 0 -2279.912 3.756
82.55153 9.129771 53.06685 10692.97 3.756
82.55153 8.427481 0 -10692.97 3.786
82.55845 7.267176 1.394352 280.9619 3.786
82.57143 6.564886 2.614986 245.9578 3.787
82.57143 6.412214 0 -526.9197 3.789
82.59707 6.473282 5.166943 1041.139 3.789
82.59707 6.351145 0 -1041.139 3.793
82.75089 5.496183 30.99397 6245.285 3.793
82.75089 4.427481 0 -6245.285 3.824
82.75803 3.633588 1.440472 290.255 3.824
82.76546 3.51145 1.495815 11.15174 3.826
82.76546 3.908397 0 -301.4068 3.828
82.78402 4.458015 3.740307 753.6718 3.828
82.78402 4.824428 0 -753.6718 3.832
82.7941 5.007634 2.030804 409.2069 3.832
82.93401 5.068702 28.19143 5271.366 3.834
82.93401 4.580153 0 -5680.573 3.863
82.94817 3.938931 2.854809 575.244 3.863
82.94817 3.145038 0 -575.244 3.867
82.95226 2.198473 0.8240051 166.037 3.867
82.95441 1.89313 0.4335251 -78.68173 3.869
82.95713 2.412214 0.547287 22.92302 3.87
83.05132 3.022901 18.97825 3713.84 3.871
83.05132 3.053435 0 -3824.118 3.902
83.05801 3.083969 1.348232 271.6688 3.902
83.0621 3.603053 0.8240051 -105.6318 3.904
83.0621 4.580153 0 -166.037 3.905
83.08298 5.160306 4.207653 847.8421 3.905
83.08298 5.282443 0 -847.8421 3.909
83.09299 5.19084 2.018505 406.7288 3.909
83.12167 4.824428 5.77726 757.3891 3.911
83.12167 4.732824 0 -1164.118 3.917
83.25861 4.732824 27.59495 5560.382 3.917
83.25861 4.396946 0 -5560.382 3.947
83.27534 4.061069 3.371349 679.3269 3.947
83.27534 4.305344 0 -679.3269 3.951
83.28701 5.282443 2.350567 473.6392 3.951
83.30069 6.38168 2.75642 81.77943 3.953
83.30069 7.29771 0 -555.4186 3.955
83.53497 7.572519 47.20658 9512.125 3.955
83.53497 7.541985 0 -9512.125 3.986
83.54947 7.480916 2.922451 588.8739 3.986
83.56165 7.022901 2.455105 -94.17026 3.988
83.56165 5.160306 0 -494.7036 3.99
83.5764 4.030534 2.971645 598.7866 3.99
83.5764 5.801527 0 -598.7866 3.993
83.59182 7.633588 3.10693 626.0463 3.993
83.80617 7.78626 43.19109 8076.958 3.995
83.80617 6.503817 0 -8703.005 4.025
83.82137 4.610687 3.063885 617.3728 4.025
83.82137 2.992366 0 -617.3728 4.029
83.82317 2.229008 0.3612709 72.79609 4.029
