73.72446 106.4683 69925527
73.72481 106.465 69925561
73.72466 106.464 69925594
73.74025 106.466 69925627
73.73791 106.4447 69925660
73.73536 106.4424 69925694
73.73133 106.4465 69925727
73.73038 106.447 69925760
73.7313 106.4443 69925794
73.73159 106.4442 69925827
73.73181 106.4441 69925887
73.7321 106.4389 69925902
73.74867 106.439 69925928
73.8097 106.4233 69925960
73.97903 106.4 69925994
74.39462 106.3415 69926028
74.71995 106.2163 69926060
75.82339 105.8548 69926094
76.7991 105.682 69926127
78.1216 105.6535 69926160
78.82267 105.5239 69926194
78.83199 105.1968 69926226
78.67191 104.8424 69926260
78.32236 103.9761 69926294
78.06854 103.3725 69926328
76.40697 102.4915 69926360
74.95616 101.9505 69926394
74.05968 101.5825 69926426
74.06995 101.2531 69926461
74.09179 101.1268 69926494
74.19397 101.0404 69926527
74.38134 100.9581 69926561
75.48848 101.2859 69926593
76.26577 101.5009 69926627
77.75536 102.1554 69926660
78.79266 102.558 69926694
80.38609 103.1763 69926728
81.15869 103.5612 69926760
82.06774 104.0583 69926795
82.71909 104.1463 69926827
82.91081 104.2549 69926860
82.83067 104.29 69926896
82.10073 104.4723 69926927
81.44012 104.6665 69926960
80.86503 104.8377 69926994
80.20441 105.0176 69927028
79.83111 105.2026 69927061
79.46192 105.2704 69927094
79.17535 105.2293 69927127
78.90319 105.1439 69927160
78.43371 104.9053 69927195
77.2843 104.3277 69927227
75.84412 103.8045 69927260
74.14837 103.2405 69927295
71.3353 102.7479 69927328
69.06546 102.4705 69927360
67.513 102.3411 69927394
66.96961 102.3137 69927428
66.46175 102.327 69927460
66.01754 102.266 69927494
66.6229 101.907 69927527
66.88364 101.7469 69927560
67.16158 101.6401 69927594
68.27052 101.235 69927628
68.48596 101.1025 69927660
67.71281 101.1853 69927696
67.69468 101.1426 69927728
67.20334 101.241 69927760
66.74756 101.24 69927794
65.20535 101.9923 69927827
64.56619 102.5628 69927860
64.3167 102.7661 69927904
64.03052 102.8708 69927927
64.01382 102.9238 69927960
64.20536 102.971 69927994
65.9011 103.1369 69928028
67.53039 102.9439 69928061
69.07932 102.9424 69928094
70.51986 103.1124 69928127
71.4358 103.2505 69928160
72.38251 103.41 69928194
73.1946 103.4927 69928228
73.90335 103.5308 69928260
74.53581 103.4444 69928294
75.03065 103.2386 69928327
75.74283 103.1314 69928361
76.5806 102.8715 69928395
77.93137 102.722 69928427
79.88737 102.4562 69928461
81.54951 102.1441 69928494
82.60545 101.8403 69928528
84.00336 101.4814 69928561
84.84238 101.1506 69928594
84.82729 100.8762 69928627
84.60999 100.5595 69928660
84.47807 100.2538 69928694
85.66653 99.96542 69928726
86.98187 99.81564 69928761
87.5544 99.77983 69928795
88.08544 99.73501 69928827
88.41859 99.59278 69928861
88.85542 99.52924 69928895
89.89468 99.81619 69928937
90.86448 99.8951 69928963
90.99441 99.90382 69928995
92.03857 100.7098 69929027
92.17142 100.7483 69929060
93.43926 100.6683 69929094
94.2394 100.9209 69929127
95.08389 101.2329 69929161
96.19546 101.6039 69929194
96.39275 101.7926 69929226
96.00777 102.0802 69929260
95.4295 102.4259 69929296
95.40013 102.5237 69929328
94.69918 102.7726 69929360
92.16148 102.9665 69929394
90.9062 103.1851 69929428
89.96696 103.4282 69929461
88.91051 103.748 69929494
87.8056 104.0608 69929527
86.88803 104.3078 69929561
86.36289 104.4717 69929593
85.91819 104.5399 69929626
85.2468 104.5074 69929660
84.86426 104.404 69929695
83.81372 104.0979 69929728
82.08421 103.6354 69929760
79.97869 103.0715 69929794
76.2823 102.7247 69929827
73.66068 102.5935 69929860
71.0274 102.5694 69929894
70.25991 102.5481 69929935
68.42177 102.5836 69929960
67.07077 102.6059 69929994
66.34381 102.5686 69930028
65.12438 102.4938 69930060
64.61163 102.3738 69930094
63.80235 102.3453 69930127
62.52164 102.5257 69930161
61.56244 102.6015 69930194
60.62986 102.7436 69930227
59.91161 102.8309 69930260
59.259 102.9342 69930295
58.72865 103.1116 69930327
58.49559 103.1965 69930361
58.28663 103.3133 69930394
58.26245 103.562 69930427
58.34225 103.8926 69930460
58.92753 104.1736 69930494
60.41222 104.5284 69930526
63.17804 104.9446 69930560
65.6875 105.2295 69930596
66.61327 105.3559 69930628
69.66384 105.9178 69930660
71.63315 106.4691 69930694
73.09948 106.8796 69930726
74.34003 107.2991 69930759
74.91846 107.3899 69930795
75.53493 107.5807 69930826
76.2104 107.6372 69930860
76.90946 107.5642 69930894
77.87883 107.271 69930927
78.93851 106.897 69930960
79.74699 106.3765 69930994
82.7032 105.8233 69931027
84.41765 105.5923 69931059
85.71626 105.3695 69931093
87.16605 105.0846 69931126
87.9161 104.9412 69931160
88.50473 104.7243 69931195
88.69515 104.5876 69931228
88.84827 104.4215 69931260
89.1379 104.2731 69931294
89.48866 104.1551 69931327
89.44626 103.9363 69931360
89.49866 103.831 69931394
89.53999 103.7428 69931429
89.45507 103.5941 69931462
89.48091 103.5583 69931494
89.63373 103.5611 69931527
89.6234 103.5489 69931559
89.65143 103.5532 69931593
89.60587 103.5527 69931627
89.503 103.5988 69931660
89.51326 103.7525 69931694
89.49937 103.9732 69931727
89.22919 104.2144 69931761
89.06987 104.683 69931795
88.83425 105.0318 69931829
88.53902 105.4629 69931860
88.36965 105.5996 69931894
87.77474 105.8469 69931927
87.70665 105.8511 69931959
87.17362 106.0365 69931993
86.49637 106.2463 69932028
85.06171 106.8277 69932060
84.12415 107.2414 69932094
83.82916 107.5371 69932127
83.41685 107.6286 69932160
83.16998 107.6641 69932193
82.90282 107.6682 69932227
82.55719 107.6522 69932260
81.77854 107.5095 69932294
81.01977 107.246 69932327
79.94469 107.0328 69932360
78.08552 106.7607 69932395
75.91302 106.3709 69932428
73.97433 106.1518 69932460
72.6449 106.069 69932495
71.41877 106.0454 69932528
71.13304 106.0605 69932560
70.88896 106.0127 69932593
70.67544 106.0013 69932627
70.7466 105.945 69932660
70.60457 105.8192 69932695
70.12101 105.6737 69932728
70.15612 105.4742 69932761
70.14519 105.4405 69932795
69.99253 105.4179 69932828
69.8545 105.3667 69932862
69.82429 105.3588 69932895
69.76873 105.3295 69932927
69.76379 105.3257 69932971
69.74346 105.3142 69932994
69.75563 105.3255 69933027
68.36674 105.3067 69933060
68.16936 105.3388 69933093
68.15642 105.3407 69933127
68.45367 105.4039 69933160
70.05841 105.833 69933194
71.88196 106.171 69933227
73.19888 106.3872 69933260
74.32027 106.6332 69933294
75.3172 106.9847 69933327
77.01372 107.5999 69933360
77.73082 108.1198 69933394
78.13017 108.5844 69933427
78.55174 108.899 69933460
78.77314 109.2658 69933496
78.83622 109.513 69933529
78.84815 109.61 69933562
78.90929 109.677 69933595
79.12184 109.8053 69933629
79.28136 109.8245 69933662
79.4529 109.7565 69933694
79.59364 109.626 69933727
80.45722 109.1957 69933760
81.39359 108.9886 69933794
82.30704 108.7677 69933827
82.93768 108.5251 69933860
83.07385 108.4111 69933895
83.13803 108.3712 69933927
83.11277 108.2747 69933970
83.03025 108.1817 69933994
82.99866 108.0964 69934027
82.97733 107.9664 69934059
82.22692 107.4176 69934094
82.17192 107.3683 69934127
81.99582 107.1425 69934159
81.59756 106.8512 69934194
81.50277 106.6962 69934228
81.68119 106.7428 69934260
81.7539 106.7217 69934294
81.8664 106.6957 69934328
81.98853 106.712 69934360
82.24537 106.7532 69934395
82.62247 106.8206 69934427
82.81863 106.8027 69934461
82.97201 106.7744 69934495
83.71717 106.8211 69934528
83.67243 106.8155 69934560
83.45671 106.7769 69934594
82.73608 106.7027 69934627
81.81848 106.6012 69934660
81.11853 106.7324 69934695
80.73371 106.7912 69934729
80.366 106.8516 69934761
79.98885 107.13 69934794
79.68359 107.1647 69934827
79.48025 107.4207 69934860
79.35384 107.4719 69934894
79.23566 107.5553 69934927
79.14762 107.5802 69934960
79.05305 107.6052 69935004
78.8879 107.5428 69935029
78.35516 107.305 69935062
77.22609 106.8766 69935094
76.0466 106.5541 69935127
73.84171 105.9634 69935160
71.36135 105.5404 69935194
69.22778 105.3318 69935227
67.57203 105.1219 69935260
66.85728 104.9034 69935295
66.65542 104.7979 69935328
66.15688 104.6654 69935359
65.69592 104.4419 69935394
64.99574 104.0857 69935427
64.34843 103.8767 69935460
64.08901 103.6455 69935494
63.5547 103.2438 69935528
62.27184 102.9403 69935560
62.24434 102.831 69935595
62.19172 102.7862 69935628
61.38679 102.5847 69935660
60.8353 102.3992 69935694
60.24025 102.2805 69935728
59.3798 102.1755 69935761
58.99046 102.17 69935794
58.85551 102.1458 69935827
59.40112 102.2791 69935860
59.15617 102.3107 69935895
59.17987 102.3246 69935928
59.61206 102.3808 69935961
60.88099 102.5808 69935995
63.17211 102.9902 69936028
64.68812 103.1192 69936060
66.52399 103.4535 69936094
67.8352 103.8171 69936127
69.13039 104.2602 69936160
70.32219 104.6431 69936194
71.26412 105.0743 69936227
72.05384 105.4599 69936260
72.76775 105.7813 69936294
73.49053 106.0905 69936327
74.04903 106.1719 69936360
74.35458 106.2056 69936394
75.1281 106.1684 69936427
76.07607 106.1286 69936460
77.32893 106.1425 69936494
78.04581 105.9023 69936527
80.21342 105.6298 69936560
81.73485 105.365 69936596
82.61972 105.2587 69936627
83.08253 105.2217 69936659
84.24544 105.1228 69936695
85.47774 105.0716 69936727
85.58346 104.8945 69936760
85.81367 104.7718 69936795
86.00434 104.7118 69936828
86.33475 104.6327 69936860
86.56566 104.6147 69936894
86.78137 104.5475 69936927
86.93222 104.5345 69936960
87.15865 104.4782 69936994
87.34724 104.396 69937037
87.48875 104.3786 69937060
87.61794 104.3719 69937095
87.79107 104.4079 69937128
88.11161 104.5284 69937160
88.31643 104.6046 69937194
88.35672 104.7105 69937228
88.73398 104.722 69937260
88.5527 104.685 69937294
88.20972 104.6406 69937328
87.18108 104.4763 69937361
86.53731 104.4558 69937395
85.63498 104.3714 69937427
84.67063 104.4854 69937460
83.57908 104.5829 69937494
82.89723 104.6625 69937527
82.18354 104.7703 69937560
81.52299 104.7265 69937595
81.08856 104.6494 69937628
80.55148 104.4879 69937661
79.99076 104.1535 69937695
79.48821 103.8251 69937727
78.57773 103.1712 69937760
77.44183 102.5502 69937794
75.70874 101.6338 69937827
73.70754 100.7764 69937860
71.54682 99.94003 69937895
69.79958 99.36417 69937927
68.0967 98.78053 69937960
66.76077 98.28922 69937994
66.22869 97.91024 69938027
65.58025 97.4138 69938060
65.08418 97.05337 69938095
64.34548 96.19167 69938127
63.93801 95.82481 69938160
63.70456 95.47443 69938194
63.37822 95.16992 69938227
63.09703 94.96663 69938260
62.79844 94.75245 69938295
62.659 94.6368 69938327
62.50129 94.64118 69938360
62.46015 94.67479 69938395
62.28553 94.79451 69938429
62.23965 94.88997 69938460
62.3043 95.04984 69938494
62.3708 95.17323 69938527
62.35605 95.26901 69938560
62.67067 95.52737 69938594
63.24677 95.84898 69938627
64.31934 96.20717 69938661
66.02563 96.61121 69938695
67.46332 96.97459 69938728
68.74861 97.42544 69938761
69.78866 97.85728 69938794
70.90588 98.45066 69938827
71.96828 99.03428 69938860
72.90842 99.45211 69938895
73.66858 99.71391 69938929
74.27608 99.98418 69938961
74.9835 100.3404 69938994
75.63352 100.5787 69939027
76.05954 100.7293 69939060
76.36311 100.7493 69939094
76.94157 100.7558 69939128
77.58799 100.6519 69939160
78.65833 100.4872 69939195
81.63623 100.3411 69939227
83.08179 100.2556 69939261
84.79421 100.1656 69939294
85.65347 100.1216 69939327
86.79312 100.0859 69939361
87.80199 100.0207 69939395
88.63104 100.0332 69939428
89.19258 100.0255 69939460
89.5174 99.91976 69939494
89.85548 99.81427 69939528
90.26026 99.76013 69939561
90.57552 99.68586 69939595
90.78056 99.62199 69939627
91.03087 99.55058 69939661
91.08237 99.42953 69939694
91.04208 99.39059 69939727
90.89877 99.33986 69939760
90.83466 99.31243 69939794
90.73673 99.36038 69939827
91.28252 99.41056 69939860
91.30473 99.41689 69939894
90.59377 99.22614 69939927
89.40739 99.13342 69939960
87.7775 99.10065 69939994
87.01775 99.12074 69940027
86.55305 99.25994 69940060
85.82304 99.44283 69940104
85.24155 99.64959 69940128
84.38813 99.71157 69940160
83.977 99.80523 69940195
83.57909 99.81917 69940228
83.32256 99.82047 69940262
82.97331 99.7262 69940295
82.61073 99.63173 69940328
81.95812 99.21289 69940360
81.00472 98.63728 69940394
79.62408 98.05175 69940428
77.97182 97.50301 69940460
75.36324 96.96561 69940494
73.40108 96.5929 69940527
71.43468 96.21992 69940560
69.48362 95.92917 69940594
67.94324 95.77911 69940627
66.88903 95.66124 69940661
66.69977 95.52335 69940695
65.35153 95.19595 69940727
64.90561 95.01159 69940760
63.91701 94.81535 69940795
63.54095 94.71356 69940828
63.11757 94.54429 69940860
62.75604 94.39586 69940894
62.34999 94.27688 69940927
62.01653 94.09938 69940960
61.79453 93.94698 69940994
61.33626 93.89439 69941028
61.05011 93.81554 69941060
60.95479 93.80005 69941094
60.83499 93.79598 69941127
