0.06112788 0.4466169 2.040053 Tracked 69798462
0.06177017 0.4466277 2.03861 Tracked 69798495
0.06228942 0.446824 2.035876 Tracked 69798528
0.06382424 0.4471906 2.033892 Tracked 69798560
0.0695384 0.456649 2.041335 Tracked 69798593
0.07223797 0.457667 2.040929 Tracked 69798626
0.07604565 0.4588512 2.04111 Tracked 69798659
0.08285472 0.4578643 2.040573 Tracked 69798693
0.08255098 0.4571659 2.040643 Tracked 69798727
0.08397111 0.4547706 2.041228 Tracked 69798760
0.1244265 0.4374197 2.035275 Tracked 69798794
0.1189538 0.4315753 2.03179 Tracked 69798826
0.1248423 0.4174979 2.023601 Tracked 69798860
0.1677576 0.3694436 2.013593 Tracked 69798893
0.1741777 0.3555407 2.011503 Tracked 69798927
0.1750995 0.3516194 2.010314 Tracked 69798960
0.1917165 0.2881404 1.994354 Tracked 69798994
0.1943643 0.2372466 1.993564 Tracked 69799027
0.189663 0.1962483 1.991073 Tracked 69799060
0.1833877 0.1477706 1.989962 Tracked 69799093
0.1906012 0.1029829 1.98447 Inferred 69799133
0.1922766 0.07326645 1.984988 Inferred 69799160
0.1796871 0.05729245 1.98885 Tracked 69799195
0.1679291 0.0260236 1.992253 Tracked 69799227
0.1642478 -0.0008502363 1.993557 Inferred 69799260
0.1637356 -0.0113494 1.992894 Inferred 69799295
0.1622837 -0.02694205 1.991911 Inferred 69799327
0.1616352 -0.02636429 1.992064 Tracked 69799360
0.1593808 -0.02603012 1.992075 Tracked 69799394
0.1559469 -0.02040346 1.991743 Inferred 69799427
0.1533404 -0.01155426 1.991492 Inferred 69799460
0.1504935 0.003687617 1.991841 Inferred 69799494
0.1479234 0.02977237 1.992738 Inferred 69799527
0.1461268 0.05040231 1.996712 Inferred 69799561
0.1434199 0.08379062 2.005749 Inferred 69799595
0.1787395 0.1333314 1.975317 Tracked 69799627
0.1768965 0.146839 1.98107 Tracked 69799660
0.175313 0.1869309 1.99436 Tracked 69799694
0.1745352 0.2146228 1.997439 Tracked 69799726
0.1756145 0.2785695 2.001276 Tracked 69799760
0.1734147 0.292338 2.004318 Tracked 69799794
0.1659314 0.3159122 2.006161 Tracked 69799827
0.1596864 0.3401525 2.005291 Tracked 69799860
0.1458493 0.3739926 2.004871 Tracked 69799894
0.1455175 0.3740149 2.004907 Tracked 69799927
0.138123 0.3803938 2.002134 Tracked 69799961
0.100518 0.4128842 1.973396 Tracked 69799995
0.09544203 0.4154333 1.975047 Inferred 69800027
0.09573975 0.4159852 1.975131 Tracked 69800059
0.09622321 0.4194899 1.9771 Tracked 69800094
0.09552246 0.4197384 1.977572 Tracked 69800127
0.09796865 0.4302463 1.984483 Tracked 69800164
0.1004415 0.4534325 2.004874 Tracked 69800195
0.1009449 0.4622164 2.009866 Tracked 69800227
0.1012247 0.4635634 2.011327 Tracked 69800261
0.09648684 0.4648911 2.003963 Tracked 69800294
0.1051213 0.4707204 2.014824 Tracked 69800327
0.1051187 0.4706619 2.014856 Tracked 69800360
0.1053454 0.470538 2.015039 Tracked 69800393
0.1061259 0.4698782 2.014714 Tracked 69800427
0.1218093 0.4768849 2.026853 Tracked 69800460
0.1188364 0.4465518 1.99984 Tracked 69800494
0.1587657 0.419057 2.000614 Tracked 69800526
0.1578934 0.4188296 2.001115 Tracked 69800560
0.2005327 0.375936 2.017389 Tracked 69800594
0.2087655 0.3508734 2.014681 Tracked 69800626
0.2186173 0.3281619 2.012633 Tracked 69800659
0.2279213 0.2850545 2.007376 Tracked 69800694
0.2331161 0.2371592 2.008084 Tracked 69800726
0.2284592 0.1895686 2.006374 Tracked 69800759
0.2385261 0.1449479 2.002691 Inferred 69800794
0.237847 0.1428037 2.001043 Tracked 69800827
0.2389613 0.09850386 1.993317 Inferred 69800860
0.2416003 0.07909942 1.989962 Inferred 69800894
0.2453282 0.05381912 1.986445 Inferred 69800926
0.2032835 0.01585599 2.013475 Tracked 69800959
0.2033936 0.01428033 2.013475 Tracked 69800994
0.2033403 0.01158425 2.013251 Tracked 69801027
0.2033008 0.009368877 2.013709 Tracked 69801059
0.2031617 0.008727066 2.013323 Tracked 69801094
0.2032439 0.008975324 2.013405 Tracked 69801126
0.2027462 0.01267299 2.012897 Tracked 69801159
0.2002117 0.03331103 2.013266 Inferred 69801194
0.2026514 0.05307624 2.007809 Tracked 69801227
0.2046225 0.08138826 2.007619 Tracked 69801260
0.211746 0.131021 1.995744 Tracked 69801294
0.2116064 0.1447095 1.997744 Tracked 69801327
0.206441 0.168543 2.005232 Tracked 69801359
0.2040167 0.1903193 2.009186 Tracked 69801394
0.207522 0.2606908 2.008099 Tracked 69801427
0.204658 0.2744703 2.010634 Tracked 69801460
0.2040603 0.277206 2.010822 Tracked 69801494
0.1839917 0.3420939 2.007822 Tracked 69801527
0.178892 0.3569123 2.005045 Tracked 69801560
0.1657463 0.3706067 2.000043 Tracked 69801594
0.1656717 0.3701456 1.999108 Tracked 69801627
0.1301101 0.413838 1.980187 Tracked 69801660
0.1258044 0.4104116 1.977118 Tracked 69801694
0.1124641 0.4094871 1.97673 Inferred 69801727
0.0983958 0.4103288 1.979112 Inferred 69801761
0.09887716 0.4663685 2.011214 Tracked 69801794
0.09885328 0.4664807 2.011537 Tracked 69801827
0.09863569 0.4665236 2.011738 Inferred 69801860
0.09352314 0.4391497 1.991276 Tracked 69801894
0.09836456 0.4620664 2.016712 Tracked 69801927
0.0984155 0.4623196 2.016506 Tracked 69801960
0.09838116 0.463369 2.017308 Tracked 69801994
0.09931611 0.4639083 2.016907 Inferred 69802027
0.1024308 0.4643093 2.013781 Inferred 69802060
0.1035289 0.4045609 1.979306 Tracked 69802095
0.1077548 0.4041971 1.979583 Tracked 69802127
0.1187016 0.4010473 1.98585 Tracked 69802160
0.1342387 0.3920292 1.988959 Tracked 69802198
0.1340513 0.391714 1.988973 Tracked 69802227
0.1763264 0.3551664 2.005823 Tracked 69802259
0.1808486 0.3455717 2.004969 Tracked 69802293
0.1833704 0.3395195 2.005659 Tracked 69802327
0.2015079 0.2670011 2.001251 Tracked 69802359
0.220444 0.2249145 1.99483 Inferred 69802394
0.1930183 0.1731506 1.991798 Tracked 69802427
0.1952343 0.1577192 1.992366 Tracked 69802460
0.1947917 0.1046895 1.991931 Tracked 69802495
0.1925772 0.08168586 1.995924 Tracked 69802528
0.189618 0.06161254 1.99715 Tracked 69802560
0.185414 0.0449607 1.996455 Tracked 69802594
0.1775654 0.02138815 1.999525 Tracked 69802627
0.1745174 0.01360238 2.000067 Tracked 69802660
0.1736837 0.006975637 2.002164 Tracked 69802693
0.1734818 0.005729941 2.002113 Tracked 69802728
0.1730511 0.005096107 2.002598 Inferred 69802760
0.1724864 0.006269875 2.002633 Inferred 69802794
0.1694296 0.01261216 2.002346 Inferred 69802828
0.162067 0.03008765 2.00324 Inferred 69802860
0.1782009 0.06301511 1.977117 Tracked 69802893
0.1735224 0.06121148 1.979113 Tracked 69802928
0.1705199 0.06982861 1.980034 Tracked 69802960
0.1689732 0.1015078 1.978687 Tracked 69802994
0.1740903 0.1386964 1.983326 Tracked 69803027
0.1764966 0.174699 1.979797 Tracked 69803060
0.1743613 0.2041495 1.974747 Tracked 69803094
0.1783243 0.2744032 1.974898 Tracked 69803127
0.1749799 0.2832348 1.975289 Tracked 69803159
0.1650645 0.3205709 1.979889 Tracked 69803199
0.156013 0.3572489 1.982018 Tracked 69803227
0.1525837 0.3629318 1.979209 Tracked 69803260
0.145031 0.3728489 1.974831 Tracked 69803294
0.1389384 0.378664 1.971389 Tracked 69803327
0.1239158 0.3950801 1.9669 Tracked 69803360
0.1138496 0.4056834 1.965661 Tracked 69803394
0.1097814 0.412154 1.965604 Tracked 69803427
0.1075808 0.4139754 1.964252 Tracked 69803460
0.1038842 0.4142203 1.961009 Tracked 69803494
0.09964974 0.4146701 1.959764 Inferred 69803527
0.09647035 0.415071 1.959006 Inferred 69803560
0.0931486 0.4745993 2.018994 Tracked 69803595
0.09297618 0.4747874 2.019188 Tracked 69803627
0.09291927 0.4748849 2.019282 Tracked 69803659
0.09286482 0.474995 2.019452 Tracked 69803694
0.0957845 0.4485605 1.997399 Tracked 69803726
0.09674267 0.4373066 1.98846 Tracked 69803759
0.1044818 0.4149396 1.971952 Tracked 69803794
0.1143861 0.405757 1.973223 Tracked 69803827
0.1249234 0.393176 1.97228 Tracked 69803860
0.1433783 0.3789908 1.984363 Tracked 69803893
0.1521915 0.3781298 1.989569 Tracked 69803926
0.1735112 0.3499865 1.995834 Tracked 69803960
0.1879077 0.3261018 2.000438 Tracked 69803995
0.1972916 0.3019992 1.998867 Tracked 69804027
0.2056875 0.2661403 1.995096 Tracked 69804060
0.2083311 0.2124802 1.995553 Tracked 69804095
0.2198789 0.1681567 1.986322 Inferred 69804127
0.2189599 0.1618476 1.987567 Tracked 69804161
0.2250012 0.1071554 1.980111 Inferred 69804194
0.228324 0.08344342 1.974733 Inferred 69804231
0.2327219 0.05419607 1.970676 Inferred 69804261
0.2345289 0.03223832 1.96985 Inferred 69804295
0.1917541 0.006695675 2.001787 Tracked 69804327
0.1920698 0.005287046 2.001786 Tracked 69804360
0.1926394 0.00325684 2.000964 Tracked 69804394
0.1931345 0.001335761 2.00074 Tracked 69804426
0.1930106 0.0003100929 2.00075 Tracked 69804460
0.1930201 0.0003290589 2.000727 Tracked 69804494
0.1934143 0.004276465 1.996444 Tracked 69804527
0.192156 0.009739846 1.995295 Tracked 69804560
0.196786 0.03334587 1.989617 Tracked 69804594
0.1947164 0.05411595 1.991127 Inferred 69804627
0.2031234 0.08576018 1.983881 Tracked 69804660
0.212806 0.1268066 1.98046 Tracked 69804693
0.208747 0.1369555 1.983987 Tracked 69804727
0.2015578 0.1546629 1.992755 Tracked 69804760
0.1930202 0.1795648 1.999867 Tracked 69804795
0.1900142 0.2162845 1.997061 Tracked 69804827
0.1864543 0.2635531 1.999254 Tracked 69804860
0.1813878 0.2867412 2.000572 Tracked 69804895
0.1722479 0.3288229 2.005505 Tracked 69804928
0.171048 0.3311371 2.004932 Tracked 69804960
0.1580371 0.3516522 1.995866 Tracked 69804995
0.1475529 0.3633261 1.983807 Tracked 69805028
0.1414087 0.3688201 1.979429 Tracked 69805060
0.1190648 0.3906142 1.963158 Tracked 69805094
0.1142692 0.3972008 1.962962 Tracked 69805127
0.1098001 0.402081 1.959485 Tracked 69805160
0.1069028 0.4052848 1.9581 Tracked 69805195
0.09839145 0.4095971 1.95492 Tracked 69805230
0.09548145 0.4129984 1.953397 Tracked 69805260
0.09135846 0.4125772 1.945605 Tracked 69805294
0.09354596 0.4160136 1.952644 Tracked 69805327
0.09142791 0.4175614 1.953848 Tracked 69805361
0.09065563 0.4182705 1.953557 Tracked 69805395
0.09242607 0.417772 1.955102 Tracked 69805429
0.0940114 0.4173797 1.956432 Tracked 69805460
0.09558418 0.4166461 1.957254 Tracked 69805493
0.09859925 0.4146474 1.958046 Tracked 69805527
0.1036069 0.4107207 1.958992 Tracked 69805559
0.1091305 0.4069718 1.960154 Tracked 69805594
0.1503864 0.3747085 1.969609 Tracked 69805627
0.1565431 0.3622667 1.971188 Tracked 69805659
0.1771223 0.3295771 1.981144 Tracked 69805694
0.1825289 0.3166188 1.981889 Tracked 69805727
0.1973457 0.279301 1.980844 Tracked 69805760
0.1954257 0.2264876 1.979912 Tracked 69805794
0.1927687 0.18277 1.98095 Tracked 69805827
0.200621 0.133564 1.977266 Inferred 69805861
0.2069537 0.1041417 1.971217 Inferred 69805894
0.1957673 0.0880284 1.983926 Tracked 69805927
0.1899129 0.06829651 1.985334 Tracked 69805959
0.1789186 0.03574786 1.991676 Tracked 69805994
0.1785236 0.02722093 1.992229 Inferred 69806027
0.1776874 0.01289563 1.993173 Inferred 69806061
0.1734544 0.00580574 1.996371 Tracked 69806094
0.1724586 0.00456615 1.995953 Tracked 69806127
0.1720641 0.003991059 1.995594 Tracked 69806160
0.1715806 0.005054441 1.995035 Inferred 69806197
0.1700613 0.008919134 1.994472 Inferred 69806231
0.167466 0.02144739 1.992787 Inferred 69806261
0.1637408 0.03235506 1.992919 Inferred 69806293
0.1586516 0.04867178 1.994696 Inferred 69806326
0.154266 0.06939891 1.999336 Inferred 69806359
0.1491425 0.1013793 2.005223 Inferred 69806394
0.1875595 0.1445378 1.968431 Tracked 69806427
0.185057 0.154028 1.975001 Tracked 69806461
0.1819965 0.1886333 1.987583 Tracked 69806494
0.177655 0.2164678 1.991365 Tracked 69806528
0.178398 0.2763346 1.994436 Tracked 69806560
0.1724071 0.2871219 1.998857 Tracked 69806595
0.1582793 0.3300633 2.002788 Tracked 69806627
0.1528196 0.3392366 2.001986 Tracked 69806660
0.142654 0.3585375 1.999396 Tracked 69806695
0.1335729 0.3735644 1.995068 Tracked 69806727
0.126237 0.3800938 1.987597 Tracked 69806760
0.09941994 0.4075179 1.967367 Tracked 69806794
0.09675285 0.4099627 1.966887 Tracked 69806827
0.0928014 0.4164315 1.964822 Tracked 69806859
0.0903522 0.4180295 1.964525 Tracked 69806894
0.07784424 0.4626615 1.983713 Tracked 69806926
0.07766961 0.4627994 1.983624 Tracked 69806960
0.07729959 0.4630432 1.983646 Tracked 69806994
0.07698139 0.4632 1.983705 Tracked 69807027
0.07656129 0.4635089 1.984114 Tracked 69807060
0.07571878 0.4600254 1.98127 Tracked 69807095
0.07345982 0.4653029 1.988718 Tracked 69807127
0.07354908 0.4654703 1.988814 Tracked 69807160
0.07480709 0.4588321 1.982565 Tracked 69807194
0.07993047 0.4470291 1.977199 Tracked 69807232
0.0804821 0.4460627 1.977049 Tracked 69807260
0.09501711 0.4189382 1.967158 Tracked 69807296
0.09946185 0.4136819 1.968027 Tracked 69807328
0.10578 0.4064499 1.968688 Tracked 69807359
0.1369067 0.3763589 1.9768 Tracked 69807394
0.1518627 0.3492678 1.979692 Tracked 69807426
0.1593386 0.3470804 1.977278 Tracked 69807460
0.1782077 0.2985639 1.967956 Tracked 69807494
0.1857565 0.2593048 1.970681 Tracked 69807528
0.2046722 0.2090751 1.959419 Inferred 69807559
0.2163163 0.1714819 1.953473 Inferred 69807595
0.1837193 0.1373514 1.962285 Tracked 69807627
0.1896216 0.1074977 1.958795 Inferred 69807662
0.1958761 0.07297489 1.954721 Inferred 69807695
0.166788 0.0354393 1.981331 Tracked 69807727
0.1699723 0.02645076 1.979198 Inferred 69807759
0.1747276 0.008945949 1.979295 Inferred 69807793
0.1770087 -0.009872738 1.980518 Inferred 69807826
0.1777669 -0.01739291 1.981195 Inferred 69807860
0.1784271 -0.0214003 1.981224 Inferred 69807893
0.1785542 -0.02211538 1.981117 Inferred 69807927
0.1757032 -0.01479182 1.983546 Tracked 69807960
0.1711027 -0.000206117 1.985009 Inferred 69807994
0.1666298 0.01758253 1.986907 Inferred 69808028
0.1726423 0.03719167 1.976622 Tracked 69808060
0.1704629 0.05487971 1.976503 Inferred 69808094
0.1702812 0.06505924 1.978209 Tracked 69808128
0.1633708 0.0740981 1.984167 Tracked 69808161
0.1740618 0.1424942 1.984103 Tracked 69808194
0.1777701 0.1770191 1.986423 Tracked 69808226
0.1732468 0.2060123 1.985272 Tracked 69808266
0.1686243 0.2645679 1.983756 Tracked 69808295
0.1640829 0.2852507 1.989436 Tracked 69808327
0.1592176 0.2967051 1.991391 Tracked 69808361
0.1383952 0.3481876 1.998119 Tracked 69808394
0.1326907 0.3549578 1.996042 Tracked 69808427
0.111788 0.3767808 1.984403 Tracked 69808461
0.09840063 0.3882228 1.973785 Tracked 69808496
0.08592695 0.397566 1.968051 Tracked 69808527
0.08372497 0.4024487 1.968524 Tracked 69808560
0.08193327 0.4057621 1.96826 Tracked 69808594
0.07861137 0.4103394 1.969324 Tracked 69808627
0.06817841 0.4238746 1.973379 Tracked 69808660
0.06543735 0.4261779 1.973365 Tracked 69808694
0.06375448 0.4274242 1.973358 Tracked 69808726
0.06235577 0.4286502 1.973922 Tracked 69808759
0.05967498 0.4308611 1.974399 Tracked 69808794
0.04509028 0.4426295 1.976656 Tracked 69808826
0.0445647 0.4436682 1.978652 Tracked 69808860
0.04494999 0.4432231 1.978408 Tracked 69808894
0.04838347 0.4389232 1.974828 Tracked 69808926
0.05532641 0.4286187 1.968452 Tracked 69808959
0.05585148 0.4281693 1.968598 Tracked 69808993
0.07353251 0.4090007 1.962234 Tracked 69809026
0.08506121 0.4004259 1.959915 Tracked 69809059
0.1180452 0.3870013 1.975132 Tracked 69809093
0.1175649 0.3861456 1.974022 Tracked 69809127
0.1532573 0.3497635 1.983418 Tracked 69809160
0.1626327 0.3347143 1.984044 Tracked 69809194
0.1763874 0.2963716 1.980184 Tracked 69809227
0.1850995 0.2514069 1.985427 Tracked 69809259
0.1853578 0.2529696 1.984452 Inferred 69809294
0.2087153 0.1950357 1.964823 Inferred 69809327
0.1956325 0.1501379 1.976802 Tracked 69809359
0.2039723 0.107826 1.969101 Inferred 69809394
0.2069226 0.07600571 1.965535 Inferred 69809427
0.2128749 0.04878246 1.958999 Inferred 69809460
0.2150505 0.02489392 1.955465 Inferred 69809494
0.2152132 0.002039129 1.953738 Inferred 69809528
0.2143053 -0.007922781 1.95379 Inferred 69809559
0.2137285 -0.01662449 1.953414 Inferred 69809595
0.2135244 -0.01975907 1.952792 Inferred 69809627
0.2133439 -0.02047578 1.952286 Inferred 69809660
0.2132549 -0.01997824 1.951919 Inferred 69809694
0.2125121 -0.01284725 1.950442 Inferred 69809727
0.2096571 0.003662201 1.950172 Inferred 69809759
0.2031259 0.02719234 1.952738 Inferred 69809794
0.1780068 0.05681244 1.967903 Tracked 69809828
0.1758514 0.07147177 1.966689 Tracked 69809860
0.1854551 0.1294663 1.957721 Tracked 69809894
0.1824307 0.1402906 1.959546 Tracked 69809929
0.1736965 0.161152 1.969067 Tracked 69809961
0.1722461 0.2011056 1.974457 Tracked 69809995
0.1705988 0.2092007 1.975509 Tracked 69810027
0.158078 0.284465 1.974906 Tracked 69810060
0.1483142 0.3155782 1.978698 Tracked 69810093
0.1375132 0.3519738 1.982763 Tracked 69810127
0.1352368 0.3555374 1.983367 Tracked 69810159
0.1310251 0.360634 1.98302 Tracked 69810193
0.09067655 0.3876076 1.957909 Tracked 69810228
0.08560088 0.4321525 1.985035 Tracked 69810262
0.08249546 0.4316331 1.980267 Tracked 69810295
0.07826284 0.431095 1.97531 Tracked 69810327
0.054214 0.4706845 1.987336 Tracked 69810361
0.05759034 0.4637979 1.987164 Inferred 69810394
0.0572756 0.4613781 1.987752 Inferred 69810427
0.05550328 0.4598475 1.988415 Inferred 69810459
0.05244064 0.4581166 1.989311 Inferred 69810495
0.05020205 0.4569475 1.989428 Inferred 69810526
0.04885137 0.4558079 1.989141 Inferred 69810560
0.0480613 0.4549465 1.988636 Inferred 69810594
0.04163025 0.4614988 1.983359 Tracked 69810628
0.04141295 0.4627302 1.983593 Tracked 69810660
0.04561441 0.4612876 1.98398 Tracked 69810694
0.05141242 0.4512564 1.976635 Tracked 69810726
0.05715475 0.4202793 1.96097 Tracked 69810760
0.06525338 0.4136739 1.962201 Tracked 69810794
0.08356702 0.4004867 1.965174 Tracked 69810826
0.08621803 0.3994997 1.96678 Tracked 69810860
0.1270518 0.3633645 1.978513 Tracked 69810895
0.1341718 0.3522694 1.981564 Tracked 69810927
0.1572645 0.3195449 1.992129 Tracked 69810959
0.1670849 0.3018666 1.989864 Tracked 69810994
0.1788106 0.2469648 1.984772 Tracked 69811027
0.2022179 0.1971876 1.981936 Inferred 69811059
0.2166121 0.153905 1.972708 Inferred 69811094
0.2295717 0.1052432 1.968415 Inferred 69811127
0.1919294 0.08164652 1.98444 Tracked 69811160
0.1843874 0.04519707 1.990098 Tracked 69811194
0.1859215 0.01814078 1.992215 Inferred 69811227
0.1850138 -0.0190874 1.99539 Inferred 69811260
0.1848684 -0.03281908 1.995166 Inferred 69811298
0.1840331 -0.0320759 1.995138 Tracked 69811327
0.1838377 -0.03208301 1.994991 Inferred 69811359
0.1838161 -0.03212332 1.994811 Inferred 69811394
0.1844177 -0.03179643 1.994329 Tracked 69811426
0.1857317 -0.02994052 1.994047 Tracked 69811461
0.1872648 -0.02168361 1.993229 Inferred 69811494
0.1894193 -0.002429815 1.99249 Inferred 69811528
0.1864276 0.03165112 1.989719 Inferred 69811560
0.1819224 0.05158673 1.993041 Inferred 69811595
0.1930279 0.06683943 1.978241 Tracked 69811626
0.1916488 0.07376353 1.9779 Tracked 69811659
0.1931562 0.1156164 1.978201 Tracked 69811693
0.190337 0.1354306 1.980643 Tracked 69811727
0.1892651 0.1885106 1.983952 Tracked 69811759
0.1831163 0.239234 1.982838 Tracked 69811794
0.182859 0.2739699 1.98919 Tracked 69811827
0.1756457 0.2935189 1.992489 Tracked 69811859
0.1582281 0.3275281 1.996545 Tracked 69811893
0.148317 0.3470821 1.9969 Tracked 69811927
0.1472725 0.3482671 1.996851 Tracked 69811960
0.1197981 0.3820312 1.992476 Tracked 69811994
0.1069598 0.3925779 1.985255 Tracked 69812026
0.0972278 0.405319 1.983545 Tracked 69812060
0.08935773 0.4155067 1.982355 Tracked 69812094
0.08438604 0.4208077 1.980204 Tracked 69812126
0.08136865 0.4243106 1.979602 Tracked 69812161
0.07884917 0.4271787 1.97935 Tracked 69812194
0.07699466 0.429248 1.979306 Tracked 69812226
0.07562017 0.4306948 1.979181 Tracked 69812260
0.07469516 0.4317509 1.979177 Tracked 69812294
0.07412633 0.4323482 1.978783 Tracked 69812330
0.07384685 0.4328168 1.978561 Tracked 69812361
0.07374333 0.4330985 1.978194 Tracked 69812394
0.07381347 0.4331898 1.978045 Tracked 69812426
0.07492781 0.4333439 1.977772 Tracked 69812460
0.07635924 0.4325624 1.976712 Tracked 69812495
0.08660927 0.4299175 1.969643 Tracked 69812526
0.0888959 0.4270545 1.969593 Tracked 69812561
0.1305362 0.397142 1.957792 Tracked 69812594
0.1396564 0.3845782 1.958382 Tracked 69812627
0.1658298 0.3582337 1.962169 Tracked 69812660
0.1818299 0.3342028 1.967912 Tracked 69812694
0.1827714 0.3330128 1.967082 Tracked 69812727
0.2101631 0.2569499 1.967057 Tracked 69812760
0.2161622 0.2239909 1.966365 Tracked 69812795
0.2180937 0.174094 1.964394 Tracked 69812827
0.2150294 0.1472971 1.962319 Tracked 69812859
0.2116006 0.09567317 1.964539 Tracked 69812894
0.2109876 0.07129852 1.967268 Tracked 69812928
0.2076538 0.04066033 1.969756 Tracked 69812960
0.2130675 0.02196528 1.96406 Tracked 69812994
0.2173484 0.008772844 1.962806 Tracked 69813027
0.2126572 -0.0163593 1.966154 Tracked 69813060
0.2128153 -0.02795523 1.965413 Inferred 69813094
0.2145845 -0.02981575 1.962838 Tracked 69813128
0.2163479 -0.03114005 1.959467 Inferred 69813160
0.2177251 -0.03120394 1.958429 Inferred 69813195
0.2180413 -0.03107015 1.958286 Tracked 69813226
0.219327 -0.02903552 1.957512 Inferred 69813260
0.2170326 -0.02607864 1.958948 Tracked 69813293
0.2118535 -0.01188699 1.964883 Inferred 69813330
0.2075154 0.01655596 1.967615 Inferred 69813360
0.2022074 0.03907258 1.970867 Inferred 69813394
0.1928444 0.0620992 1.976806 Inferred 69813429
0.202956 0.07260237 1.965302 Tracked 69813461
0.2086834 0.0912261 1.963017 Tracked 69813493
0.2099767 0.1226983 1.964166 Tracked 69813527
0.2094117 0.1617962 1.962674 Tracked 69813560
0.2073686 0.2005658 1.960698 Tracked 69813594
0.2054167 0.2142131 1.960009 Tracked 69813627
0.1949695 0.2857875 1.956236 Tracked 69813660
0.189506 0.2947318 1.958444 Tracked 69813694
0.1741069 0.336407 1.96535 Tracked 69813727
0.1650224 0.3521657 1.965584 Tracked 69813759
0.1645346 0.3522028 1.965235 Tracked 69813793
