0.1435945 0.401702 1.72628 Tracked 76602421
0.1435945 0.401702 1.72628 Tracked 76602421
0.1435945 0.401702 1.72628 Tracked 76602421
0.1435945 0.401702 1.72628 Tracked 76602421
0.1435945 0.401702 1.72628 Tracked 76602421
0.1437737 0.4015537 1.726401 Tracked 76602421
0.1438206 0.4015453 1.726453 Tracked 76602452
0.1438489 0.4015325 1.726477 Tracked 76602485
0.1438672 0.401514 1.726473 Tracked 76602523
0.1439166 0.4015079 1.726501 Tracked 76602557
0.1439537 0.4015157 1.726572 Tracked 76602589
0.1439854 0.4015011 1.726579 Tracked 76602624
0.1439905 0.401502 1.726581 Tracked 76602658
0.1439951 0.4015134 1.726577 Tracked 76602690
0.1439992 0.4015092 1.726546 Tracked 76602719
0.1439979 0.4015189 1.726451 Tracked 76602752
0.1440122 0.4015478 1.726418 Tracked 76602789
0.1440153 0.4016237 1.726394 Tracked 76602825
0.1440094 0.4016695 1.726359 Tracked 76602861
0.1440099 0.4016938 1.726346 Tracked 76602888
0.1439939 0.4017382 1.726289 Tracked 76602919
0.1439963 0.4017754 1.726118 Tracked 76602952
0.1439646 0.4018488 1.725953 Tracked 76602985
0.1439363 0.4019193 1.725848 Tracked 76603019
0.1424927 0.4035995 1.725837 Tracked 76603051
0.1418934 0.4043412 1.725698 Tracked 76603085
0.1420491 0.4041174 1.724994 Tracked 76603119
0.1421473 0.4039563 1.72413 Tracked 76603152
0.142067 0.4037506 1.723099 Tracked 76603185
0.1421017 0.4034872 1.721935 Tracked 76603218
0.1419252 0.402997 1.719955 Tracked 76603251
0.1419726 0.4023762 1.718309 Tracked 76603289
0.1421425 0.4004202 1.715591 Tracked 76603323
0.1422272 0.3978391 1.712776 Tracked 76603355
0.1421046 0.3924338 1.708191 Tracked 76603385
0.1354914 0.3524794 1.67434 Tracked 76603419
0.1360377 0.3397944 1.668821 Tracked 76603452
0.1359585 0.2970847 1.655109 Tracked 76603484
0.1355227 0.2706466 1.646634 Tracked 76603519
0.1415924 0.2171253 1.635955 Tracked 76603551
0.1379283 0.2025512 1.629991 Tracked 76603585
0.1336073 0.1531025 1.618701 Tracked 76603619
0.1340208 0.118753 1.613936 Tracked 76603651
0.1336525 0.07660824 1.613055 Tracked 76603685
0.1315012 0.04663803 1.614509 Tracked 76603718
0.1289393 0.009487599 1.617401 Tracked 76603752
0.1273041 -0.009559309 1.620102 Tracked 76603784
0.1267872 -0.02382293 1.621517 Tracked 76603818
0.1262417 -0.03522846 1.622111 Tracked 76603852
0.1256621 -0.04349289 1.623162 Tracked 76603884
0.1250011 -0.0468295 1.623566 Tracked 76603918
0.1249308 -0.04695096 1.623463 Tracked 76603951
0.1238185 -0.04379572 1.622531 Tracked 76603984
0.1220349 -0.02843939 1.619452 Tracked 76604018
0.1217093 -0.006021456 1.61651 Tracked 76604051
0.1245823 0.02829039 1.612056 Tracked 76604084
0.1255039 0.06512222 1.607046 Tracked 76604118
0.1272464 0.08245707 1.607062 Tracked 76604152
0.1293978 0.1121968 1.610744 Tracked 76604185
0.1318927 0.1464245 1.612394 Tracked 76604218
0.1337804 0.1671953 1.616336 Tracked 76604252
0.1345615 0.1962111 1.621617 Tracked 76604285
0.13727 0.2341745 1.628883 Tracked 76604319
0.137288 0.2341666 1.628913 Tracked 76604351
0.1405307 0.2833207 1.643446 Tracked 76604385
0.1395669 0.302588 1.648204 Tracked 76604418
0.1408142 0.3116825 1.65135 Tracked 76604452
0.1414746 0.3259106 1.656162 Tracked 76604485
0.1415188 0.3347125 1.659344 Tracked 76604519
0.1421859 0.3606983 1.669608 Tracked 76604552
0.14406 0.4047837 1.688004 Tracked 76604585
0.1440674 0.4056641 1.6885 Tracked 76604619
0.1456334 0.4160221 1.695277 Tracked 76604654
0.1450833 0.415969 1.6949 Tracked 76604688
0.1445386 0.4159924 1.694636 Tracked 76604721
0.142802 0.4155034 1.693615 Tracked 76604755
0.1415957 0.4155523 1.693287 Tracked 76604788
0.1403428 0.4153084 1.692757 Tracked 76604821
0.1396986 0.415103 1.692556 Tracked 76604853
0.1390434 0.4149354 1.692319 Tracked 76604884
0.1385942 0.4148391 1.692195 Tracked 76604918
0.1385097 0.4149088 1.692163 Tracked 76604952
0.1381647 0.4149012 1.691978 Tracked 76604985
0.1378369 0.4148826 1.691655 Tracked 76605018
0.1373114 0.4147595 1.690911 Tracked 76605051
0.1371659 0.4148447 1.690429 Tracked 76605084
0.1374193 0.4149641 1.690067 Tracked 76605118
0.1392815 0.4180923 1.688831 Tracked 76605151
0.1401729 0.4183835 1.686639 Tracked 76605184
0.140882 0.4131104 1.678454 Tracked 76605219
0.1411061 0.4089576 1.677006 Tracked 76605251
0.1365665 0.3677956 1.645866 Tracked 76605285
0.137119 0.3548686 1.640305 Tracked 76605319
0.1371343 0.3518466 1.638894 Tracked 76605351
0.1380906 0.2878046 1.613121 Tracked 76605384
0.1382944 0.2645768 1.606551 Tracked 76605418
0.1424835 0.2088578 1.592983 Tracked 76605452
0.139331 0.1884381 1.587409 Tracked 76605484
0.1368295 0.1460218 1.576578 Tracked 76605518
0.1347861 0.1143531 1.570533 Tracked 76605551
0.1358406 0.06968378 1.563622 Tracked 76605584
0.1319524 0.02852976 1.564115 Tracked 76605618
0.1298707 -0.01089061 1.568451 Tracked 76605652
0.127611 -0.04324266 1.572809 Tracked 76605685
0.1276729 -0.06037854 1.574001 Tracked 76605718
0.125306 -0.08813591 1.578957 Tracked 76605751
0.1250438 -0.09673601 1.579258 Tracked 76605784
0.1244771 -0.1038435 1.577581 Tracked 76605818
0.1238511 -0.1084211 1.576742 Tracked 76605851
0.1234779 -0.1121057 1.576741 Tracked 76605885
0.123659 -0.1096259 1.573783 Tracked 76605918
0.1237108 -0.1070449 1.572401 Tracked 76605950
0.1238767 -0.105343 1.572667 Tracked 76605984
0.1234937 -0.1032737 1.574009 Tracked 76606019
0.1206015 -0.09222173 1.57724 Tracked 76606051
0.1176073 -0.07117304 1.579521 Tracked 76606085
0.1171266 -0.02541537 1.575222 Tracked 76606118
0.1182328 0.02466798 1.570142 Tracked 76606151
0.1202523 0.06736881 1.570913 Tracked 76606185
0.1219029 0.1065 1.57431 Tracked 76606218
0.1254675 0.1599964 1.581498 Tracked 76606251
0.1250039 0.185231 1.585528 Tracked 76606286
0.1261565 0.2380287 1.596802 Tracked 76606318
0.126175 0.2586737 1.601715 Tracked 76606351
0.1179241 0.3092427 1.616956 Tracked 76606385
0.1204581 0.3227615 1.621544 Tracked 76606418
0.1272529 0.3568715 1.63573 Tracked 76606452
0.1272067 0.3568926 1.63573 Tracked 76606485
0.1287783 0.3889661 1.65144 Tracked 76606519
0.1291633 0.392493 1.653392 Tracked 76606552
0.1297815 0.3982746 1.657422 Tracked 76606589
0.1300378 0.4026873 1.660786 Tracked 76606623
0.1326617 0.4278989 1.682462 Tracked 76606656
0.1322526 0.4284515 1.682842 Tracked 76606689
0.1318631 0.4290799 1.683488 Tracked 76606721
0.1315102 0.4294297 1.68388 Tracked 76606753
0.1309782 0.4296241 1.684307 Tracked 76606785
0.1307996 0.4297519 1.684631 Tracked 76606819
0.1304364 0.4295036 1.684925 Tracked 76606852
0.131359 0.4308812 1.686796 Tracked 76606885
0.1311105 0.4310361 1.687022 Tracked 76606918
0.1299852 0.4310604 1.68724 Tracked 76606952
0.1149084 0.4299234 1.681374 Tracked 76606985
0.1154561 0.4297922 1.681619 Tracked 76607018
0.1176229 0.4301189 1.682029 Tracked 76607051
0.1195699 0.430672 1.682537 Tracked 76607084
0.1204293 0.4309482 1.682481 Tracked 76607118
0.1201401 0.4306912 1.681517 Tracked 76607151
0.1100416 0.4265374 1.667799 Tracked 76607185
0.1188224 0.4286193 1.671712 Tracked 76607218
0.1232727 0.4294682 1.673083 Tracked 76607251
0.1254535 0.42858 1.672279 Tracked 76607285
0.127228 0.4253804 1.669883 Tracked 76607318
0.1270767 0.3792733 1.628198 Tracked 76607352
0.1277133 0.3763487 1.62725 Tracked 76607385
0.1334093 0.3244271 1.608997 Tracked 76607419
0.1342109 0.296952 1.599601 Tracked 76607452
0.1352717 0.2412134 1.590896 Tracked 76607485
0.1404919 0.197755 1.581989 Tracked 76607518
0.1341677 0.1669202 1.576989 Tracked 76607554
0.1290771 0.1163463 1.570905 Tracked 76607587
0.1287371 0.06310333 1.572933 Tracked 76607619
0.1276372 0.02865683 1.577775 Tracked 76607652
0.1223992 -0.01353932 1.583201 Tracked 76607685
0.1225109 -0.03974628 1.588487 Tracked 76607719
0.1140823 -0.01946564 1.588917 Tracked 76607752
0.1227687 -0.1008954 1.602188 Tracked 76607786
0.1223165 -0.1027382 1.601406 Tracked 76607819
0.1217372 -0.1077352 1.59977 Tracked 76607853
0.120915 -0.1102912 1.596518 Tracked 76607886
0.1204935 -0.1106591 1.590839 Tracked 76607918
0.1190052 -0.1068979 1.585308 Tracked 76607951
0.1184326 -0.1057513 1.584085 Tracked 76607985
0.1177291 -0.1049972 1.583738 Tracked 76608019
0.1172047 -0.1036106 1.584418 Tracked 76608051
0.1163366 -0.1006014 1.586301 Tracked 76608085
0.1151441 -0.09729654 1.590597 Tracked 76608119
0.1110685 -0.08282281 1.598421 Tracked 76608151
0.1094332 -0.05077224 1.601494 Tracked 76608184
0.1080859 -0.01244336 1.598009 Tracked 76608218
0.1067386 0.04217694 1.594503 Tracked 76608252
0.1081923 0.07495718 1.596014 Tracked 76608284
0.110497 0.1208206 1.599051 Tracked 76608318
0.1121924 0.1595747 1.602486 Tracked 76608351
0.1126975 0.1944285 1.60929 Tracked 76608385
0.1125901 0.2369589 1.617573 Tracked 76608419
0.1129854 0.2591207 1.623865 Tracked 76608451
0.1112137 0.3073558 1.636339 Tracked 76608484
0.1096018 0.3202218 1.64147 Tracked 76608518
0.1130674 0.3523244 1.653173 Tracked 76608552
0.1127895 0.3528624 1.653607 Tracked 76608585
0.1126136 0.3662345 1.65997 Tracked 76608619
0.11457 0.4133852 1.681789 Tracked 76608652
0.1148339 0.4154026 1.683307 Tracked 76608685
0.1172693 0.4241779 1.691683 Tracked 76608719
0.1171696 0.4242041 1.691696 Tracked 76608751
0.1167393 0.4242318 1.691768 Tracked 76608784
0.1125715 0.4232509 1.69055 Tracked 76608818
0.1112171 0.4228799 1.690471 Tracked 76608851
0.111551 0.4229601 1.691351 Tracked 76608884
0.1120172 0.4230115 1.692178 Tracked 76608918
0.1122785 0.422982 1.692595 Tracked 76608951
0.1125167 0.4229525 1.692774 Tracked 76608984
0.1127191 0.4229393 1.692755 Tracked 76609018
0.1132836 0.4229324 1.692622 Tracked 76609051
0.1144585 0.4231335 1.692523 Tracked 76609084
0.1160123 0.4229773 1.692079 Tracked 76609118
0.1214356 0.4214053 1.688303 Tracked 76609152
0.122128 0.4166341 1.684073 Tracked 76609185
0.1217778 0.4085235 1.677802 Tracked 76609219
0.1296295 0.361246 1.645929 Tracked 76609252
0.1309433 0.3425882 1.637361 Tracked 76609285
0.1335638 0.3100171 1.626236 Tracked 76609319
0.1348009 0.2633008 1.610664 Tracked 76609351
0.1398669 0.2204528 1.603357 Tracked 76609385
0.1355635 0.1880872 1.595899 Tracked 76609418
0.1343047 0.1365811 1.588387 Tracked 76609451
0.1350348 0.09187868 1.583944 Tracked 76609484
0.1325733 0.0451851 1.580917 Tracked 76609518
0.1326687 0.01071401 1.584002 Tracked 76609552
0.1282191 -0.02917589 1.587193 Tracked 76609585
0.1273368 -0.05505205 1.590248 Tracked 76609618
0.1313705 -0.09072766 1.596987 Tracked 76609652
0.1306835 -0.09755221 1.596377 Tracked 76609684
0.1309316 -0.1018572 1.592363 Tracked 76609718
0.131392 -0.1037005 1.584547 Tracked 76609752
0.1320466 -0.1052614 1.577496 Tracked 76609785
0.1320287 -0.1047208 1.572728 Tracked 76609819
0.1322192 -0.103725 1.569427 Tracked 76609852
0.03634636 -0.4812542 1.835984 Inferred 76609890
0.1345046 -0.1012897 1.566985 Tracked 76609920
0.1344803 -0.1010628 1.567343 Tracked 76609953
0.1276325 -0.1767025 1.642992 Tracked 76609986
0.1231765 -0.1731047 1.641526 Tracked 76610019
0.1311689 -0.05998733 1.584652 Tracked 76610052
0.1306022 -0.03848892 1.584047 Tracked 76610086
0.1318218 0.01728422 1.578826 Tracked 76610120
0.1333921 0.06473854 1.578778 Tracked 76610152
0.1327883 0.1023458 1.582048 Tracked 76610185
0.1331568 0.1527485 1.58926 Tracked 76610220
0.1335147 0.1813824 1.594333 Tracked 76610253
0.1308089 0.2352033 1.605601 Tracked 76610286
0.130787 0.2529828 1.61079 Tracked 76610319
0.1280478 0.2967604 1.624032 Tracked 76610352
0.1239656 0.312638 1.628919 Tracked 76610386
0.12688 0.3461314 1.642467 Tracked 76610419
0.1265378 0.3463095 1.642566 Tracked 76610452
0.1241993 0.3598386 1.649335 Tracked 76610486
0.1223625 0.3764556 1.657935 Tracked 76610521
0.1217399 0.3824084 1.661628 Tracked 76610553
0.1187133 0.4150657 1.684734 Tracked 76610586
0.1188736 0.4201238 1.69038 Tracked 76610619
0.1188556 0.4205671 1.690998 Tracked 76610652
0.1186416 0.4211389 1.692074 Tracked 76610685
0.1184584 0.4214724 1.692931 Tracked 76610719
0.1183081 0.4218155 1.694072 Tracked 76610753
0.1167176 0.4250163 1.703385 Tracked 76610786
0.1166673 0.4249612 1.703235 Tracked 76610819
0.1165696 0.4248842 1.702976 Tracked 76610852
0.11653 0.4248372 1.702822 Tracked 76610885
0.1164375 0.424755 1.702405 Tracked 76610919
0.1163921 0.4247721 1.702071 Tracked 76610952
0.1164165 0.4245745 1.701286 Tracked 76610985
0.1163347 0.4240497 1.699487 Tracked 76611019
0.1154794 0.4233375 1.697631 Tracked 76611052
0.1149817 0.4201573 1.692964 Tracked 76611085
0.1152693 0.4177957 1.689639 Tracked 76611118
0.1159837 0.4118972 1.683659 Tracked 76611152
0.1167439 0.3700465 1.649812 Tracked 76611185
0.1176527 0.3585389 1.643979 Tracked 76611219
0.120356 0.3176695 1.622909 Tracked 76611251
0.1209834 0.2804718 1.607388 Tracked 76611284
0.1274861 0.2243806 1.597843 Tracked 76611318
0.1236374 0.2042165 1.59029 Tracked 76611352
0.1207527 0.1592804 1.577267 Tracked 76611384
0.1183607 0.1076696 1.571901 Tracked 76611419
0.1175082 0.06548039 1.572866 Tracked 76611451
0.115269 0.01419223 1.575931 Tracked 76611487
0.1136637 -0.01743693 1.579776 Tracked 76611525
0.1137671 -0.06621768 1.588408 Tracked 76611560
0.1054114 -0.01850896 1.58009 Tracked 76611595
0.119583 -0.1085796 1.587527 Tracked 76611620
0.1192602 -0.1084787 1.583221 Tracked 76611651
0.09295896 -0.03545353 1.663885 Inferred 76611686
0.1025755 -0.04142978 1.6569 Inferred 76611721
0.04409277 -0.04431355 1.713752 Inferred 76611753
0.1079868 -0.1034926 1.547515 Tracked 76611785
0.1080546 -0.1035479 1.547999 Tracked 76611818
0.1087847 -0.1034346 1.550211 Tracked 76611852
0.1090118 -0.1032462 1.550705 Tracked 76611884
0.1132446 -0.09862867 1.559666 Tracked 76611919
0.1170751 -0.08833879 1.56873 Tracked 76611952
0.1179317 -0.07490947 1.578347 Tracked 76611985
0.1169599 -0.03925449 1.581212 Tracked 76612019
0.1161158 0.008251294 1.577094 Tracked 76612052
0.1179899 0.06611231 1.571006 Tracked 76612085
0.1194184 0.09209865 1.574435 Tracked 76612119
0.1214848 0.1476031 1.582528 Tracked 76612152
0.1219587 0.1792256 1.588588 Tracked 76612184
0.1204693 0.2310785 1.597829 Tracked 76612219
0.120212 0.2554553 1.606742 Tracked 76612251
0.1180592 0.2962734 1.619699 Tracked 76612284
0.1153229 0.319769 1.630183 Tracked 76612319
0.1138177 0.3391701 1.638499 Tracked 76612352
0.1155457 0.3632476 1.648688 Tracked 76612386
0.1153239 0.3644276 1.649652 Tracked 76612419
0.1150224 0.3677419 1.652402 Tracked 76612452
0.1147603 0.4113714 1.681805 Tracked 76612486
0.1146881 0.4061949 1.678728 Tracked 76612519
0.1151646 0.4162879 1.687902 Tracked 76612552
0.1157617 0.4191399 1.690717 Tracked 76612585
0.1164043 0.4215816 1.693632 Tracked 76612619
0.1168605 0.4224262 1.694902 Tracked 76612652
0.1170157 0.4230111 1.695856 Tracked 76612686
0.11706 0.4232626 1.696392 Tracked 76612719
0.1170869 0.4235066 1.696831 Tracked 76612752
0.1173611 0.423739 1.697112 Tracked 76612785
0.1174488 0.4239278 1.697191 Tracked 76612819
0.1175199 0.4240321 1.69715 Tracked 76612852
0.1176652 0.4241818 1.696674 Tracked 76612885
0.1178315 0.4242446 1.695774 Tracked 76612919
0.1182401 0.4228949 1.692122 Tracked 76612952
0.1188128 0.4208037 1.688351 Tracked 76612985
0.119371 0.4164239 1.682758 Tracked 76613019
0.1211 0.4003636 1.665644 Tracked 76613052
0.1219131 0.3924872 1.659545 Tracked 76613085
0.1290216 0.3273852 1.619748 Tracked 76613118
0.1304193 0.3141494 1.614113 Tracked 76613152
0.1351841 0.2704062 1.602251 Tracked 76613185
0.137512 0.2382918 1.592306 Tracked 76613218
0.1371952 0.237422 1.592255 Tracked 76613259
0.1381326 0.1535649 1.575622 Tracked 76613291
0.134295 0.1067703 1.573906 Tracked 76613320
0.1349691 0.07289591 1.572315 Tracked 76613355
0.1305486 0.01257099 1.581763 Tracked 76613388
0.1276556 -0.02598965 1.589439 Tracked 76613421
0.1266214 -0.05639217 1.596354 Tracked 76613455
0.1175414 -0.06123588 1.581039 Inferred 76613488
0.1152182 -0.07299079 1.571872 Inferred 76613520
0.1364835 0.02619827 1.670629 Inferred 76613551
0.1833772 0.02040911 1.678964 Inferred 76613585
0.1458429 0.009770239 1.686208 Inferred 76613619
0.1799509 0.001647536 1.684516 Inferred 76613652
0.1060186 -0.09671426 1.550466 Tracked 76613687
0.1060178 -0.09676359 1.550775 Tracked 76613721
0.1060344 -0.0970564 1.551935 Tracked 76613751
0.1060915 -0.09695085 1.552424 Tracked 76613785
0.02837993 -0.0353899 1.579977 Inferred 76613818
0.02768753 -0.03425059 1.577299 Inferred 76613852
0.1579897 -0.03007426 1.575073 Inferred 76613884
0.1020086 -0.065455 1.588628 Tracked 76613918
0.09786558 -0.02301528 1.581536 Tracked 76613951
0.09856394 0.02954388 1.574999 Tracked 76613984
0.1001955 0.08062191 1.573962 Tracked 76614019
0.09924758 0.1352399 1.574804 Tracked 76614051
0.09886614 0.1688586 1.581052 Tracked 76614085
0.09975803 0.2236653 1.591071 Tracked 76614119
0.1017736 0.2468094 1.601268 Tracked 76614151
0.09670833 0.2981472 1.617069 Tracked 76614185
0.09845328 0.3172049 1.625038 Tracked 76614219
0.1038137 0.3494316 1.638406 Tracked 76614252
0.1043105 0.3563603 1.642141 Tracked 76614285
0.1052385 0.3643025 1.646878 Tracked 76614319
0.1085975 0.4071459 1.674999 Tracked 76614351
0.1087755 0.4079345 1.675802 Tracked 76614385
0.1089392 0.4087259 1.67698 Tracked 76614418
0.1108295 0.4164429 1.687391 Tracked 76614452
0.1108379 0.416416 1.687456 Tracked 76614485
0.1110031 0.416383 1.687904 Tracked 76614519
0.111198 0.4165451 1.688803 Tracked 76614551
0.1112108 0.4164599 1.689093 Tracked 76614585
0.1112901 0.4163049 1.689437 Tracked 76614618
0.110401 0.4160924 1.689528 Tracked 76614651
0.1105991 0.4160622 1.690054 Tracked 76614691
0.109965 0.4158803 1.690116 Tracked 76614726
0.1094565 0.4155945 1.69017 Tracked 76614758
0.1089886 0.415336 1.690065 Tracked 76614787
0.1087731 0.4153118 1.690068 Tracked 76614818
0.109387 0.4155022 1.690565 Tracked 76614851
0.1096887 0.415579 1.690684 Tracked 76614885
0.1100115 0.4156602 1.690715 Tracked 76614919
0.1103714 0.4157506 1.690661 Tracked 76614951
0.1110275 0.4160118 1.690592 Tracked 76614984
0.1117371 0.416204 1.690145 Tracked 76615019
0.1128007 0.4161487 1.689026 Tracked 76615052
0.1140189 0.4158441 1.687353 Tracked 76615085
0.1150714 0.4146708 1.684194 Tracked 76615119
0.116083 0.4116107 1.679164 Tracked 76615152
0.1170514 0.4053231 1.672053 Tracked 76615184
0.1265532 0.3643217 1.639069 Tracked 76615219
0.1267963 0.3442695 1.629529 Tracked 76615252
0.1293369 0.2975726 1.612361 Tracked 76615285
0.12862 0.2633214 1.601728 Tracked 76615318
0.1337689 0.206343 1.591066 Tracked 76615352
0.1280293 0.179955 1.583998 Tracked 76615386
0.12442 0.1277092 1.574764 Tracked 76615419
0.1213256 0.06875964 1.576854 Tracked 76615452
0.1208484 0.02405604 1.580536 Tracked 76615485
0.1175855 -0.02681669 1.586649 Tracked 76615519
0.1183493 -0.06261906 1.59319 Tracked 76615551
0.1209715 -0.09763476 1.599034 Tracked 76615585
0.1206868 -0.1079921 1.594047 Inferred 76615619
0.1214442 -0.1248292 1.591381 Inferred 76615651
0.07748689 -0.04888678 1.69613 Inferred 76615685
0.07406055 -0.05462451 1.699074 Inferred 76615718
0.07395103 -0.06071885 1.702284 Inferred 76615751
0.1076723 -0.1065963 1.546532 Tracked 76615784
0.1077744 -0.1065661 1.546578 Tracked 76615819
0.1081255 -0.106743 1.547566 Tracked 76615852
0.1096022 -0.1059193 1.552092 Tracked 76615884
0.1113304 -0.1024838 1.559956 Tracked 76615918
0.1140535 -0.09702107 1.569235 Tracked 76615952
0.1148452 -0.080823 1.582972 Tracked 76615984
0.1168864 -0.04180356 1.587046 Tracked 76616018
0.1165115 -0.00663904 1.587558 Tracked 76616051
0.1159893 0.04724321 1.586663 Tracked 76616085
0.1189352 0.09227984 1.586588 Tracked 76616118
0.1219033 0.1483325 1.591318 Tracked 76616151
0.121367 0.1882059 1.598976 Tracked 76616185
0.1241555 0.2281476 1.609319 Tracked 76616218
0.1266069 0.2545193 1.618768 Tracked 76616251
0.120916 0.3053524 1.633597 Tracked 76616284
0.1230323 0.3196017 1.640023 Tracked 76616319
0.1274652 0.3447881 1.64936 Tracked 76616351
0.1282483 0.3533727 1.653357 Tracked 76616384
0.1282836 0.3802983 1.665415 Tracked 76616419
0.1283294 0.3801556 1.665358 Tracked 76616452
0.1282501 0.3859062 1.66828 Tracked 76616485
0.1285728 0.3907635 1.670807 Tracked 76616518
0.1283657 0.4166368 1.68257 Tracked 76616551
0.1282135 0.4163257 1.682461 Tracked 76616585
0.1274921 0.4152192 1.681943 Tracked 76616623
0.126998 0.4144785 1.681588 Tracked 76616654
0.1271646 0.4142248 1.681869 Tracked 76616685
0.1269605 0.4137175 1.682186 Tracked 76616718
0.1269285 0.4135075 1.682917 Tracked 76616752
0.1268746 0.4132846 1.683253 Tracked 76616785
0.1277137 0.4133233 1.684805 Tracked 76616818
0.1276368 0.4132178 1.684997 Tracked 76616855
0.1281409 0.4134576 1.686099 Tracked 76616886
0.1272656 0.4125401 1.685964 Tracked 76616920
0.1269054 0.4122779 1.685848 Tracked 76616954
0.1273853 0.4125846 1.686368 Tracked 76616986
0.1272848 0.4123652 1.686357 Tracked 76617020
0.1266667 0.4119688 1.685811 Tracked 76617054
0.1270439 0.4124804 1.68614 Tracked 76617085
0.1272817 0.4128079 1.68614 Tracked 76617119
0.1269756 0.4128895 1.685403 Tracked 76617151
0.1268422 0.4130591 1.684748 Tracked 76617184
0.1274128 0.4135298 1.684216 Tracked 76617219
0.1256104 0.418613 1.680922 Tracked 76617252
0.1253192 0.4210396 1.676544 Tracked 76617285
0.126686 0.4196986 1.675718 Tracked 76617318
0.1280451 0.4184445 1.674533 Tracked 76617351
0.1327647 0.4161323 1.662868 Tracked 76617384
0.1323937 0.4084935 1.660315 Tracked 76617419
0.1333408 0.3661821 1.625344 Tracked 76617452
0.1343566 0.3462972 1.617236 Tracked 76617486
0.1355085 0.3106732 1.606145 Tracked 76617519
0.1356242 0.2671796 1.59451 Tracked 76617552
0.1404838 0.2131914 1.585153 Tracked 76617585
0.1362879 0.191966 1.580782 Tracked 76617619
0.130475 0.1421783 1.57184 Tracked 76617651
0.1284027 0.1025425 1.570184 Tracked 76617685
0.1272264 0.05020095 1.571002 Tracked 76617719
0.1249472 0.006682605 1.575527 Tracked 76617752
0.1209286 -0.03740389 1.58133 Tracked 76617785
0.1197211 -0.06921945 1.586273 Tracked 76617822
0.1249816 -0.09558065 1.590724 Tracked 76617856
0.1252382 -0.1015438 1.588927 Tracked 76617891
0.1263112 -0.1051944 1.58289 Tracked 76617918
0.1273935 -0.1259986 1.575647 Inferred 76617951
0.13324 -0.1383368 1.576647 Inferred 76617985
0.07033676 -0.04382939 1.716655 Inferred 76618018
0.1176036 -0.1037418 1.548468 Tracked 76618052
0.1176176 -0.1038429 1.548468 Tracked 76618085
0.1182083 -0.1042707 1.54915 Tracked 76618118
0.1192016 -0.1047764 1.550462 Tracked 76618152
0.1222559 -0.1027236 1.554212 Tracked 76618185
0.1254564 -0.09884109 1.561059 Tracked 76618218
0.12681 -0.0906898 1.570967 Tracked 76618251
0.1281144 -0.06912021 1.578115 Tracked 76618291
0.1286578 -0.01826982 1.577863 Tracked 76618326
0.130824 0.03523645 1.573937 Tracked 76618358
0.1307083 0.07235765 1.575548 Tracked 76618387
0.1291197 0.1218582 1.579568 Tracked 76618421
0.1287798 0.162708 1.585632 Tracked 76618456
0.1287153 0.1977039 1.593442 Tracked 76618489
0.1273701 0.2452458 1.604276 Tracked 76618523
0.1268792 0.2647206 1.611194 Tracked 76618555
0.1256374 0.3103103 1.627196 Tracked 76618585
0.1225822 0.3322596 1.635366 Tracked 76618619
0.1229223 0.3427251 1.640703 Tracked 76618651
0.1223587 0.3519298 1.645248 Tracked 76618685
0.1215418 0.3607748 1.649862 Tracked 76618719
0.1202858 0.3815388 1.662201 Tracked 76618752
0.1183956 0.4111147 1.681844 Tracked 76618785
0.1190247 0.4154628 1.685393 Tracked 76618819
0.1190001 0.4166089 1.686716 Tracked 76618852
0.118937 0.4175042 1.688272 Tracked 76618885
0.1187388 0.4180387 1.68955 Tracked 76618919
0.1185951 0.4185776 1.69119 Tracked 76618952
0.1184789 0.418575 1.691853 Tracked 76618985
0.1181603 0.4194025 1.699297 Tracked 76619019
0.1181419 0.4193626 1.699268 Tracked 76619051
0.1181475 0.419376 1.699294 Tracked 76619084
0.1180508 0.4193348 1.699224 Tracked 76619118
0.1179594 0.419294 1.699129 Tracked 76619152
0.117643 0.418983 1.698732 Tracked 76619185
0.1175732 0.4189077 1.698553 Tracked 76619218
0.1174439 0.4188462 1.698327 Tracked 76619251
0.1174158 0.4187753 1.698196 Tracked 76619285
0.1174155 0.4187728 1.698163 Tracked 76619318
0.1174295 0.4187683 1.698148 Tracked 76619352
0.1174514 0.4187531 1.698047 Tracked 76619385
0.1175414 0.4186974 1.697835 Tracked 76619418
0.1176495 0.4186821 1.697693 Tracked 76619452
0.1178686 0.4185354 1.697278 Tracked 76619485
0.1181253 0.4183975 1.697037 Tracked 76619519
0.1184797 0.417861 1.696527 Tracked 76619551
0.1186975 0.4173387 1.696247 Tracked 76619585
0.1193194 0.4167077 1.69676 Tracked 76619618
0.1203699 0.4154903 1.698791 Tracked 76619651
0.1272594 0.4081534 1.730183 Tracked 76619685
0.1267011 0.4071125 1.732947 Tracked 76619719
0.127568 0.4058738 1.734518 Tracked 76619752
0.1291025 0.4049384 1.736601 Tracked 76619785
0.1299505 0.4048341 1.738021 Tracked 76619819
0.1311655 0.4047351 1.739724 Tracked 76619852
0.1323712 0.4049428 1.740953 Tracked 76619886
0.1339054 0.4061378 1.743216 Tracked 76619919
0.1360175 0.4082659 1.74686 Tracked 76619953
0.1366459 0.4095306 1.748066 Tracked 76619986
0.1375206 0.4115277 1.749984 Tracked 76620019
0.1380019 0.4126702 1.750868 Tracked 76620053
0.1383408 0.4137674 1.751962 Tracked 76620085
0.1384845 0.4143503 1.752645 Tracked 76620119
0.1384745 0.4148672 1.753178 Tracked 76620153
0.1384805 0.4152419 1.75374 Tracked 76620185
0.1385253 0.4152772 1.7543 Tracked 76620220
0.1384981 0.4150981 1.754503 Tracked 76620252
0.1382171 0.4142239 1.754591 Tracked 76620285
0.1379659 0.413428 1.75479 Tracked 76620319
0.1377681 0.4122797 1.754848 Tracked 76620352
0.1378896 0.4110166 1.755056 Tracked 76620386
