-0.02846525 0.4478796 1.892773 Tracked 69380216
-0.02865066 0.4477983 1.892761 Tracked 69380226
-0.02888567 0.447674 1.892711 Tracked 69380258
-0.02916981 0.4475391 1.892662 Tracked 69380292
-0.02932208 0.4474915 1.8926 Tracked 69380326
-0.0294735 0.4474832 1.892543 Tracked 69380358
-0.02995939 0.4473668 1.892345 Tracked 69380393
-0.03060158 0.4472774 1.892086 Tracked 69380426
-0.03217202 0.4471568 1.891556 Tracked 69380458
-0.03433371 0.4474163 1.890727 Tracked 69380494
-0.03657665 0.4474978 1.889238 Tracked 69380527
-0.04568776 0.4519415 1.887407 Tracked 69380559
-0.046487 0.4513592 1.886142 Tracked 69380593
-0.0587138 0.4502696 1.881717 Tracked 69380626
-0.05937034 0.446676 1.879141 Tracked 69380658
-0.1013214 0.4209025 1.858923 Tracked 69380693
-0.1072617 0.4098301 1.856046 Tracked 69380726
-0.1100049 0.4061866 1.855334 Tracked 69380760
-0.1461656 0.3467653 1.841687 Tracked 69380794
-0.1481882 0.3246021 1.837917 Tracked 69380826
-0.1710061 0.2824199 1.825574 Tracked 69380858
-0.1731084 0.2694516 1.82037 Tracked 69380893
-0.1815957 0.2412782 1.814601 Tracked 69380926
-0.1837403 0.235857 1.813332 Tracked 69380959
-0.1898381 0.2158421 1.813048 Tracked 69380992
-0.1953017 0.1941915 1.811046 Tracked 69381026
-0.2014043 0.1822109 1.807986 Tracked 69381060
-0.2085441 0.1708509 1.808025 Tracked 69381093
-0.2119498 0.1624772 1.80764 Tracked 69381126
-0.2162232 0.1578072 1.803697 Tracked 69381158
-0.2236803 0.1540512 1.800181 Tracked 69381193
-0.224829 0.1539322 1.798936 Tracked 69381227
-0.2256829 0.1550955 1.798299 Tracked 69381259
-0.2240859 0.1643366 1.795272 Tracked 69381292
-0.215609 0.1908868 1.80032 Tracked 69381326
-0.2227021 0.2258101 1.796766 Tracked 69381371
-0.2078915 0.237682 1.799334 Tracked 69381393
-0.1974827 0.262735 1.804764 Tracked 69381426
-0.1927042 0.310113 1.809307 Tracked 69381459
-0.1865792 0.326559 1.812219 Tracked 69381494
-0.178633 0.3391571 1.822095 Tracked 69381526
-0.1608497 0.3626513 1.836922 Tracked 69381558
-0.1586534 0.3661726 1.839045 Tracked 69381593
-0.1520636 0.3734444 1.841876 Tracked 69381625
-0.1156908 0.4151517 1.853068 Tracked 69381659
-0.1103126 0.4196017 1.855264 Tracked 69381693
-0.1004638 0.429526 1.857645 Tracked 69381726
-0.1004603 0.4295864 1.8578 Tracked 69381760
-0.08858322 0.4399556 1.864596 Tracked 69381793
-0.08465534 0.4431355 1.866514 Tracked 69381825
-0.08168983 0.4447368 1.867561 Tracked 69381858
-0.07903554 0.446049 1.868786 Tracked 69381894
-0.07783244 0.4472457 1.869478 Tracked 69381926
-0.07620111 0.4478696 1.870242 Tracked 69381958
-0.07599173 0.4479673 1.870366 Tracked 69381993
-0.07582865 0.4482082 1.870301 Tracked 69382026
-0.07632889 0.4484513 1.869864 Tracked 69382058
-0.07714514 0.4482226 1.868868 Tracked 69382094
-0.08139902 0.446897 1.865128 Tracked 69382126
-0.08271027 0.4460756 1.864419 Tracked 69382159
-0.1110825 0.424009 1.842523 Tracked 69382193
-0.1213816 0.4138101 1.835871 Tracked 69382226
-0.1407636 0.3904124 1.828018 Tracked 69382258
-0.1529287 0.3719714 1.824049 Tracked 69382293
-0.1716988 0.3234796 1.816326 Tracked 69382326
-0.1786072 0.3111625 1.814314 Tracked 69382359
-0.186321 0.2803627 1.809898 Tracked 69382394
-0.1876072 0.2569762 1.802392 Tracked 69382427
-0.1914244 0.2429799 1.797947 Tracked 69382459
-0.1942569 0.2368368 1.795835 Tracked 69382492
-0.2011208 0.2164771 1.79356 Tracked 69382526
-0.2135604 0.1942532 1.785645 Tracked 69382558
-0.2179241 0.1842566 1.782367 Tracked 69382593
-0.2265279 0.172539 1.780393 Tracked 69382627
-0.2321585 0.1575692 1.778354 Tracked 69382658
-0.2374029 0.1514437 1.778865 Tracked 69382694
-0.2400649 0.1473635 1.778506 Tracked 69382726
-0.2422754 0.1443974 1.778549 Tracked 69382759
-0.2433846 0.1433716 1.778054 Tracked 69382793
-0.2439586 0.1443947 1.777995 Tracked 69382827
-0.2443805 0.1479125 1.777388 Tracked 69382857
-0.2376965 0.1680069 1.777546 Tracked 69382893
-0.2284182 0.1874142 1.781407 Tracked 69382925
-0.2127979 0.2129697 1.78597 Tracked 69382959
-0.206734 0.2413791 1.788402 Tracked 69382992
-0.2027243 0.2664661 1.791649 Tracked 69383026
-0.1871881 0.3113742 1.791883 Tracked 69383057
-0.1853392 0.3136809 1.795425 Tracked 69383093
-0.1787321 0.3285694 1.806554 Tracked 69383126
-0.1637559 0.3590396 1.819552 Tracked 69383159
-0.1601091 0.3665358 1.82598 Tracked 69383194
-0.1431532 0.3903614 1.833295 Tracked 69383226
-0.1273583 0.406818 1.836046 Tracked 69383258
-0.109544 0.4214975 1.840231 Tracked 69383293
-0.1102893 0.4209889 1.84051 Tracked 69383326
-0.09239689 0.4382472 1.847214 Tracked 69383358
-0.08769865 0.441622 1.848824 Tracked 69383393
-0.08923277 0.43977 1.848771 Tracked 69383426
-0.0810011 0.4434355 1.851375 Tracked 69383458
-0.07752686 0.4444915 1.85232 Tracked 69383494
-0.07539771 0.4448739 1.852647 Tracked 69383526
-0.07381319 0.445137 1.853048 Tracked 69383559
-0.07326949 0.4454122 1.853252 Tracked 69383593
-0.0750993 0.444383 1.852528 Tracked 69383626
-0.07478184 0.4446388 1.852018 Tracked 69383660
-0.07590394 0.4455562 1.851104 Tracked 69383693
-0.08173464 0.4428041 1.849023 Tracked 69383727
-0.08835059 0.4393235 1.846242 Tracked 69383759
-0.1069358 0.428965 1.833982 Tracked 69383793
-0.124772 0.4157414 1.827085 Tracked 69383826
-0.1438722 0.401083 1.822788 Tracked 69383858
-0.1463036 0.3959064 1.821828 Tracked 69383893
-0.1791581 0.3356221 1.806459 Tracked 69383926
-0.1874079 0.3218321 1.805417 Tracked 69383960
-0.1961402 0.2824484 1.792367 Tracked 69383993
-0.199268 0.2588528 1.783997 Tracked 69384026
-0.2042924 0.2518296 1.781693 Tracked 69384059
-0.217622 0.2140271 1.779799 Tracked 69384093
-0.2248084 0.196915 1.771682 Tracked 69384126
-0.2354804 0.1627288 1.772614 Tracked 69384161
-0.2415572 0.148039 1.769997 Tracked 69384194
-0.2535879 0.1280992 1.762499 Tracked 69384226
-0.2546525 0.1214966 1.760918 Tracked 69384258
-0.2561207 0.118727 1.760226 Tracked 69384294
-0.256989 0.1172848 1.759658 Tracked 69384325
-0.2578231 0.1166885 1.759137 Tracked 69384359
-0.2591396 0.1186008 1.758267 Tracked 69384393
-0.2585772 0.1290316 1.757306 Tracked 69384426
-0.2478423 0.1529072 1.757869 Tracked 69384458
-0.2402399 0.1821531 1.760237 Tracked 69384494
-0.2245398 0.2144926 1.770825 Tracked 69384526
-0.2139079 0.2386398 1.773484 Tracked 69384558
-0.2075355 0.2637157 1.772079 Tracked 69384593
-0.1928413 0.3085133 1.778902 Tracked 69384625
-0.1809413 0.3334061 1.785548 Tracked 69384657
-0.1739041 0.3415675 1.795783 Tracked 69384693
-0.1448867 0.3660826 1.810427 Tracked 69384726
-0.1408566 0.3705719 1.817467 Tracked 69384760
-0.1314957 0.3775883 1.82264 Tracked 69384793
-0.09230044 0.4112883 1.830636 Tracked 69384825
-0.09026134 0.4127539 1.831288 Tracked 69384858
-0.06890854 0.4295849 1.83719 Tracked 69384893
-0.06278772 0.4343893 1.83958 Tracked 69384926
-0.06376328 0.433527 1.839465 Tracked 69384958
-0.05545272 0.4384642 1.843826 Tracked 69384993
-0.05230192 0.4399805 1.844961 Tracked 69385027
-0.05095961 0.439833 1.84549 Tracked 69385061
-0.05173209 0.4391298 1.845122 Tracked 69385093
-0.05238851 0.4385774 1.844906 Tracked 69385126
-0.0513601 0.4390699 1.844943 Tracked 69385158
-0.05103115 0.4397962 1.844966 Tracked 69385193
-0.05175871 0.4402985 1.844265 Tracked 69385225
-0.05671246 0.4394119 1.841257 Tracked 69385258
-0.06461574 0.435811 1.835527 Tracked 69385293
-0.07006795 0.4319151 1.833795 Tracked 69385327
-0.1070648 0.4072769 1.816617 Tracked 69385360
-0.1188769 0.3972052 1.814687 Tracked 69385394
-0.1388717 0.3732978 1.810484 Tracked 69385438
-0.1560638 0.335109 1.805149 Tracked 69385460
-0.1615766 0.3239585 1.798758 Tracked 69385492
-0.1750248 0.2924218 1.787403 Tracked 69385525
-0.1821606 0.2625679 1.77886 Tracked 69385558
-0.1856402 0.2577237 1.774201 Tracked 69385593
-0.1930742 0.2297059 1.769414 Tracked 69385626
-0.1978849 0.1982671 1.765186 Tracked 69385658
-0.1989833 0.1791466 1.76454 Tracked 69385693
-0.2068089 0.1589085 1.76044 Tracked 69385725
-0.2179752 0.1332651 1.752971 Tracked 69385759
-0.2228201 0.1294527 1.75209 Tracked 69385792
-0.2258941 0.124417 1.750862 Tracked 69385826
-0.2275984 0.1222578 1.750308 Tracked 69385858
-0.229364 0.1219422 1.749961 Tracked 69385893
-0.2301817 0.1240706 1.749431 Tracked 69385926
-0.2265541 0.1331449 1.749436 Tracked 69385959
-0.2176148 0.1556816 1.748083 Tracked 69385993
-0.2133902 0.1829177 1.750428 Tracked 69386027
-0.1985151 0.2319585 1.766822 Tracked 69386060
-0.1946709 0.2461237 1.765208 Tracked 69386094
-0.1817704 0.2659462 1.76755 Tracked 69386126
-0.1609966 0.318965 1.769448 Tracked 69386160
-0.1488746 0.3460144 1.781701 Tracked 69386194
-0.1429648 0.3466184 1.786827 Tracked 69386227
-0.120474 0.3714336 1.801703 Tracked 69386260
-0.1174925 0.3736535 1.803592 Tracked 69386293
-0.08552615 0.3987037 1.814867 Tracked 69386325
-0.07112908 0.4106195 1.819732 Tracked 69386358
-0.05488809 0.4280551 1.826548 Tracked 69386393
-0.04682975 0.4346811 1.830678 Tracked 69386425
-0.0468947 0.4343023 1.830667 Tracked 69386458
-0.03698197 0.4391444 1.837472 Tracked 69386493
-0.02990661 0.4408112 1.84048 Tracked 69386527
-0.02587197 0.4416882 1.842301 Tracked 69386560
-0.02331172 0.4420329 1.843686 Tracked 69386593
-0.02124349 0.4421047 1.844502 Tracked 69386625
-0.02051306 0.4422327 1.844765 Tracked 69386658
-0.02025923 0.4423221 1.844908 Tracked 69386692
-0.02042528 0.4426383 1.845011 Tracked 69386725
-0.02164368 0.4435211 1.845113 Tracked 69386758
-0.02406487 0.4444865 1.844894 Tracked 69386793
-0.04945953 0.4467697 1.840888 Tracked 69386825
-0.04902519 0.4464921 1.840721 Tracked 69386860
-0.0558098 0.4441941 1.837259 Tracked 69386892
-0.1061117 0.4224305 1.819778 Tracked 69386925
-0.1121818 0.4158845 1.816884 Tracked 69386958
-0.1329216 0.3964915 1.808814 Tracked 69386992
-0.1566571 0.366866 1.800736 Tracked 69387025
-0.1759892 0.3419418 1.789564 Tracked 69387057
-0.1862263 0.3259621 1.783053 Tracked 69387094
-0.1939701 0.2864786 1.776248 Tracked 69387126
-0.2024512 0.2635928 1.771659 Tracked 69387160
-0.2047685 0.2587264 1.771005 Tracked 69387193
-0.2135995 0.2348078 1.768722 Tracked 69387225
-0.2190892 0.2141061 1.767516 Tracked 69387260
-0.2259035 0.1981892 1.766008 Tracked 69387294
-0.2300106 0.1799384 1.766559 Tracked 69387326
-0.244459 0.165016 1.762376 Tracked 69387358
-0.2449202 0.1644472 1.761616 Tracked 69387392
-0.2466462 0.1625413 1.760314 Tracked 69387426
-0.2476656 0.1618949 1.759212 Tracked 69387458
-0.2474749 0.1632711 1.758856 Tracked 69387494
-0.2411987 0.1744413 1.759922 Tracked 69387525
-0.240499 0.1903354 1.759385 Tracked 69387559
-0.2424042 0.2159587 1.759697 Tracked 69387594
-0.2331844 0.2400276 1.763231 Tracked 69387626
-0.2138683 0.2581214 1.769256 Tracked 69387658
-0.203771 0.2832495 1.772252 Tracked 69387693
-0.1866517 0.3279439 1.777918 Tracked 69387725
-0.1777567 0.3460322 1.78294 Tracked 69387758
-0.1638493 0.3503941 1.796366 Tracked 69387793
-0.1443665 0.3688681 1.80918 Tracked 69387826
-0.1304431 0.3785489 1.819595 Tracked 69387858
-0.1088966 0.3970256 1.827235 Tracked 69387893
-0.08844213 0.4149657 1.834044 Tracked 69387926
-0.07188185 0.4282878 1.839401 Tracked 69387958
-0.06187516 0.4347009 1.842698 Tracked 69387993
-0.05354349 0.4391795 1.848379 Tracked 69388025
-0.05474745 0.4376635 1.847747 Tracked 69388058
-0.0366816 0.4383463 1.855881 Tracked 69388094
-0.03171046 0.4387189 1.857297 Tracked 69388126
-0.02927429 0.4383371 1.85798 Tracked 69388158
-0.02474706 0.4374024 1.858851 Tracked 69388193
-0.02228777 0.4366326 1.859306 Tracked 69388226
-0.02192033 0.4370646 1.859584 Tracked 69388258
-0.02235886 0.4374654 1.859664 Tracked 69388293
-0.02641358 0.4383364 1.859437 Tracked 69388330
-0.02712672 0.4390744 1.85956 Tracked 69388360
-0.03001766 0.4399508 1.859149 Tracked 69388395
-0.03425235 0.4401027 1.857139 Tracked 69388426
-0.0808191 0.4275916 1.838367 Tracked 69388458
-0.0893887 0.4198232 1.835096 Tracked 69388493
-0.1084466 0.3971476 1.82561 Tracked 69388526
-0.1280981 0.377476 1.820779 Tracked 69388558
-0.1454757 0.3452609 1.813637 Tracked 69388593
-0.1527936 0.3292682 1.802229 Tracked 69388625
-0.1628332 0.2782418 1.795076 Tracked 69388657
-0.1672014 0.2630131 1.790714 Tracked 69388694
-0.1768826 0.2507473 1.784307 Tracked 69388727
-0.1912388 0.2242742 1.779946 Tracked 69388759
-0.2025744 0.2049644 1.779099 Tracked 69388793
-0.2162781 0.1768621 1.778789 Tracked 69388827
-0.2205072 0.1673063 1.776071 Tracked 69388860
-0.234252 0.1503884 1.768675 Tracked 69388894
-0.2397974 0.143352 1.764957 Tracked 69388925
-0.2424985 0.1416021 1.763419 Tracked 69388958
-0.242884 0.1423823 1.763103 Tracked 69388992
-0.2397936 0.1498183 1.764629 Tracked 69389025
-0.2355079 0.1633656 1.769003 Tracked 69389059
-0.2293865 0.1932097 1.766581 Tracked 69389093
-0.2279765 0.2164203 1.765371 Tracked 69389126
-0.2199218 0.2454692 1.763365 Tracked 69389159
-0.2171722 0.2679472 1.764825 Tracked 69389193
-0.204897 0.3001201 1.77018 Tracked 69389225
-0.1886319 0.3272904 1.775654 Tracked 69389258
-0.1773612 0.3516427 1.780904 Tracked 69389293
-0.165527 0.3621564 1.793161 Tracked 69389326
-0.1489806 0.3792491 1.80314 Tracked 69389360
-0.1316792 0.3876223 1.814206 Tracked 69389393
-0.1084382 0.4050936 1.820748 Tracked 69389426
-0.08946908 0.4193639 1.82546 Tracked 69389458
-0.08193909 0.4252501 1.827889 Tracked 69389493
-0.0577515 0.4429016 1.835943 Tracked 69389525
-0.05839265 0.441552 1.835682 Tracked 69389558
-0.05832334 0.4409582 1.835652 Tracked 69389594
-0.05246318 0.439725 1.836403 Tracked 69389626
-0.04656032 0.4382937 1.837416 Tracked 69389658
-0.04384632 0.4376016 1.83775 Tracked 69389693
-0.0422052 0.4371659 1.83795 Tracked 69389726
-0.04174919 0.4371102 1.838082 Tracked 69389760
-0.04174981 0.4371094 1.838081 Tracked 69389795
-0.04204947 0.4372495 1.8381 Tracked 69389826
-0.04295139 0.4386899 1.838684 Tracked 69389857
-0.04702147 0.4386695 1.838027 Tracked 69389893
-0.05294468 0.4381807 1.837461 Tracked 69389926
-0.0601676 0.4360272 1.836105 Tracked 69389958
-0.09397628 0.4218302 1.828893 Tracked 69389993
-0.111364 0.4072656 1.825507 Tracked 69390025
-0.1302306 0.3917882 1.818876 Tracked 69390059
-0.1443444 0.3717261 1.816321 Tracked 69390093
-0.1657269 0.3483081 1.807644 Tracked 69390126
-0.1736468 0.3281212 1.805673 Tracked 69390158
-0.1953713 0.2918908 1.796721 Tracked 69390193
-0.1976252 0.2674714 1.798954 Tracked 69390226
-0.2035916 0.2530781 1.798447 Tracked 69390260
-0.2099382 0.2351101 1.798225 Tracked 69390294
-0.2135354 0.2191155 1.797624 Tracked 69390326
-0.2164035 0.2064113 1.796423 Tracked 69390360
-0.2188312 0.1970535 1.795918 Tracked 69390394
-0.2180134 0.1902426 1.796048 Tracked 69390426
-0.2179127 0.1890797 1.795932 Tracked 69390459
-0.21738 0.1890942 1.795762 Tracked 69390503
-0.2159814 0.1929057 1.79506 Tracked 69390526
-0.2101939 0.205271 1.795137 Tracked 69390557
-0.199167 0.2322349 1.794408 Tracked 69390594
-0.1916831 0.2475303 1.795931 Tracked 69390627
-0.1788098 0.2763805 1.799817 Tracked 69390660
-0.1669151 0.319731 1.801557 Tracked 69390694
-0.1532101 0.3362138 1.810834 Tracked 69390727
-0.142441 0.3442608 1.821337 Tracked 69390760
-0.1255884 0.3807198 1.838145 Tracked 69390793
-0.1200494 0.3871611 1.844594 Tracked 69390827
-0.1019479 0.4023244 1.851176 Tracked 69390860
-0.08847634 0.4111647 1.855049 Tracked 69390893
-0.08138517 0.4167551 1.857331 Tracked 69390926
-0.05904493 0.4345076 1.864402 Tracked 69390959
-0.05906019 0.4344887 1.864387 Tracked 69390993
-0.05895331 0.4343805 1.864326 Tracked 69391026
-0.04060718 0.4450209 1.868995 Tracked 69391059
-0.03857429 0.4454206 1.869513 Tracked 69391093
-0.03632298 0.4449546 1.86974 Tracked 69391126
-0.03720529 0.4438351 1.868981 Tracked 69391157
-0.03779646 0.4429813 1.868366 Tracked 69391193
-0.03679428 0.4428765 1.868266 Tracked 69391227
-0.03670941 0.4429824 1.868175 Tracked 69391259
-0.03695151 0.4429552 1.867327 Tracked 69391293
-0.04171841 0.4411929 1.865283 Tracked 69391325
-0.044972 0.4411671 1.863631 Tracked 69391358
-0.05022477 0.4397538 1.860702 Tracked 69391393
-0.06694677 0.4336479 1.848754 Tracked 69391425
-0.08862596 0.4185783 1.837365 Tracked 69391460
-0.1050118 0.4062877 1.834368 Tracked 69391502
-0.1085869 0.4022574 1.833496 Tracked 69391526
-0.1452153 0.3476595 1.818216 Tracked 69391558
-0.1482438 0.3320325 1.811477 Tracked 69391593
-0.1525595 0.300725 1.801395 Tracked 69391625
-0.1763896 0.2708396 1.788896 Tracked 69391659
-0.1809286 0.2626531 1.785621 Tracked 69391693
-0.1866859 0.2280976 1.780644 Tracked 69391725
-0.1927748 0.2044496 1.776596 Tracked 69391759
-0.1968137 0.1880111 1.773897 Tracked 69391794
-0.2038614 0.1674664 1.770712 Tracked 69391827
-0.2073691 0.1525124 1.769267 Tracked 69391860
-0.2104006 0.1458749 1.767694 Tracked 69391893
-0.2122516 0.1424828 1.766423 Tracked 69391926
-0.2130226 0.1421056 1.765974 Tracked 69391958
-0.2132763 0.1440099 1.763934 Tracked 69391994
-0.2116742 0.1614248 1.759386 Tracked 69392026
-0.2040128 0.1793216 1.762878 Tracked 69392059
-0.1962521 0.2098864 1.766026 Tracked 69392094
-0.1913877 0.2398132 1.768859 Tracked 69392127
-0.1823989 0.2626669 1.772111 Tracked 69392160
-0.1640045 0.3016421 1.771532 Tracked 69392193
-0.1562241 0.3204623 1.77327 Tracked 69392226
-0.1439927 0.327473 1.78226 Tracked 69392259
-0.1308488 0.3495117 1.795288 Tracked 69392293
-0.1204627 0.3734409 1.807228 Tracked 69392326
-0.1137784 0.3794374 1.812571 Tracked 69392359
-0.1004142 0.3932479 1.816518 Tracked 69392394
-0.08540182 0.4087306 1.821273 Tracked 69392426
-0.06995689 0.42378 1.826062 Tracked 69392459
-0.0675531 0.4275378 1.82804 Tracked 69392504
-0.06321937 0.4325131 1.831182 Tracked 69392526
-0.05967049 0.4360193 1.833514 Tracked 69392558
-0.06043791 0.4351265 1.832962 Tracked 69392593
-0.06047324 0.4348715 1.832929 Tracked 69392626
-0.06050451 0.4346196 1.832932 Tracked 69392659
-0.05620327 0.4373337 1.83573 Tracked 69392694
-0.05500949 0.4384707 1.836388 Tracked 69392726
-0.05710649 0.4373829 1.834901 Tracked 69392759
-0.056198 0.4392267 1.835385 Tracked 69392794
-0.05967783 0.4370219 1.833504 Tracked 69392825
-0.06303312 0.4344936 1.831085 Tracked 69392858
-0.06650217 0.4321534 1.828836 Tracked 69392893
-0.07265239 0.4296819 1.824038 Tracked 69392926
-0.09241652 0.4144133 1.815447 Tracked 69392958
-0.1045753 0.4032153 1.812433 Tracked 69392993
-0.1046331 0.4013605 1.813145 Tracked 69393026
-0.1477798 0.3449877 1.801602 Tracked 69393058
-0.1532648 0.3372653 1.794572 Tracked 69393094
-0.1646405 0.3134569 1.779792 Tracked 69393127
-0.1766714 0.2753684 1.776023 Tracked 69393159
-0.1778101 0.2694269 1.774504 Tracked 69393193
-0.1828788 0.243328 1.773232 Tracked 69393226
-0.1907967 0.214963 1.770695 Tracked 69393258
-0.196014 0.2030885 1.769315 Tracked 69393293
-0.2051184 0.1734222 1.767545 Tracked 69393326
-0.2144361 0.1535524 1.765305 Tracked 69393359
-0.215675 0.1474196 1.764899 Tracked 69393393
-0.2189315 0.1415395 1.764266 Tracked 69393425
-0.219509 0.1406181 1.764244 Tracked 69393458
-0.2209943 0.1422091 1.764613 Tracked 69393493
-0.2212889 0.149579 1.764032 Tracked 69393526
-0.2196146 0.1826949 1.768708 Tracked 69393560
-0.2063938 0.2032639 1.776394 Tracked 69393594
-0.2025178 0.2295136 1.777915 Tracked 69393626
-0.1938975 0.2581465 1.782045 Tracked 69393659
-0.1840646 0.2754017 1.784632 Tracked 69393693
-0.1675154 0.32096 1.78694 Tracked 69393725
-0.1548316 0.3378894 1.793341 Tracked 69393761
-0.1427301 0.3440287 1.805257 Tracked 69393793
-0.1298646 0.3680721 1.818117 Tracked 69393826
-0.1268334 0.3712236 1.822571 Tracked 69393858
-0.09904937 0.3931212 1.834531 Tracked 69393893
-0.08483273 0.4044309 1.838073 Tracked 69393927
-0.06705665 0.4188915 1.840256 Tracked 69393961
-0.05636264 0.4283823 1.843949 Tracked 69393994
-0.05639956 0.4281563 1.844005 Tracked 69394026
-0.05622881 0.4281065 1.844154 Tracked 69394059
-0.04007472 0.4384314 1.850286 Tracked 69394093
-0.03697659 0.4396531 1.851508 Tracked 69394126
-0.03497167 0.4396895 1.851417 Tracked 69394158
-0.03602202 0.4383923 1.850608 Tracked 69394193
-0.0366716 0.4375 1.850076 Tracked 69394226
-0.03743748 0.4371449 1.849445 Tracked 69394258
-0.03803425 0.4369954 1.848732 Tracked 69394293
-0.03701864 0.4381852 1.846566 Tracked 69394326
-0.03750714 0.4391517 1.843456 Tracked 69394358
-0.04111906 0.439543 1.838129 Tracked 69394394
-0.04832974 0.4370443 1.831173 Tracked 69394425
-0.05383283 0.4328978 1.831134 Tracked 69394458
-0.09479106 0.4091646 1.810106 Tracked 69394493
-0.1024349 0.4018731 1.810143 Tracked 69394537
-0.1304421 0.3737488 1.805968 Tracked 69394558
-0.1430767 0.3549348 1.803058 Tracked 69394594
-0.1603357 0.316116 1.795595 Tracked 69394625
-0.1640301 0.3126382 1.788955 Tracked 69394657
-0.1797769 0.2850679 1.77635 Tracked 69394693
-0.1829586 0.2802252 1.773233 Tracked 69394725
-0.1898622 0.252335 1.770616 Tracked 69394758
-0.1955278 0.2329067 1.768878 Tracked 69394793
-0.2025619 0.2102773 1.765551 Tracked 69394825
-0.2157198 0.1938914 1.755978 Tracked 69394858
-0.2208887 0.1799277 1.755049 Tracked 69394893
-0.2229852 0.163404 1.756291 Tracked 69394926
-0.228557 0.1508368 1.753726 Tracked 69394960
-0.2300242 0.1466637 1.753321 Tracked 69394994
-0.2310095 0.1469404 1.754293 Tracked 69395026
-0.2315083 0.1499663 1.755005 Tracked 69395058
-0.2288745 0.1645827 1.755105 Tracked 69395093
-0.2249721 0.1844013 1.757583 Tracked 69395126
-0.2059795 0.2133678 1.771306 Tracked 69395158
-0.2026986 0.2401893 1.77654 Tracked 69395193
-0.1952333 0.2669378 1.773577 Tracked 69395227
-0.1870662 0.2991905 1.775756 Tracked 69395258
-0.174974 0.3245656 1.773906 Tracked 69395293
-0.1553304 0.3510766 1.779612 Tracked 69395326
-0.1500361 0.3520256 1.78679 Tracked 69395360
-0.1354837 0.3686234 1.797635 Tracked 69395393
-0.1271919 0.3758775 1.806303 Tracked 69395425
-0.1058397 0.3933665 1.81132 Tracked 69395458
-0.08872571 0.4079433 1.811798 Tracked 69395493
-0.0714737 0.4215973 1.814478 Tracked 69395526
-0.05722481 0.4316957 1.817566 Tracked 69395560
-0.05734632 0.431555 1.817523 Tracked 69395593
-0.05724313 0.4315122 1.817537 Tracked 69395626
-0.03521055 0.4409706 1.82036 Tracked 69395658
-0.03561905 0.4403807 1.820347 Tracked 69395693
-0.03569078 0.4399947 1.820206 Tracked 69395726
-0.03572653 0.4395534 1.820071 Tracked 69395757
-0.03570589 0.4391139 1.819902 Tracked 69395793
-0.03567664 0.438809 1.819624 Tracked 69395826
-0.03583893 0.4386437 1.819449 Tracked 69395859
-0.03611539 0.4386012 1.819229 Tracked 69395893
-0.03696743 0.4387114 1.818759 Tracked 69395926
-0.03694806 0.4397969 1.817261 Tracked 69395957
-0.04063264 0.4398332 1.813697 Tracked 69395993
-0.04647256 0.4377632 1.812743 Tracked 69396025
-0.06770682 0.4280123 1.803303 Tracked 69396058
-0.08496538 0.414933 1.799447 Tracked 69396094
-0.101429 0.4007812 1.798166 Tracked 69396126
-0.1271901 0.3794023 1.796881 Tracked 69396157
-0.1434619 0.3562827 1.793104 Tracked 69396194
-0.1509472 0.3426037 1.789699 Tracked 69396227
-0.1622674 0.3227313 1.779664 Tracked 69396260
-0.16694 0.3122762 1.77465 Tracked 69396293
-0.1788688 0.2872041 1.773814 Tracked 69396326
-0.178923 0.2873126 1.773576 Tracked 69396359
-0.1873952 0.2748118 1.772497 Tracked 69396393
