-0.01082007 0.4410464 1.826753 Tracked 69457427
-0.01048678 0.4409867 1.82684 Tracked 69457459
-0.01025696 0.440924 1.826772 Tracked 69457493
-0.01660818 0.4405096 1.822982 Tracked 69457526
-0.02034086 0.4407527 1.820913 Tracked 69457559
-0.02659409 0.4416856 1.819086 Tracked 69457593
-0.02445441 0.4420536 1.820243 Tracked 69457626
-0.03700186 0.4451844 1.813706 Tracked 69457659
-0.04209128 0.4456277 1.810364 Tracked 69457694
-0.04169409 0.4453062 1.810456 Tracked 69457726
-0.07209591 0.4280577 1.792016 Tracked 69457759
-0.08146828 0.4181859 1.787628 Tracked 69457794
-0.08352187 0.4160381 1.786399 Tracked 69457826
-0.06788071 0.3822338 1.780964 Tracked 69457859
-0.1357749 0.3394372 1.76255 Tracked 69457892
-0.1364767 0.3165422 1.758073 Tracked 69457926
-0.159454 0.267398 1.745283 Tracked 69457959
-0.1655636 0.2499718 1.738707 Tracked 69457993
-0.1719117 0.2395006 1.731404 Tracked 69458027
-0.1795696 0.2108097 1.722626 Tracked 69458059
-0.1828493 0.1936876 1.71768 Tracked 69458093
-0.1906532 0.1682733 1.711697 Tracked 69458125
-0.194204 0.163227 1.707467 Tracked 69458159
-0.1931 0.1542923 1.70873 Tracked 69458193
-0.2019492 0.1523457 1.704265 Tracked 69458247
-0.2009896 0.1501677 1.704759 Tracked 69458262
-0.2011034 0.151113 1.704594 Tracked 69458294
-0.2021903 0.1630855 1.702636 Tracked 69458327
-0.1979332 0.1728931 1.703473 Tracked 69458359
-0.191318 0.1906925 1.708907 Tracked 69458393
-0.1850483 0.2186142 1.712799 Tracked 69458425
-0.1790521 0.2419439 1.717006 Tracked 69458459
-0.1669565 0.2755172 1.721768 Tracked 69458493
-0.1556528 0.3120521 1.722432 Tracked 69458526
-0.1536098 0.3179047 1.72801 Tracked 69458559
-0.1475356 0.3393384 1.739089 Tracked 69458593
-0.1328238 0.3651267 1.748048 Tracked 69458626
-0.1326232 0.3650589 1.748358 Tracked 69458659
-0.09956646 0.3990639 1.76295 Tracked 69458693
-0.08301613 0.4176795 1.767838 Tracked 69458726
-0.06860809 0.4351093 1.777321 Tracked 69458759
-0.064852 0.4401408 1.780306 Tracked 69458793
-0.05243225 0.4545317 1.792055 Tracked 69458826
-0.05239624 0.4544743 1.792102 Tracked 69458859
-0.05189216 0.4540628 1.792474 Tracked 69458894
-0.0506052 0.4536596 1.793395 Tracked 69458926
-0.04895816 0.4532539 1.794653 Tracked 69458959
-0.04103288 0.4533814 1.801701 Tracked 69458994
-0.03918928 0.4538021 1.803795 Tracked 69459025
-0.03828474 0.4537755 1.805077 Tracked 69459060
-0.03812748 0.4537888 1.805511 Tracked 69459094
-0.03845037 0.4538605 1.806097 Tracked 69459126
-0.04081957 0.4551391 1.808362 Tracked 69459159
-0.04339978 0.4551234 1.807866 Tracked 69459195
-0.04671567 0.4546847 1.806648 Tracked 69459229
-0.05161161 0.4538006 1.804422 Tracked 69459259
-0.09415145 0.4390489 1.793854 Tracked 69459294
-0.1039245 0.4281655 1.786987 Tracked 69459326
-0.1071063 0.4251406 1.786133 Tracked 69459359
-0.1492326 0.3723877 1.771112 Tracked 69459393
-0.1613049 0.3520665 1.769219 Tracked 69459426
-0.1773482 0.3196696 1.76611 Tracked 69459459
-0.1873745 0.2833373 1.758119 Tracked 69459493
-0.1889766 0.2608373 1.751409 Tracked 69459526
-0.1919211 0.2525918 1.748615 Tracked 69459560
-0.1999801 0.2397691 1.741718 Tracked 69459593
-0.2002122 0.2379026 1.741752 Tracked 69459626
-0.2217751 0.1917168 1.729745 Tracked 69459659
-0.2226647 0.1893188 1.729086 Tracked 69459693
-0.2249527 0.1816752 1.728596 Tracked 69459726
-0.2271369 0.1761768 1.728008 Tracked 69459759
-0.2280074 0.1741074 1.72756 Tracked 69459793
-0.2282393 0.1733816 1.727352 Tracked 69459828
-0.22863 0.1739011 1.726594 Tracked 69459859
-0.2289501 0.1776386 1.725003 Tracked 69459893
-0.2257403 0.1897332 1.724431 Tracked 69459927
-0.2150225 0.2199492 1.730917 Tracked 69459959
-0.2050751 0.2394511 1.728138 Tracked 69459993
-0.2005099 0.2497691 1.727886 Tracked 69460026
-0.1864814 0.3128645 1.732244 Tracked 69460059
-0.1786427 0.3277357 1.736145 Tracked 69460093
-0.1696274 0.3389915 1.745766 Tracked 69460126
-0.1495143 0.3617039 1.756575 Tracked 69460159
-0.1463172 0.3653147 1.759271 Tracked 69460193
-0.1170136 0.3968955 1.772077 Tracked 69460227
-0.1023117 0.4118798 1.777673 Tracked 69460259
-0.08677789 0.4278847 1.783562 Tracked 69460293
-0.07139048 0.4382526 1.790831 Tracked 69460327
-0.07167689 0.4375425 1.790959 Tracked 69460359
-0.055583 0.4433976 1.800918 Tracked 69460393
-0.05549246 0.4429097 1.800868 Tracked 69460426
-0.05522272 0.442077 1.800746 Tracked 69460459
-0.03368726 0.4414626 1.806815 Tracked 69460493
-0.02456068 0.4421809 1.808987 Tracked 69460527
-0.02362509 0.4420167 1.809328 Tracked 69460561
-0.02356995 0.441943 1.809378 Tracked 69460592
-0.02357806 0.4419454 1.809426 Tracked 69460625
-0.0263684 0.4429237 1.808589 Tracked 69460658
-0.03157397 0.4433253 1.808078 Tracked 69460693
-0.03183882 0.4436348 1.807932 Tracked 69460727
-0.03370388 0.4438454 1.807264 Tracked 69460759
-0.05868208 0.4471656 1.794707 Tracked 69460793
-0.0713186 0.4413442 1.788032 Tracked 69460827
-0.07972001 0.4358307 1.783707 Tracked 69460861
-0.1114937 0.4073522 1.767049 Tracked 69460895
-0.1105265 0.4081503 1.767788 Tracked 69460927
-0.148403 0.3616691 1.753578 Tracked 69460959
-0.157412 0.3471156 1.749647 Tracked 69460992
-0.1750791 0.3137972 1.742267 Tracked 69461027
-0.1816742 0.2797522 1.737422 Tracked 69461059
-0.1905093 0.2601972 1.725196 Tracked 69461094
-0.1967154 0.2565432 1.721497 Tracked 69461126
-0.2004807 0.2489589 1.719618 Tracked 69461159
-0.2185758 0.1946967 1.710198 Tracked 69461193
-0.2259601 0.1863082 1.70545 Tracked 69461226
-0.2316199 0.1772685 1.703603 Tracked 69461262
-0.2393554 0.1643619 1.701893 Tracked 69461294
-0.2439049 0.1551332 1.699013 Tracked 69461326
-0.2436422 0.1535634 1.699832 Tracked 69461359
-0.244799 0.1534021 1.699309 Tracked 69461393
-0.2455703 0.1587138 1.698708 Tracked 69461426
-0.2431422 0.1728583 1.700097 Tracked 69461459
-0.2354027 0.1919986 1.70659 Tracked 69461493
-0.2273038 0.2211298 1.713816 Tracked 69461526
-0.2182743 0.2486581 1.721295 Tracked 69461560
-0.2082725 0.2792499 1.721506 Tracked 69461594
-0.1865978 0.3167989 1.723248 Tracked 69461626
-0.1786115 0.3342276 1.729398 Tracked 69461659
-0.1685506 0.3491308 1.746245 Tracked 69461693
-0.1540122 0.3640263 1.752898 Tracked 69461726
-0.1484015 0.3687778 1.756679 Tracked 69461758
-0.1093981 0.3981875 1.770947 Tracked 69461792
-0.09392691 0.4119235 1.776617 Tracked 69461825
-0.08560938 0.4187286 1.779882 Tracked 69461859
-0.06214463 0.4373251 1.79125 Tracked 69461892
-0.0622924 0.4371786 1.791161 Tracked 69461925
-0.05875406 0.4391589 1.792856 Tracked 69461958
-0.05554649 0.4411459 1.794423 Tracked 69461993
-0.03802966 0.4518658 1.804025 Tracked 69462026
-0.04068175 0.4497441 1.802658 Tracked 69462060
-0.04228008 0.4485133 1.80178 Tracked 69462094
-0.04361911 0.4474779 1.801051 Tracked 69462126
-0.04461756 0.4468627 1.800385 Tracked 69462159
-0.04554526 0.446474 1.799512 Tracked 69462193
-0.04803008 0.4461416 1.797814 Tracked 69462226
-0.05224678 0.444701 1.795212 Tracked 69462259
-0.05881567 0.4420426 1.791458 Tracked 69462293
-0.08316708 0.4341736 1.774744 Tracked 69462326
-0.09794503 0.4255621 1.767729 Tracked 69462359
-0.1078919 0.4189479 1.763221 Tracked 69462393
-0.1544547 0.3964843 1.747459 Tracked 69462426
-0.1640827 0.3837209 1.746975 Tracked 69462459
-0.1953229 0.3506721 1.742079 Tracked 69462493
-0.1996941 0.3350307 1.733794 Tracked 69462526
-0.2107306 0.3004522 1.718742 Tracked 69462559
-0.2144872 0.2967871 1.71524 Tracked 69462593
-0.230416 0.2742467 1.707546 Tracked 69462626
-0.240945 0.2562689 1.705909 Tracked 69462660
-0.2441464 0.2429947 1.705713 Tracked 69462693
-0.2537297 0.1982894 1.70426 Tracked 69462726
-0.2580747 0.1840014 1.706348 Tracked 69462760
-0.2611741 0.1744989 1.70498 Tracked 69462794
-0.2678176 0.1600745 1.705106 Tracked 69462826
-0.2753692 0.1514198 1.703749 Tracked 69462859
-0.2781236 0.1499775 1.70337 Tracked 69462893
-0.2794686 0.1498744 1.703017 Tracked 69462925
-0.2803332 0.1537554 1.701953 Tracked 69462959
-0.2796616 0.1663728 1.702049 Tracked 69462993
-0.2777371 0.1874991 1.704588 Tracked 69463026
-0.2689128 0.2129399 1.71208 Tracked 69463059
-0.2520188 0.2382326 1.718708 Tracked 69463094
-0.237774 0.2579955 1.728428 Tracked 69463126
-0.2256455 0.2863466 1.733661 Tracked 69463159
-0.2128372 0.3248729 1.730502 Tracked 69463193
-0.191829 0.3491196 1.742069 Tracked 69463227
-0.1858705 0.3534594 1.751409 Tracked 69463259
-0.1716512 0.3696984 1.757927 Tracked 69463312
-0.1520526 0.3887016 1.771799 Tracked 69463328
-0.1453756 0.3923571 1.77458 Tracked 69463359
-0.1058965 0.4096618 1.782967 Tracked 69463392
-0.09762907 0.4169386 1.785554 Tracked 69463425
-0.08280506 0.4274916 1.789646 Tracked 69463459
-0.08016772 0.4292867 1.790848 Tracked 69463493
-0.05364897 0.444512 1.801291 Tracked 69463526
-0.05611086 0.4429236 1.800165 Tracked 69463559
-0.05550178 0.4430517 1.800474 Tracked 69463593
-0.05460586 0.4432905 1.800798 Tracked 69463626
-0.04417406 0.4457159 1.804616 Tracked 69463660
-0.04306225 0.445907 1.805134 Tracked 69463693
-0.04384635 0.4458384 1.804452 Tracked 69463726
-0.04234567 0.4464186 1.803836 Tracked 69463759
-0.04451933 0.4459972 1.802378 Tracked 69463793
-0.04666364 0.4455273 1.800192 Tracked 69463826
-0.04856147 0.4451199 1.798464 Tracked 69463861
-0.05170601 0.4448316 1.791474 Tracked 69463894
-0.05627512 0.4422669 1.788873 Tracked 69463927
-0.07403509 0.4322686 1.77063 Tracked 69463959
-0.07503828 0.4314471 1.77169 Tracked 69463993
-0.08652072 0.4230189 1.766705 Tracked 69464026
-0.1368034 0.3889557 1.744622 Tracked 69464059
-0.1474015 0.3763937 1.742463 Tracked 69464094
-0.1494415 0.3728999 1.741725 Tracked 69464126
-0.1866347 0.3194761 1.723403 Tracked 69464159
-0.1917925 0.3127432 1.717744 Tracked 69464193
-0.2077415 0.2753816 1.707126 Tracked 69464227
-0.2091131 0.2727291 1.703919 Tracked 69464260
-0.2163355 0.2472412 1.699147 Tracked 69464293
-0.2312955 0.2286674 1.691022 Tracked 69464326
-0.2387217 0.2053904 1.685232 Tracked 69464359
-0.2465439 0.185172 1.681057 Tracked 69464393
-0.2497806 0.1747631 1.6823 Tracked 69464426
-0.2598824 0.1620706 1.678097 Tracked 69464459
-0.2628164 0.157989 1.676454 Tracked 69464493
-0.2637165 0.1574282 1.676229 Tracked 69464527
-0.2647771 0.158759 1.675981 Tracked 69464559
-0.2655026 0.1640565 1.674979 Tracked 69464592
-0.2669452 0.185341 1.67484 Tracked 69464626
-0.2583797 0.2136842 1.682269 Tracked 69464659
-0.2450587 0.2334744 1.687149 Tracked 69464692
-0.2303775 0.2506964 1.693256 Tracked 69464726
-0.2212259 0.2716091 1.698482 Tracked 69464759
-0.2126387 0.3020239 1.703448 Tracked 69464794
-0.1914279 0.3240887 1.717154 Tracked 69464827
-0.1826551 0.3277428 1.729172 Tracked 69464859
-0.1723422 0.3444175 1.74017 Tracked 69464893
-0.1705247 0.3463818 1.739062 Tracked 69464926
-0.1264825 0.3817816 1.762302 Tracked 69464961
-0.1149033 0.3898517 1.764329 Tracked 69464993
-0.08757433 0.4106235 1.772239 Tracked 69465025
-0.073776 0.4216138 1.77727 Tracked 69465059
-0.06006261 0.4291086 1.783089 Tracked 69465093
-0.06009846 0.4290138 1.783069 Tracked 69465126
-0.05652409 0.429871 1.784428 Tracked 69465161
-0.05388656 0.430319 1.785761 Tracked 69465192
-0.03474068 0.432155 1.795097 Tracked 69465226
-0.03084689 0.432087 1.796266 Tracked 69465260
-0.02725491 0.4323101 1.7968 Tracked 69465293
-0.02581039 0.4321162 1.797051 Tracked 69465326
-0.02551218 0.4323096 1.797071 Tracked 69465360
-0.02520038 0.4326941 1.796994 Tracked 69465392
-0.0317684 0.4322346 1.793362 Tracked 69465425
-0.03527129 0.4320289 1.791299 Tracked 69465458
-0.0393153 0.4316475 1.788971 Tracked 69465493
-0.04635991 0.4292209 1.786094 Tracked 69465527
-0.05450688 0.4254435 1.782715 Tracked 69465559
-0.06476919 0.4191881 1.778839 Tracked 69465593
-0.07509806 0.4126554 1.776437 Tracked 69465626
-0.1347556 0.36061 1.762421 Tracked 69465659
-0.1377793 0.3579756 1.762431 Tracked 69465693
-0.1744353 0.3147913 1.748897 Tracked 69465725
-0.1775933 0.3086708 1.742641 Tracked 69465759
-0.1983099 0.2720532 1.728622 Tracked 69465793
-0.2030401 0.2675211 1.724384 Tracked 69465825
-0.2134849 0.2440472 1.716861 Tracked 69465859
-0.2295641 0.2094716 1.708433 Tracked 69465893
-0.2376855 0.1970101 1.706176 Tracked 69465926
-0.2468497 0.1751508 1.704236 Tracked 69465959
-0.2643031 0.1528157 1.696125 Tracked 69465994
-0.2684915 0.1437913 1.694102 Tracked 69466026
-0.2718425 0.1369596 1.691959 Tracked 69466059
-0.2740432 0.1335846 1.690117 Tracked 69466094
-0.2755092 0.1326709 1.689255 Tracked 69466126
-0.2759475 0.1327574 1.688869 Tracked 69466158
-0.2757203 0.134639 1.688238 Tracked 69466194
-0.27301 0.1431791 1.687159 Tracked 69466226
-0.2580279 0.1652731 1.691034 Tracked 69466259
-0.2529277 0.1885619 1.695346 Tracked 69466293
-0.2395464 0.2134003 1.702702 Tracked 69466330
-0.2204177 0.2347718 1.709716 Tracked 69466358
-0.2156496 0.2539758 1.711049 Tracked 69466393
-0.2024059 0.280078 1.717592 Tracked 69466426
-0.189091 0.312405 1.728268 Tracked 69466459
-0.1776454 0.3368926 1.736924 Tracked 69466493
-0.1671348 0.3388439 1.747664 Tracked 69466526
-0.1665979 0.3387066 1.74729 Tracked 69466558
-0.1236277 0.3797137 1.770147 Tracked 69466593
-0.1207477 0.381554 1.771445 Tracked 69466626
-0.08673228 0.4061901 1.779052 Tracked 69466658
-0.07454704 0.4152165 1.78378 Tracked 69466692
-0.05880901 0.4291812 1.790701 Tracked 69466725
-0.04590853 0.4362803 1.796496 Tracked 69466760
-0.03680941 0.4416499 1.800492 Tracked 69466794
-0.0286584 0.4441968 1.80363 Tracked 69466827
-0.02436846 0.446399 1.80513 Tracked 69466859
-0.01752272 0.4500608 1.806595 Tracked 69466893
-0.01514247 0.4515144 1.807129 Tracked 69466926
-0.01420899 0.4523396 1.807401 Tracked 69466959
-0.01338239 0.4532922 1.807007 Tracked 69466993
-0.01354951 0.4531288 1.806898 Tracked 69467026
-0.01618864 0.4525622 1.804238 Tracked 69467059
-0.0254549 0.4490977 1.79807 Tracked 69467093
-0.03542078 0.4452354 1.791319 Tracked 69467126
-0.0359169 0.4446202 1.791385 Tracked 69467159
-0.05296018 0.4350243 1.78441 Tracked 69467193
-0.07787901 0.4212359 1.774761 Tracked 69467227
-0.1010551 0.4052843 1.768628 Tracked 69467259
-0.1534584 0.3505818 1.752657 Tracked 69467294
-0.1660611 0.332983 1.744172 Tracked 69467326
-0.1763923 0.3051658 1.738115 Tracked 69467362
-0.1830122 0.2777468 1.73245 Tracked 69467394
-0.1863206 0.2688406 1.728065 Tracked 69467426
-0.1944438 0.2469704 1.723845 Tracked 69467459
-0.2014866 0.2173876 1.722382 Tracked 69467493
-0.2063925 0.2022493 1.721617 Tracked 69467527
-0.2180171 0.1873463 1.720643 Tracked 69467559
-0.2319786 0.1691798 1.720869 Tracked 69467594
-0.2356553 0.16119 1.721327 Tracked 69467627
-0.2393293 0.1539929 1.720812 Tracked 69467660
-0.2437977 0.1483144 1.720144 Tracked 69467694
-0.2453155 0.146822 1.719916 Tracked 69467726
-0.2456074 0.1475821 1.720176 Tracked 69467759
-0.2446496 0.1529382 1.720428 Tracked 69467793
-0.2401527 0.1706966 1.720719 Tracked 69467827
-0.233864 0.1858342 1.721922 Tracked 69467860
-0.2154933 0.2176648 1.726823 Tracked 69467894
-0.2010589 0.2475322 1.736279 Tracked 69467926
-0.1935878 0.2583227 1.73683 Tracked 69467959
-0.1801879 0.3057169 1.74101 Tracked 69467993
-0.1677448 0.3290577 1.743087 Tracked 69468025
-0.1529569 0.3381565 1.761681 Tracked 69468059
-0.1448368 0.3459334 1.766346 Tracked 69468094
-0.1094522 0.3775412 1.780677 Tracked 69468126
-0.1075699 0.3785063 1.781789 Tracked 69468159
-0.09960835 0.3843074 1.784212 Tracked 69468193
-0.04825405 0.4238541 1.799299 Tracked 69468226
-0.040436 0.429665 1.802315 Tracked 69468259
-0.02929617 0.4389054 1.809322 Tracked 69468294
-0.02947453 0.438511 1.809293 Tracked 69468325
-0.02935302 0.4382502 1.809384 Tracked 69468362
-0.01600505 0.4386804 1.817871 Tracked 69468393
-0.01104392 0.4384592 1.820432 Tracked 69468426
-0.00780719 0.4379614 1.821265 Tracked 69468459
-0.003738157 0.4367962 1.822552 Tracked 69468494
-0.002291555 0.4363066 1.822924 Tracked 69468526
-0.004953067 0.4359736 1.821637 Tracked 69468559
-0.004612792 0.4362446 1.821833 Tracked 69468594
-0.005548343 0.4366796 1.821676 Tracked 69468626
-0.01256597 0.437553 1.819167 Tracked 69468659
-0.0172104 0.4382324 1.817441 Tracked 69468693
-0.02375545 0.4392015 1.815412 Tracked 69468725
-0.03483843 0.4380846 1.810887 Tracked 69468758
-0.03873541 0.4359597 1.808715 Tracked 69468793
-0.08896326 0.4133545 1.787588 Tracked 69468825
-0.0919599 0.4117354 1.78772 Tracked 69468859
-0.1356964 0.3836322 1.785744 Tracked 69468894
-0.1516361 0.3661152 1.781812 Tracked 69468926
-0.1736015 0.3272593 1.762025 Tracked 69468959
-0.1753711 0.3242435 1.76086 Tracked 69468993
-0.1941618 0.2711701 1.744174 Tracked 69469026
-0.1964563 0.2666917 1.742291 Tracked 69469059
-0.2034499 0.2436905 1.733352 Tracked 69469092
-0.2236941 0.2098546 1.726677 Tracked 69469125
-0.2302621 0.1963486 1.724615 Tracked 69469158
-0.2413374 0.1673072 1.723296 Tracked 69469193
-0.248606 0.1499074 1.7201 Tracked 69469225
-0.2513866 0.1399893 1.718748 Tracked 69469259
-0.2541437 0.1348277 1.717512 Tracked 69469293
-0.2556328 0.1322011 1.716926 Tracked 69469326
-0.2563463 0.1314623 1.716516 Tracked 69469362
-0.2573318 0.1326803 1.716433 Tracked 69469394
-0.2603118 0.1416583 1.715405 Tracked 69469426
-0.2618389 0.173996 1.715031 Tracked 69469459
-0.2471482 0.1956361 1.721325 Tracked 69469494
-0.2219805 0.2420573 1.734428 Tracked 69469527
-0.2168415 0.2488463 1.736849 Tracked 69469560
-0.2015177 0.2753297 1.741714 Tracked 69469593
-0.1849227 0.309377 1.743658 Tracked 69469626
-0.1690921 0.3352565 1.746831 Tracked 69469659
-0.1455067 0.3678931 1.7679 Tracked 69469693
-0.1407968 0.3711227 1.779425 Tracked 69469726
-0.1356493 0.3745327 1.780621 Tracked 69469760
-0.08925661 0.3973684 1.805303 Tracked 69469794
-0.08375022 0.401525 1.806181 Tracked 69469826
-0.07069455 0.4101492 1.80835 Tracked 69469859
-0.01160029 0.448576 1.825553 Tracked 69469893
-0.01121142 0.4485652 1.825553 Tracked 69469926
-0.001775324 0.4461334 1.827286 Tracked 69469959
-0.000258845 0.4455289 1.827597 Tracked 69469993
0.02703365 0.4411542 1.835618 Tracked 69470026
0.02541161 0.4411216 1.835133 Tracked 69470058
0.02837516 0.439822 1.836016 Tracked 69470093
0.03123819 0.4387107 1.837031 Tracked 69470126
0.03328841 0.437881 1.837566 Tracked 69470159
0.03394237 0.4377237 1.837742 Tracked 69470192
0.03405849 0.4376773 1.83776 Tracked 69470226
0.03406198 0.437719 1.837722 Tracked 69470258
0.03353596 0.4379786 1.837227 Tracked 69470292
0.03175385 0.4385476 1.836088 Tracked 69470326
0.026885 0.4388933 1.833892 Tracked 69470363
0.0204919 0.4403051 1.830877 Tracked 69470394
0.01435695 0.4411884 1.827565 Tracked 69470426
-0.01331819 0.4430257 1.808502 Tracked 69470460
-0.01285466 0.441699 1.809236 Tracked 69470493
-0.06463378 0.4136562 1.781748 Tracked 69470526
-0.06803714 0.4105176 1.780574 Tracked 69470559
-0.1047049 0.3716394 1.773172 Tracked 69470593
-0.1251016 0.3462206 1.762926 Tracked 69470626
-0.1251019 0.3462215 1.762888 Tracked 69470659
-0.1675196 0.2979249 1.744123 Tracked 69470693
-0.1739407 0.2679023 1.734999 Tracked 69470726
-0.1760984 0.2644468 1.732453 Tracked 69470760
-0.1845576 0.2232207 1.72648 Tracked 69470794
-0.1891678 0.2114602 1.727169 Tracked 69470826
-0.2102267 0.1811842 1.71857 Tracked 69470858
-0.2160973 0.1664945 1.717794 Tracked 69470893
-0.2258075 0.1494387 1.7162 Tracked 69470925
-0.2308538 0.1408913 1.714903 Tracked 69470959
-0.2334267 0.1362855 1.715001 Tracked 69470993
-0.2357633 0.1338593 1.714799 Tracked 69471026
-0.2382016 0.1337876 1.715307 Tracked 69471058
-0.240524 0.1356093 1.715733 Tracked 69471093
-0.24336 0.1451924 1.715879 Tracked 69471126
-0.2401741 0.1747882 1.722755 Tracked 69471159
-0.2305271 0.1970268 1.723475 Tracked 69471193
-0.2083687 0.2577457 1.727566 Tracked 69471225
-0.2075586 0.2605949 1.729047 Tracked 69471259
-0.1994134 0.2804686 1.740797 Tracked 69471293
-0.1796204 0.3234415 1.750461 Tracked 69471326
-0.1710083 0.3466485 1.755369 Tracked 69471359
-0.1541981 0.3663589 1.774982 Tracked 69471393
-0.1446487 0.3738724 1.786144 Tracked 69471426
-0.1241417 0.3893963 1.803323 Tracked 69471458
-0.1085832 0.3992819 1.811923 Tracked 69471493
-0.08360491 0.4179166 1.818915 Tracked 69471526
-0.08099881 0.4194514 1.819996 Tracked 69471559
-0.02949506 0.4520161 1.836284 Tracked 69471594
-0.0269719 0.4517151 1.837426 Tracked 69471626
-0.01787359 0.4502072 1.842712 Tracked 69471660
-0.00767376 0.4461092 1.84822 Tracked 69471693
0.002000516 0.4420614 1.852792 Tracked 69471725
0.01168151 0.4387454 1.857485 Tracked 69471758
0.01587252 0.4372078 1.859268 Tracked 69471793
0.01827224 0.4360985 1.860215 Tracked 69471826
0.01994484 0.4353713 1.860815 Tracked 69471859
0.02087308 0.4350534 1.861028 Tracked 69471893
0.02119331 0.4349229 1.861096 Tracked 69471926
0.02124421 0.434905 1.861024 Tracked 69471958
0.01840801 0.4359598 1.858865 Tracked 69471993
0.01754437 0.4362361 1.85793 Tracked 69472025
0.01460622 0.4369346 1.855824 Tracked 69472059
-0.01714476 0.4430182 1.831537 Tracked 69472093
-0.0226553 0.4426724 1.827587 Tracked 69472126
-0.02727848 0.4410825 1.825192 Tracked 69472159
-0.03870518 0.4358771 1.820429 Tracked 69472193
-0.1003608 0.4085036 1.796407 Tracked 69472226
-0.1051433 0.4047692 1.795411 Tracked 69472260
-0.1497037 0.3665029 1.784842 Tracked 69472293
-0.1679808 0.3458657 1.775341 Tracked 69472326
-0.1810634 0.3201995 1.762222 Tracked 69472359
-0.1929546 0.2943015 1.746145 Tracked 69472393
-0.198656 0.2878639 1.740894 Tracked 69472426
-0.2081221 0.2656753 1.73642 Tracked 69472460
-0.2164072 0.2479197 1.733385 Tracked 69472493
-0.2271466 0.2278803 1.728212 Tracked 69472526
-0.2406294 0.2084049 1.718134 Tracked 69472559
-0.2498964 0.1916066 1.716202 Tracked 69472593
-0.2570169 0.1784762 1.713418 Tracked 69472625
-0.2713312 0.1573023 1.706107 Tracked 69472660
-0.27444 0.1520234 1.704764 Tracked 69472693
-0.2756392 0.1467539 1.702614 Tracked 69472726
-0.276696 0.1444992 1.701644 Tracked 69472759
-0.277 0.1441044 1.70114 Tracked 69472793
-0.2773009 0.1446879 1.700804 Tracked 69472827
-0.2765827 0.1525367 1.700208 Tracked 69472860
-0.2699659 0.1766447 1.69542 Tracked 69472894
-0.2655236 0.1975644 1.697216 Tracked 69472926
-0.2422223 0.231855 1.712631 Tracked 69472959
-0.229256 0.2546092 1.715551 Tracked 69472994
-0.2160951 0.2758336 1.72187 Tracked 69473027
-0.1914984 0.3174759 1.728103 Tracked 69473060
-0.1797246 0.3351319 1.734581 Tracked 69473093
