0.2300216 0.4385039 1.793037 Tracked 74979350
0.231673 0.4391019 1.790485 Tracked 74979383
0.2328708 0.4391715 1.788512 Tracked 74979416
0.2335513 0.4391964 1.78703 Tracked 74979449
0.2338136 0.4395354 1.78646 Tracked 74979482
0.2328326 0.4391057 1.788007 Tracked 74979516
0.2333572 0.4395058 1.786682 Tracked 74979549
0.2326163 0.4394675 1.788353 Tracked 74979582
0.233182 0.4400563 1.787147 Tracked 74979617
0.2330077 0.4399624 1.787569 Tracked 74979650
0.2328989 0.4399057 1.787622 Tracked 74979681
0.2338085 0.4406061 1.785463 Tracked 74979716
0.2345466 0.4410262 1.783097 Tracked 74979749
0.2343106 0.4410385 1.782814 Tracked 74979781
0.2344942 0.4411429 1.782444 Tracked 74979816
0.2365961 0.4410685 1.778642 Tracked 74979850
0.238425 0.4408942 1.775745 Tracked 74979882
0.2404156 0.4398789 1.773079 Tracked 74979916
0.2428963 0.4386193 1.770491 Tracked 74979948
0.246032 0.4359111 1.767363 Tracked 74979981
0.2500359 0.4305485 1.762993 Tracked 74980016
0.2535141 0.4243864 1.758752 Tracked 74980049
0.2811143 0.3710406 1.734042 Tracked 74980082
0.2841262 0.3640775 1.731356 Tracked 74980117
0.2927841 0.3268654 1.717381 Tracked 74980149
0.302034 0.2883071 1.709944 Tracked 74980182
0.3022965 0.2883606 1.710014 Tracked 74980216
0.3249997 0.2227597 1.698369 Tracked 74980250
0.3291926 0.1943579 1.694787 Tracked 74980282
0.3296381 0.1416157 1.689805 Tracked 74980317
0.3285708 0.1041714 1.691561 Tracked 74980352
0.3203942 0.06452832 1.689328 Tracked 74980382
0.3124238 0.02199437 1.696337 Tracked 74980416
0.3028038 -0.0001752827 1.698139 Tracked 74980449
0.2976134 -0.03874872 1.702257 Inferred 74980482
0.2970913 -0.05626545 1.70203 Inferred 74980516
0.2970114 -0.07510065 1.702506 Inferred 74980549
0.297776 -0.09023312 1.697778 Inferred 74980581
0.300238 -0.1048155 1.694096 Inferred 74980616
0.3029393 -0.1217116 1.684959 Inferred 74980649
0.3033678 -0.1272404 1.684029 Inferred 74980681
0.3039647 -0.1306443 1.682151 Inferred 74980715
0.3041847 -0.1315553 1.6814 Inferred 74980752
0.3044961 -0.1295692 1.681359 Inferred 74980788
0.3031204 -0.1213746 1.684563 Inferred 74980820
0.3015812 -0.113561 1.684422 Inferred 74980859
0.2978232 -0.0943154 1.690485 Inferred 74980890
0.2949129 -0.07754251 1.689739 Inferred 74980920
0.3106894 -0.07353292 1.682092 Inferred 74980949
0.3084969 -0.005167103 1.692067 Tracked 74980982
0.3169701 0.02360798 1.689775 Tracked 74981017
0.3210642 0.06279571 1.684824 Tracked 74981049
0.3233989 0.1136147 1.680154 Tracked 74981082
0.3284339 0.1414157 1.684408 Tracked 74981117
0.326115 0.1957194 1.683792 Tracked 74981149
0.3208834 0.2173954 1.688291 Tracked 74981182
0.3125742 0.248536 1.69158 Tracked 74981216
0.3121646 0.2511452 1.691882 Tracked 74981250
0.3004526 0.3256584 1.702901 Tracked 74981283
0.2995008 0.326377 1.702439 Tracked 74981316
0.2868325 0.3551164 1.704224 Tracked 74981349
0.2869217 0.3549205 1.704196 Tracked 74981382
0.2844682 0.3665883 1.707285 Tracked 74981416
0.2712954 0.4214272 1.72299 Tracked 74981449
0.2704219 0.4266224 1.725619 Tracked 74981482
0.2696378 0.4315881 1.728299 Tracked 74981516
0.2662471 0.4444598 1.737317 Tracked 74981549
0.2660256 0.4454111 1.73822 Tracked 74981583
0.2649664 0.4466003 1.739102 Tracked 74981616
0.2627712 0.4472907 1.738979 Tracked 74981650
0.2609871 0.4479397 1.739562 Tracked 74981682
0.2593194 0.4484803 1.739824 Tracked 74981715
0.2581451 0.4488508 1.74008 Tracked 74981749
0.256686 0.4495676 1.740326 Tracked 74981782
0.2534838 0.4533839 1.743732 Tracked 74981817
0.2521087 0.4543989 1.743937 Tracked 74981849
0.2506242 0.4547049 1.744185 Tracked 74981882
0.2492469 0.4537632 1.744778 Tracked 74981916
0.2489414 0.4548097 1.744857 Tracked 74981949
0.2489679 0.4555326 1.745031 Tracked 74981982
0.2492816 0.4558812 1.745058 Tracked 74982016
0.2501725 0.4557622 1.744459 Tracked 74982050
0.2534692 0.4536812 1.741747 Tracked 74982083
0.2560331 0.4516451 1.739638 Tracked 74982116
0.2604841 0.4457605 1.734691 Tracked 74982149
0.2733106 0.4267439 1.720467 Tracked 74982182
0.2919456 0.3660665 1.684107 Tracked 74982215
0.2940767 0.3610036 1.682998 Tracked 74982249
0.3154799 0.3061492 1.676507 Tracked 74982282
0.3195004 0.2748609 1.67203 Tracked 74982316
0.325958 0.221384 1.665111 Tracked 74982350
0.3321092 0.1829735 1.665217 Tracked 74982382
0.3362269 0.1398371 1.664424 Tracked 74982416
0.3376542 0.1017748 1.663591 Tracked 74982448
0.3333449 0.0605052 1.6653 Tracked 74982482
0.3172257 0.0218597 1.661184 Tracked 74982516
0.3000352 -0.01567078 1.666138 Tracked 74982549
0.2974054 -0.05274688 1.664113 Inferred 74982581
0.2967262 -0.07754342 1.663838 Inferred 74982616
0.296791 -0.1001 1.660478 Inferred 74982649
0.3021171 -0.1234833 1.653093 Inferred 74982681
0.3036237 -0.1450765 1.64969 Inferred 74982716
0.3032957 -0.1566149 1.645442 Inferred 74982748
0.3026643 -0.1694936 1.645641 Inferred 74982800
0.3021432 -0.1771614 1.639235 Inferred 74982817
0.3011748 -0.1849857 1.637579 Inferred 74982848
0.30007 -0.188313 1.636378 Inferred 74982881
0.2992671 -0.1897659 1.635961 Inferred 74982915
0.2986082 -0.1909888 1.636135 Inferred 74982948
0.2980746 -0.1909737 1.635303 Inferred 74982981
0.2967442 -0.1880236 1.636261 Inferred 74983016
0.2948535 -0.1784567 1.635797 Inferred 74983048
0.2911874 -0.1544071 1.634096 Inferred 74983081
0.2854331 -0.1295622 1.647478 Inferred 74983117
0.2740599 -0.07711485 1.650166 Inferred 74983152
0.2712007 -0.0754781 1.655249 Tracked 74983182
0.268053 -0.06610204 1.666997 Inferred 74983216
0.3079625 0.01029434 1.65492 Tracked 74983249
0.3178889 0.05050595 1.654837 Tracked 74983282
0.3233229 0.103168 1.654727 Tracked 74983316
0.3249163 0.1466383 1.655511 Tracked 74983349
0.3204876 0.2035222 1.655432 Tracked 74983382
0.3154959 0.2247343 1.65922 Tracked 74983416
0.3083757 0.2678248 1.663641 Tracked 74983449
0.3055271 0.2977866 1.669078 Tracked 74983482
0.3053669 0.2987876 1.669457 Tracked 74983516
0.2947485 0.3557658 1.680243 Tracked 74983552
0.2890412 0.367895 1.682203 Tracked 74983586
0.2894414 0.3728906 1.684395 Tracked 74983626
0.2862565 0.3912702 1.689191 Tracked 74983657
0.2839099 0.4028841 1.693843 Tracked 74983686
0.2675407 0.4577415 1.709036 Tracked 74983717
0.268961 0.4528327 1.708133 Tracked 74983750
0.2687561 0.4549284 1.709944 Tracked 74983783
0.2685266 0.4561672 1.710427 Tracked 74983818
0.2670774 0.4560252 1.711244 Tracked 74983850
0.2627842 0.455556 1.711482 Tracked 74983882
0.2595764 0.4549525 1.711263 Tracked 74983915
0.2591919 0.4545887 1.711595 Inferred 74983949
0.2529807 0.4525054 1.709272 Tracked 74983982
0.2502473 0.4517596 1.708183 Inferred 74984017
0.2387112 0.4512222 1.705648 Tracked 74984050
0.2381933 0.451424 1.705507 Tracked 74984083
0.2369493 0.451202 1.704623 Tracked 74984116
0.236479 0.4517743 1.704823 Tracked 74984150
0.236599 0.4522637 1.704616 Tracked 74984189
0.2366182 0.4529391 1.703566 Tracked 74984223
0.2376443 0.4550529 1.704132 Tracked 74984257
0.2458959 0.4678136 1.699182 Tracked 74984291
0.247809 0.4691669 1.697835 Tracked 74984321
0.2488109 0.4663553 1.698311 Tracked 74984352
0.2607593 0.4573976 1.689798 Tracked 74984384
0.2606948 0.4505455 1.689378 Tracked 74984419
0.2816684 0.4121444 1.667709 Tracked 74984453
0.2800289 0.4119196 1.668883 Tracked 74984485
0.2931149 0.3574387 1.655771 Tracked 74984520
0.2995797 0.3395113 1.654659 Tracked 74984552
0.3079465 0.2983355 1.651506 Tracked 74984585
0.3173911 0.2559848 1.647746 Tracked 74984619
0.3258004 0.2283168 1.64536 Tracked 74984652
0.3331679 0.1735249 1.646657 Tracked 74984685
0.3303497 0.1343453 1.643371 Tracked 74984719
0.3203196 0.07376943 1.652839 Tracked 74984750
0.3043855 0.03116008 1.658501 Tracked 74984782
0.3035318 -0.00986472 1.654454 Inferred 74984816
0.302761 -0.04878945 1.657413 Inferred 74984850
0.3045827 -0.08586626 1.656906 Inferred 74984882
0.3086697 -0.1144802 1.650853 Inferred 74984916
0.3092032 -0.1339009 1.637574 Inferred 74984949
0.3073724 -0.1483715 1.635223 Inferred 74984980
0.3109119 -0.1699761 1.635728 Inferred 74985015
0.3125962 -0.1790644 1.633732 Inferred 74985049
0.3141969 -0.1880146 1.631751 Inferred 74985082
0.3151777 -0.1934726 1.630193 Inferred 74985116
0.3165317 -0.196374 1.629401 Inferred 74985148
0.3170522 -0.1972549 1.628911 Inferred 74985182
0.3173364 -0.1972555 1.628768 Inferred 74985216
0.3177567 -0.1965225 1.629065 Inferred 74985249
0.3180981 -0.1929309 1.628556 Inferred 74985282
0.3189258 -0.1856446 1.62989 Inferred 74985316
0.3171691 -0.1668968 1.630077 Inferred 74985350
0.3145452 -0.1546438 1.631132 Inferred 74985382
0.3113867 -0.1368693 1.635936 Inferred 74985416
0.308502 -0.1086255 1.64055 Inferred 74985449
0.3072526 -0.08592238 1.643582 Inferred 74985483
0.2567979 -0.06593459 1.671773 Tracked 74985516
0.2654571 -0.04974991 1.670582 Tracked 74985548
0.2845601 -0.01207934 1.664457 Tracked 74985582
0.2920644 0.0270128 1.658701 Tracked 74985616
0.3001229 0.06441798 1.65459 Tracked 74985650
0.3093196 0.1106238 1.650104 Tracked 74985683
0.3114704 0.1512248 1.648079 Tracked 74985720
0.312352 0.1915621 1.648592 Tracked 74985749
0.3144053 0.2446356 1.655296 Tracked 74985782
0.3099521 0.2718081 1.656622 Tracked 74985817
0.3030156 0.3150626 1.661439 Tracked 74985853
0.3011378 0.3207924 1.661556 Tracked 74985886
0.2836154 0.3669686 1.663542 Tracked 74985919
0.2836861 0.373895 1.667155 Tracked 74985952
0.279869 0.4043857 1.674895 Tracked 74985986
0.2781421 0.4206099 1.683116 Tracked 74986020
0.2764725 0.4283614 1.687486 Tracked 74986050
0.2743671 0.4332989 1.690404 Tracked 74986083
0.2714914 0.439144 1.695359 Tracked 74986116
0.2684304 0.4437394 1.69975 Tracked 74986149
0.2605446 0.456419 1.713745 Tracked 74986182
0.2581246 0.4587655 1.71585 Tracked 74986216
0.2547832 0.4573757 1.71868 Tracked 74986249
0.253269 0.4599656 1.720231 Tracked 74986282
0.2471165 0.4631677 1.724817 Tracked 74986320
0.2428629 0.4605695 1.728178 Tracked 74986354
0.2414995 0.4612063 1.728101 Tracked 74986390
0.2404733 0.4614249 1.727684 Tracked 74986423
0.2399516 0.4621019 1.728086 Tracked 74986455
0.2393426 0.4628786 1.72878 Tracked 74986484
0.2402038 0.4672337 1.732125 Tracked 74986523
0.2400632 0.4685319 1.732772 Tracked 74986558
0.2398902 0.4693755 1.733211 Tracked 74986590
0.2405589 0.4695842 1.733361 Tracked 74986626
0.2425088 0.4690735 1.733199 Tracked 74986652
0.2449369 0.4673654 1.731936 Tracked 74986682
0.2475024 0.4646171 1.729855 Tracked 74986716
0.2516697 0.4581938 1.725289 Tracked 74986749
0.255196 0.4512893 1.721031 Tracked 74986782
0.2712416 0.3882083 1.688958 Tracked 74986822
0.2720766 0.3863176 1.688869 Tracked 74986857
0.2889787 0.3507949 1.689954 Tracked 74986892
0.2886213 0.3510987 1.689874 Tracked 74986918
0.3071108 0.2776101 1.691379 Tracked 74986951
0.3141251 0.2459055 1.69304 Tracked 74986986
0.3218187 0.2214133 1.694074 Tracked 74987019
0.3258087 0.1858196 1.690435 Tracked 74987053
0.3245703 0.1285545 1.695735 Tracked 74987086
0.3174267 0.09742612 1.69815 Tracked 74987117
0.3060848 0.06134321 1.697963 Tracked 74987150
0.3002703 0.03907069 1.697981 Tracked 74987183
0.2853911 -0.0001569856 1.698941 Tracked 74987216
0.2865829 -0.01801121 1.698988 Inferred 74987250
0.288104 -0.04483891 1.696874 Inferred 74987282
0.2879833 -0.06522075 1.698193 Inferred 74987316
0.2889185 -0.08713268 1.698673 Inferred 74987351
0.2894038 -0.1022279 1.69667 Inferred 74987387
0.2908828 -0.1143699 1.696781 Inferred 74987419
0.2918536 -0.1256573 1.695905 Inferred 74987452
0.2927734 -0.1309351 1.695894 Inferred 74987487
0.2929296 -0.135121 1.695887 Inferred 74987519
0.2929971 -0.1366427 1.695884 Inferred 74987550
0.2928076 -0.1375187 1.695884 Inferred 74987583
0.2926366 -0.1375957 1.695946 Inferred 74987618
0.2922715 -0.136493 1.696398 Inferred 74987650
0.2912177 -0.1311318 1.69689 Inferred 74987683
0.2886918 -0.1170864 1.700594 Inferred 74987717
0.2850736 -0.09148072 1.703618 Inferred 74987751
0.2799573 -0.06904902 1.709128 Inferred 74987784
0.2768337 -0.04401423 1.711675 Inferred 74987818
0.2842747 -0.006642898 1.70837 Tracked 74987858
0.2894596 0.01924194 1.711466 Tracked 74987888
0.2981068 0.05245727 1.711604 Tracked 74987925
0.3069112 0.1006739 1.707719 Tracked 74987953
0.3133425 0.1294217 1.709772 Tracked 74987984
0.3199368 0.184802 1.707338 Tracked 74988018
0.316414 0.2003801 1.708394 Tracked 74988059
0.3095212 0.2451673 1.708152 Tracked 74988090
0.3054564 0.2787759 1.705635 Tracked 74988124
0.2994879 0.3246259 1.708609 Tracked 74988158
0.2940187 0.3383512 1.706015 Tracked 74988185
0.2833391 0.3628938 1.702221 Tracked 74988220
0.2832526 0.3886036 1.707342 Tracked 74988253
0.2835779 0.3873207 1.707136 Tracked 74988285
0.2827314 0.3937346 1.707837 Tracked 74988320
0.2817209 0.4007963 1.709219 Tracked 74988353
0.2749152 0.4230228 1.712262 Tracked 74988383
0.2730455 0.4285988 1.713765 Tracked 74988416
0.267999 0.4453904 1.719967 Tracked 74988449
0.2662498 0.4488225 1.72097 Tracked 74988483
0.2655458 0.4502924 1.721351 Tracked 74988516
0.2646191 0.4518088 1.721962 Tracked 74988550
0.2636099 0.4525646 1.721756 Tracked 74988582
0.2629295 0.4530322 1.721616 Tracked 74988616
0.2618209 0.4517343 1.722088 Tracked 74988649
0.2610545 0.4524391 1.721659 Tracked 74988682
0.2604963 0.4528617 1.720886 Tracked 74988716
0.2592317 0.4515367 1.719862 Tracked 74988749
0.2591469 0.4519305 1.719609 Tracked 74988783
0.2591192 0.4521795 1.719424 Tracked 74988816
0.2589859 0.4522679 1.718882 Tracked 74988850
0.2591718 0.4513199 1.716729 Tracked 74988884
0.2601247 0.4497161 1.71435 Tracked 74988917
0.2620922 0.4472584 1.712371 Tracked 74988950
0.2663198 0.438568 1.706139 Tracked 74988983
0.2682669 0.4344754 1.704322 Tracked 74989016
0.272604 0.3820491 1.669416 Tracked 74989054
0.2780423 0.3721467 1.668997 Tracked 74989087
0.2806744 0.366733 1.66968 Tracked 74989121
0.3084649 0.2950972 1.671713 Tracked 74989155
0.3158542 0.2577684 1.671858 Tracked 74989188
0.323709 0.2197516 1.671978 Tracked 74989223
0.3256716 0.1799607 1.672971 Tracked 74989250
0.3191378 0.1193929 1.678186 Tracked 74989283
0.2987507 0.0693258 1.676435 Tracked 74989316
0.2877277 0.04004956 1.679576 Tracked 74989350
0.2832179 0.009895041 1.678773 Tracked 74989390
0.2884771 -0.03729306 1.673791 Inferred 74989428
0.2898602 -0.05907541 1.671082 Inferred 74989454
0.2934492 -0.09721158 1.666393 Inferred 74989484
0.2963848 -0.1272015 1.664263 Inferred 74989518
0.2976788 -0.1426272 1.66005 Inferred 74989551
0.2994005 -0.1593519 1.659778 Inferred 74989584
0.2987286 -0.1747764 1.65911 Inferred 74989619
0.2990473 -0.1802208 1.657957 Inferred 74989653
0.2993661 -0.1837416 1.656515 Inferred 74989685
0.2994023 -0.1845438 1.655626 Inferred 74989719
0.2992952 -0.1846283 1.655131 Inferred 74989751
0.2988281 -0.1835128 1.653985 Inferred 74989784
0.2987206 -0.1730741 1.654321 Inferred 74989819
0.2962465 -0.1640001 1.653685 Inferred 74989852
0.2924684 -0.1455626 1.656172 Inferred 74989883
0.2912863 -0.1235846 1.65662 Inferred 74989916
0.2896426 -0.09076962 1.662359 Inferred 74989949
0.2862535 -0.06818324 1.665295 Inferred 74989987
0.2771773 -0.02184918 1.665821 Inferred 74990022
0.277722 -0.01142268 1.666711 Tracked 74990056
0.2861974 0.02280003 1.670803 Tracked 74990087
0.2949741 0.06506835 1.667026 Tracked 74990117
0.3034251 0.1085161 1.664781 Tracked 74990150
0.3119391 0.1517548 1.666276 Tracked 74990183
0.3152226 0.1925414 1.667989 Tracked 74990216
0.3074887 0.2212233 1.666614 Tracked 74990250
0.2999634 0.2605682 1.666976 Tracked 74990286
0.2965552 0.2923153 1.667656 Tracked 74990318
0.2909792 0.3243911 1.66924 Tracked 74990350
0.2907515 0.3247766 1.669189 Tracked 74990383
0.2851261 0.3391188 1.668334 Tracked 74990416
0.2735914 0.3958881 1.670295 Tracked 74990450
0.2734725 0.398191 1.671253 Tracked 74990483
0.2731573 0.4036404 1.67302 Tracked 74990516
0.2720686 0.4093151 1.674894 Tracked 74990550
0.2675888 0.4246631 1.678945 Tracked 74990583
0.2658862 0.429017 1.680038 Tracked 74990621
0.2644109 0.4328026 1.681769 Tracked 74990654
0.2631483 0.4358965 1.683568 Tracked 74990686
0.2587367 0.4466301 1.689479 Tracked 74990721
0.2577358 0.4495942 1.691278 Tracked 74990750
