0.1457501 0.38692 1.783888 Tracked 76466385
0.1456808 0.3868442 1.784394 Tracked 76466418
0.145599 0.3867972 1.784996 Tracked 76466452
0.1455142 0.3867092 1.785481 Tracked 76466484
0.1454088 0.3867034 1.78617 Tracked 76466518
0.1453582 0.3866577 1.786523 Tracked 76466552
0.1453199 0.3866309 1.787083 Tracked 76466584
0.1452253 0.3866867 1.787637 Tracked 76466618
0.1451523 0.3866628 1.787992 Tracked 76466652
0.145118 0.3865655 1.788176 Tracked 76466684
0.1450941 0.386523 1.788379 Tracked 76466724
0.1450502 0.3865236 1.788557 Tracked 76466759
0.1450115 0.3864982 1.788632 Tracked 76466787
0.144987 0.3865189 1.788903 Tracked 76466822
0.144958 0.3865239 1.788951 Tracked 76466861
0.1449737 0.3865945 1.789185 Tracked 76466890
0.1449699 0.3865902 1.789212 Tracked 76466920
0.1449793 0.3866095 1.789303 Tracked 76466952
0.1449931 0.3866273 1.789387 Tracked 76466984
0.1449989 0.3866395 1.789409 Tracked 76467018
0.1450066 0.3866557 1.789452 Tracked 76467051
0.1450094 0.3866735 1.789473 Tracked 76467084
0.1450329 0.3866851 1.789516 Tracked 76467118
0.1450674 0.3866742 1.789498 Tracked 76467156
0.1450746 0.3866845 1.789504 Tracked 76467189
0.145122 0.3866616 1.789464 Tracked 76467222
0.1451316 0.3866576 1.789454 Tracked 76467256
0.145147 0.3866825 1.789464 Tracked 76467289
0.1471043 0.391811 1.781808 Tracked 76467320
0.1481072 0.3933836 1.778916 Tracked 76467352
0.147699 0.3921636 1.780524 Tracked 76467384
0.149607 0.393981 1.778201 Tracked 76467418
0.1495239 0.3922241 1.779891 Tracked 76467451
0.1496233 0.3910931 1.780834 Tracked 76467485
0.1498531 0.390396 1.781559 Tracked 76467518
0.157637 0.3921138 1.775961 Tracked 76467551
0.1571459 0.3890851 1.777396 Tracked 76467585
0.1590029 0.3874066 1.775506 Tracked 76467618
0.1613303 0.3833751 1.771905 Tracked 76467652
0.1639358 0.3794594 1.769333 Tracked 76467685
0.1676999 0.3745513 1.767445 Tracked 76467725
0.1818823 0.3597873 1.759451 Tracked 76467753
0.214555 0.3139584 1.742645 Tracked 76467785
0.2188181 0.3003885 1.739047 Tracked 76467818
0.227543 0.2745612 1.732455 Tracked 76467852
0.2349948 0.2405956 1.72408 Tracked 76467884
0.2403753 0.2178166 1.715475 Tracked 76467919
0.2492965 0.1645584 1.709894 Tracked 76467952
0.242613 0.124554 1.709163 Tracked 76467985
0.2362167 0.08364277 1.707419 Tracked 76468019
0.234406 0.06129412 1.704729 Tracked 76468052
0.2350905 0.04283375 1.699724 Tracked 76468084
0.2248866 0.001232895 1.703089 Tracked 76468118
0.2246762 -0.009326993 1.701004 Tracked 76468151
0.2204989 -0.03562857 1.702035 Tracked 76468185
0.219353 -0.05221785 1.702255 Inferred 76468218
0.2189617 -0.07296066 1.701103 Inferred 76468252
0.2191874 -0.08897989 1.700171 Inferred 76468285
0.2201266 -0.1008613 1.698857 Inferred 76468318
0.2213239 -0.1082383 1.698682 Inferred 76468352
0.2226926 -0.1131784 1.698586 Inferred 76468384
0.2234091 -0.1153641 1.698125 Inferred 76468418
0.2235988 -0.115568 1.697902 Inferred 76468451
0.2238288 -0.1131959 1.697804 Inferred 76468484
0.2243527 -0.09793626 1.698692 Inferred 76468518
0.2229051 -0.07626358 1.70175 Inferred 76468552
0.23739 -0.03271267 1.684213 Tracked 76468584
0.2424055 -0.01615216 1.685659 Tracked 76468618
0.2466244 0.009889781 1.687097 Tracked 76468652
0.252013 0.04258564 1.691453 Tracked 76468684
0.2532245 0.0742276 1.693783 Tracked 76468719
0.2588188 0.1251941 1.694312 Tracked 76468751
0.260504 0.1352551 1.694498 Tracked 76468785
0.2660561 0.2093143 1.704777 Tracked 76468818
0.2636879 0.2161666 1.705128 Tracked 76468852
0.2550812 0.2512683 1.707171 Tracked 76468885
0.248132 0.27648 1.708071 Tracked 76468924
0.2401062 0.3068717 1.709786 Tracked 76468959
0.2397471 0.3074358 1.709626 Tracked 76468990
0.2196018 0.3387447 1.696431 Tracked 76469020
0.2159732 0.3436104 1.694379 Tracked 76469052
0.2121031 0.3488405 1.692288 Tracked 76469085
0.2070447 0.3573381 1.688858 Tracked 76469119
0.206558 0.3583498 1.688675 Tracked 76469155
0.2038992 0.3877866 1.699996 Tracked 76469185
0.2034699 0.3872833 1.701266 Tracked 76469218
0.2020958 0.395305 1.712648 Tracked 76469252
0.2014046 0.396944 1.714826 Tracked 76469285
0.2011033 0.3980427 1.716553 Tracked 76469318
0.2009813 0.3988351 1.717939 Tracked 76469351
0.2010026 0.3989086 1.718128 Tracked 76469383
0.200995 0.3989477 1.718202 Tracked 76469418
0.2010104 0.3989842 1.71827 Tracked 76469451
0.2010532 0.3996089 1.719157 Tracked 76469484
0.2077764 0.3864386 1.709091 Tracked 76469521
0.2079323 0.3866302 1.709295 Tracked 76469554
0.2074806 0.3857011 1.7078 Tracked 76469586
0.2077213 0.3858439 1.707869 Tracked 76469619
0.2081701 0.3823445 1.705093 Tracked 76469652
0.2097546 0.3811286 1.704454 Tracked 76469684
0.2386471 0.3500695 1.693405 Tracked 76469719
0.246637 0.3436325 1.697025 Tracked 76469753
0.2635167 0.3115675 1.696599 Tracked 76469785
0.2723747 0.2867548 1.694515 Tracked 76469819
0.2808884 0.2547963 1.691581 Tracked 76469851
0.2851102 0.225282 1.683527 Tracked 76469884
0.2908222 0.1796543 1.680504 Tracked 76469918
0.2849747 0.1298513 1.676636 Tracked 76469951
0.2723679 0.08615942 1.672143 Tracked 76469984
0.25767 0.04149803 1.671061 Tracked 76470018
0.2580249 0.03896466 1.670497 Tracked 76470051
0.2509848 -0.007738492 1.664463 Tracked 76470084
0.2473394 -0.02363158 1.662125 Tracked 76470118
0.2333229 -0.05591186 1.664706 Tracked 76470151
0.229462 -0.0702143 1.667637 Tracked 76470184
0.226051 -0.08733798 1.670804 Inferred 76470218
0.2249454 -0.09810591 1.671818 Inferred 76470251
0.2222933 -0.09878126 1.671658 Tracked 76470285
0.219999 -0.09872481 1.671548 Tracked 76470318
0.2174972 -0.09694767 1.671929 Inferred 76470352
0.2135258 -0.0874832 1.674695 Inferred 76470384
0.2100113 -0.06909354 1.677917 Inferred 76470418
0.2186148 -0.04971237 1.675463 Tracked 76470452
0.2216667 -0.02895137 1.678985 Tracked 76470485
0.2258202 -0.007060518 1.684859 Tracked 76470518
0.2306645 0.0329866 1.691778 Tracked 76470551
0.2320417 0.06586704 1.692424 Tracked 76470584
0.2373486 0.1159894 1.695385 Tracked 76470619
0.2422784 0.1643824 1.701946 Tracked 76470652
0.2434887 0.1994524 1.709306 Tracked 76470685
0.2400533 0.2173224 1.713074 Tracked 76470719
0.2350682 0.2395343 1.715998 Tracked 76470752
0.2248918 0.2780604 1.717174 Tracked 76470785
0.2200194 0.2967262 1.716005 Tracked 76470819
0.2116967 0.3187435 1.713462 Tracked 76470852
0.2115664 0.3172348 1.712917 Tracked 76470885
0.1950913 0.342813 1.704702 Tracked 76470919
0.1883411 0.3582664 1.704449 Tracked 76470952
0.1861151 0.3626606 1.704538 Tracked 76470985
0.1845663 0.3656579 1.704712 Tracked 76471019
0.183689 0.3673776 1.705001 Tracked 76471052
0.1826136 0.3722622 1.707303 Tracked 76471085
0.1816749 0.3759371 1.709717 Tracked 76471118
0.1769496 0.3909761 1.72069 Tracked 76471152
0.1776706 0.3897171 1.720018 Tracked 76471185
0.1778278 0.389324 1.719757 Tracked 76471219
0.1769561 0.3940289 1.723894 Tracked 76471252
0.1767962 0.3941442 1.72401 Tracked 76471289
0.1767027 0.3944004 1.724094 Tracked 76471321
0.1766836 0.3945166 1.724097 Tracked 76471352
0.1769152 0.3948682 1.723748 Tracked 76471385
0.1770915 0.395013 1.723844 Tracked 76471422
0.1773692 0.3949559 1.723624 Tracked 76471458
0.1778648 0.3949673 1.72358 Tracked 76471487
0.1791005 0.3934078 1.722349 Tracked 76471523
0.1813125 0.3903186 1.720496 Tracked 76471555
0.1850228 0.3833972 1.717468 Tracked 76471588
0.2231089 0.3373104 1.708233 Tracked 76471623
0.2206227 0.3385735 1.708809 Tracked 76471658
0.2449471 0.286423 1.707444 Tracked 76471692
0.2490564 0.2672232 1.703867 Tracked 76471723
0.2552432 0.2270968 1.698558 Tracked 76471753
0.2601827 0.2069431 1.692477 Tracked 76471785
0.2623691 0.1417802 1.692281 Tracked 76471818
0.2547596 0.1071917 1.689152 Tracked 76471852
0.2462489 0.06164067 1.687709 Tracked 76471885
0.2388612 0.03470854 1.686985 Tracked 76471918
0.235633 0.01277012 1.686825 Tracked 76471951
0.2294242 -0.01321897 1.685376 Tracked 76471984
0.2183617 -0.04447241 1.68808 Tracked 76472018
0.2138195 -0.05748781 1.688932 Tracked 76472051
0.2106174 -0.06931058 1.692738 Tracked 76472084
0.2083945 -0.08144066 1.695591 Inferred 76472118
0.2069157 -0.08825545 1.69594 Inferred 76472151
0.2059973 -0.09168813 1.696882 Inferred 76472185
0.2055838 -0.09262006 1.697591 Inferred 76472219
0.2050803 -0.09185333 1.699009 Inferred 76472252
0.2070345 -0.08106905 1.697427 Tracked 76472284
0.2094296 -0.06962127 1.698417 Tracked 76472318
0.2120539 -0.05032986 1.698491 Tracked 76472351
0.2172254 -0.02514782 1.697827 Tracked 76472384
0.2211237 -6.563407E-05 1.700369 Tracked 76472418
0.2257548 0.03245581 1.701201 Tracked 76472452
0.2321263 0.07673122 1.700423 Tracked 76472484
0.2318862 0.1130136 1.699497 Tracked 76472518
0.2425067 0.1739036 1.704987 Tracked 76472552
0.242152 0.1782255 1.705688 Tracked 76472585
0.2316171 0.2327519 1.709705 Tracked 76472619
0.2268675 0.2504952 1.710231 Tracked 76472652
0.2164635 0.2835678 1.706421 Tracked 76472685
0.2084516 0.3163846 1.710392 Tracked 76472719
0.2079043 0.315855 1.709382 Tracked 76472752
0.1886612 0.3486955 1.705055 Tracked 76472785
0.1867225 0.3518204 1.704992 Tracked 76472819
0.1844692 0.3559543 1.705675 Tracked 76472852
0.1814027 0.3669919 1.712726 Tracked 76472885
0.1764929 0.379514 1.720567 Tracked 76472918
0.1752002 0.3814387 1.721201 Tracked 76472952
0.1731063 0.3846369 1.723462 Tracked 76472984
0.1697505 0.3894639 1.727269 Tracked 76473019
0.1623807 0.3997786 1.735175 Tracked 76473051
0.160312 0.4026636 1.737707 Tracked 76473084
0.1587692 0.404385 1.739116 Tracked 76473119
0.1579015 0.4050303 1.739378 Tracked 76473152
0.1571974 0.4059995 1.740425 Tracked 76473186
0.1572074 0.4058523 1.740265 Tracked 76473218
0.1573747 0.4054443 1.739784 Tracked 76473252
0.1569818 0.4059451 1.739908 Tracked 76473284
0.1574958 0.4048975 1.737932 Tracked 76473319
0.158809 0.4026004 1.734522 Tracked 76473352
0.1601125 0.4015343 1.733358 Tracked 76473384
0.1625484 0.396908 1.729851 Tracked 76473419
0.1665497 0.391049 1.72614 Tracked 76473452
0.1710158 0.385004 1.723541 Tracked 76473484
0.1857968 0.3681316 1.718402 Tracked 76473518
0.2231084 0.3234441 1.711254 Tracked 76473552
0.2317223 0.3081367 1.712447 Tracked 76473585
0.2491556 0.2626966 1.703819 Tracked 76473618
0.2545062 0.240327 1.70049 Tracked 76473652
0.260092 0.183023 1.690219 Tracked 76473684
0.2623993 0.129812 1.68743 Tracked 76473719
0.2523248 0.076896 1.688558 Tracked 76473754
0.2550267 0.057838 1.683088 Tracked 76473791
0.2459876 0.01427933 1.677339 Tracked 76473827
0.2395162 -0.01172178 1.674948 Tracked 76473855
0.2379599 -0.04804025 1.67003 Inferred 76473885
0.2390404 -0.07689117 1.674446 Inferred 76473919
0.2413139 -0.1058148 1.671081 Inferred 76473952
0.2416565 -0.1211166 1.669384 Inferred 76473986
0.2402523 -0.1374227 1.668019 Inferred 76474019
0.2400808 -0.1447283 1.667243 Inferred 76474052
0.2400416 -0.147757 1.667169 Inferred 76474085
0.2399575 -0.1480179 1.66708 Inferred 76474119
0.2394886 -0.1467003 1.667392 Inferred 76474157
0.2373753 -0.1349095 1.66912 Inferred 76474192
0.2337378 -0.1071488 1.673426 Inferred 76474227
0.2296624 -0.07214084 1.675537 Inferred 76474261
0.2283775 -0.04128085 1.682021 Inferred 76474287
0.2358439 -0.008646596 1.678725 Tracked 76474318
0.2442295 0.03569346 1.677941 Tracked 76474352
0.2462001 0.07616 1.676978 Tracked 76474384
0.251101 0.1303454 1.677708 Tracked 76474421
0.2573318 0.1859349 1.68729 Tracked 76474455
0.2549513 0.2081307 1.69177 Tracked 76474486
0.2441192 0.2455071 1.695356 Tracked 76474519
0.2362548 0.2793427 1.696481 Tracked 76474552
0.225218 0.2957003 1.690428 Tracked 76474585
0.2127596 0.3264271 1.686712 Tracked 76474618
0.2124832 0.3269393 1.68688 Tracked 76474654
0.2058349 0.33587 1.686251 Tracked 76474688
0.1920827 0.3754167 1.697315 Tracked 76474719
0.1915445 0.3772028 1.69854 Tracked 76474752
0.191384 0.3779339 1.699187 Tracked 76474785
0.1924424 0.3773519 1.698172 Tracked 76474819
0.1883662 0.3923422 1.712785 Tracked 76474852
0.1866517 0.4008723 1.722144 Tracked 76474885
0.184805 0.4045128 1.725831 Tracked 76474918
0.184393 0.4054675 1.726648 Tracked 76474952
0.1839775 0.4061712 1.727089 Tracked 76474984
0.1832639 0.4083245 1.729411 Tracked 76475019
0.1832756 0.4084334 1.729411 Tracked 76475056
0.1833314 0.4085077 1.729411 Tracked 76475091
0.1834465 0.408841 1.729582 Tracked 76475126
0.1836384 0.4088971 1.72921 Tracked 76475153
0.1881285 0.4029281 1.72174 Tracked 76475186
0.190684 0.3983431 1.716717 Tracked 76475219
0.1929031 0.3914519 1.710098 Tracked 76475253
0.2157714 0.3571389 1.679764 Tracked 76475286
0.2153284 0.3586887 1.682738 Tracked 76475320
0.2442784 0.3395037 1.690834 Tracked 76475353
0.2606989 0.3117414 1.689896 Tracked 76475386
0.2739534 0.2800125 1.688182 Tracked 76475419
0.2873521 0.2389517 1.684346 Tracked 76475453
0.2926911 0.2124362 1.679885 Tracked 76475486
0.2982899 0.1586085 1.667597 Tracked 76475520
0.2849154 0.09469841 1.674667 Tracked 76475554
0.2655357 0.04445578 1.669947 Tracked 76475586
0.2679341 0.03262919 1.666066 Tracked 76475619
0.2707464 -0.005853448 1.658355 Inferred 76475653
0.2707745 -0.03220795 1.656144 Inferred 76475686
0.2727487 -0.07128619 1.656183 Inferred 76475719
0.2724361 -0.09368534 1.656801 Inferred 76475753
0.2730556 -0.1129735 1.652741 Inferred 76475785
0.2731262 -0.1281867 1.650818 Inferred 76475818
0.2714044 -0.1407122 1.650014 Inferred 76475851
0.2700852 -0.1463709 1.650725 Inferred 76475885
0.2693911 -0.1491093 1.650595 Inferred 76475918
0.2691166 -0.1492001 1.650565 Inferred 76475952
0.2676761 -0.1465169 1.650963 Inferred 76475984
0.2644007 -0.1321411 1.652705 Inferred 76476029
0.2584854 -0.1057032 1.655987 Inferred 76476058
0.2548015 -0.07509779 1.659259 Inferred 76476091
0.25202 -0.04906778 1.664184 Inferred 76476124
0.251854 -0.01074872 1.663333 Tracked 76476158
0.2520618 0.009421897 1.665694 Tracked 76476188
0.255181 0.05245668 1.664259 Tracked 76476219
0.2615016 0.1062666 1.666946 Tracked 76476253
0.2704882 0.1444109 1.668513 Tracked 76476286
0.2712325 0.1990721 1.678362 Tracked 76476319
0.2662315 0.2145812 1.680535 Tracked 76476353
0.255931 0.2483711 1.68185 Tracked 76476386
0.2474104 0.2803928 1.683538 Tracked 76476420
0.2374399 0.316825 1.687969 Tracked 76476454
0.2369083 0.3167422 1.68739 Tracked 76476486
0.2107087 0.3484818 1.67606 Tracked 76476520
0.2077756 0.3542285 1.676337 Tracked 76476553
0.2055189 0.3584067 1.676334 Tracked 76476586
0.2020276 0.3688659 1.680271 Tracked 76476621
0.1964801 0.3870474 1.687878 Tracked 76476652
0.1954236 0.3883892 1.689461 Tracked 76476684
0.1890023 0.3990214 1.697885 Tracked 76476719
0.1870773 0.4012726 1.699176 Tracked 76476752
0.1854796 0.4029728 1.700258 Tracked 76476785
0.1832619 0.404825 1.701421 Tracked 76476819
0.1820031 0.4055018 1.70161 Tracked 76476853
0.1810893 0.4059793 1.701673 Tracked 76476886
0.1727201 0.413428 1.704616 Tracked 76476919
0.173349 0.4128744 1.704476 Tracked 76476952
0.1740079 0.4122362 1.704142 Tracked 76476985
0.1776406 0.4086056 1.701658 Tracked 76477018
0.1803561 0.4059365 1.699493 Tracked 76477052
0.1833425 0.4025296 1.696517 Tracked 76477085
0.187055 0.3942287 1.689988 Tracked 76477119
0.1894162 0.3889733 1.685984 Tracked 76477152
0.1922687 0.385879 1.685014 Tracked 76477185
0.1970995 0.3798663 1.684482 Tracked 76477218
0.2355969 0.3241349 1.677934 Tracked 76477252
0.2442189 0.3066193 1.677395 Tracked 76477285
0.2595507 0.2677143 1.670986 Tracked 76477319
0.2660539 0.2446731 1.666564 Tracked 76477352
0.2750279 0.1953411 1.659853 Tracked 76477385
0.2778331 0.1651714 1.65764 Tracked 76477419
0.2592975 0.09215538 1.655262 Tracked 76477451
0.2586265 0.07310669 1.650468 Tracked 76477485
0.2612849 0.02216312 1.639692 Inferred 76477518
0.2655176 -0.0002751347 1.63641 Inferred 76477552
0.2686898 -0.04354481 1.640268 Inferred 76477585
0.2714346 -0.06507759 1.637276 Inferred 76477619
0.2772685 -0.09775055 1.629555 Inferred 76477652
0.2799057 -0.1133588 1.627985 Inferred 76477684
0.2798799 -0.1300927 1.628361 Inferred 76477719
0.2804101 -0.1416226 1.627551 Inferred 76477751
0.2807008 -0.1461902 1.626987 Inferred 76477784
0.2808045 -0.1487845 1.625998 Inferred 76477818
0.2807029 -0.1490249 1.625715 Inferred 76477852
0.2805116 -0.1474486 1.625187 Inferred 76477884
0.2791998 -0.1386336 1.625835 Inferred 76477918
0.2751983 -0.1203022 1.627017 Inferred 76477952
0.2686325 -0.08999734 1.634605 Inferred 76477984
0.2641324 -0.0580458 1.636289 Inferred 76478018
0.261535 -0.0297748 1.640284 Inferred 76478052
0.2555279 -0.0151831 1.64495 Tracked 76478085
0.2521977 0.04012811 1.639727 Tracked 76478118
0.2528705 0.07058172 1.639691 Tracked 76478152
0.2593559 0.1306881 1.641493 Tracked 76478185
0.2645002 0.175238 1.647744 Tracked 76478219
0.2610721 0.2164888 1.657781 Tracked 76478252
0.252525 0.2346046 1.658377 Tracked 76478285
0.2374504 0.2773056 1.66227 Tracked 76478319
0.2279849 0.3034639 1.667439 Tracked 76478352
0.2168414 0.3288555 1.669407 Tracked 76478386
0.2134038 0.3321704 1.668274 Tracked 76478419
0.2087353 0.3369422 1.667533 Tracked 76478452
0.2043231 0.3412596 1.66741 Tracked 76478486
0.2001569 0.3462484 1.668543 Tracked 76478518
0.1887493 0.357357 1.670618 Tracked 76478553
0.1849637 0.3644099 1.675014 Tracked 76478588
0.1828904 0.3676961 1.67739 Tracked 76478622
0.1753986 0.3775705 1.68408 Tracked 76478655
0.1731233 0.3797904 1.685128 Tracked 76478689
0.1714342 0.3826543 1.687348 Tracked 76478720
0.1706411 0.3836454 1.687798 Tracked 76478753
0.1698729 0.3851153 1.688714 Tracked 76478786
0.1696358 0.3856598 1.688923 Tracked 76478819
0.1696151 0.3859758 1.688979 Tracked 76478852
0.1697224 0.3864649 1.689041 Tracked 76478885
0.1701025 0.3864967 1.68871 Tracked 76478919
0.1711215 0.3864044 1.687923 Tracked 76478952
0.1737334 0.38199 1.681825 Tracked 76478985
0.1765529 0.3784074 1.677774 Tracked 76479018
0.1799868 0.3747051 1.674483 Tracked 76479053
0.1858461 0.3689271 1.671492 Tracked 76479085
0.2027205 0.3543987 1.66602 Tracked 76479119
0.2452909 0.2967717 1.658489 Tracked 76479152
0.2475224 0.2910139 1.658172 Tracked 76479186
0.2713371 0.2308258 1.654778 Tracked 76479218
0.2776359 0.1987651 1.650184 Tracked 76479252
0.2787635 0.1294079 1.645311 Tracked 76479286
0.2671708 0.075126 1.646459 Tracked 76479319
0.2676769 0.0682652 1.646823 Tracked 76479352
0.2752807 0.01365354 1.641582 Inferred 76479385
0.2800069 -0.009093856 1.634165 Inferred 76479418
0.2870467 -0.06151678 1.634638 Inferred 76479452
0.2925861 -0.08523079 1.633901 Inferred 76479484
0.295956 -0.1134464 1.632874 Inferred 76479518
0.2978091 -0.1307851 1.632061 Inferred 76479551
0.2994431 -0.1477187 1.631128 Inferred 76479584
0.3003704 -0.1548852 1.630492 Inferred 76479618
0.3010036 -0.1598025 1.630461 Inferred 76479652
0.3013448 -0.1607529 1.630314 Inferred 76479684
0.3014184 -0.1607394 1.630279 Inferred 76479718
0.3022399 -0.1563164 1.630043 Inferred 76479752
0.3020757 -0.1432277 1.631763 Inferred 76479785
0.3013588 -0.1238051 1.633429 Inferred 76479818
0.2993366 -0.1034125 1.633508 Inferred 76479852
0.2942888 -0.07270452 1.63588 Inferred 76479885
0.2903331 -0.04117096 1.641086 Inferred 76479918
0.2865936 -0.008838858 1.642214 Inferred 76479952
0.2792745 0.007803769 1.647149 Tracked 76479985
0.2735517 0.04392399 1.647395 Tracked 76480019
0.269634 0.07397802 1.644414 Tracked 76480064
0.2749685 0.1296569 1.647286 Tracked 76480085
0.2830206 0.1717516 1.655212 Tracked 76480118
0.279028 0.2141229 1.659282 Tracked 76480152
0.2742284 0.2289757 1.659473 Tracked 76480186
0.2627029 0.2593111 1.659541 Tracked 76480219
0.2587939 0.2734275 1.660553 Tracked 76480252
0.237801 0.3302721 1.663219 Tracked 76480285
0.2336264 0.3321491 1.658213 Tracked 76480318
0.2319983 0.3336154 1.657405 Tracked 76480352
0.2294981 0.3365832 1.657254 Tracked 76480385
0.2267574 0.3404154 1.657864 Tracked 76480419
0.218355 0.3513619 1.658822 Tracked 76480452
0.2152714 0.3547951 1.659236 Tracked 76480485
0.2124243 0.3599224 1.662003 Tracked 76480519
0.2102578 0.3617212 1.662381 Tracked 76480552
0.2079944 0.3666208 1.666583 Tracked 76480585
0.2074025 0.3668919 1.666717 Tracked 76480618
0.2068107 0.3671016 1.666589 Tracked 76480652
0.2061865 0.3671342 1.66642 Tracked 76480685
0.2056722 0.3678128 1.666433 Tracked 76480718
0.200076 0.3793607 1.674115 Tracked 76480752
0.1995732 0.3794186 1.673761 Tracked 76480785
0.1995733 0.3802895 1.674407 Tracked 76480819
0.1996292 0.3800772 1.674036 Tracked 76480852
0.2001079 0.378834 1.673027 Tracked 76480885
0.2012063 0.3755473 1.670421 Tracked 76480919
0.2034643 0.3722668 1.668881 Tracked 76480952
0.2094809 0.3666597 1.669125 Tracked 76480985
0.2483918 0.3146212 1.666206 Tracked 76481019
0.2590184 0.2891924 1.664867 Tracked 76481063
0.2706306 0.2557651 1.663734 Tracked 76481085
0.2800625 0.2196912 1.658613 Tracked 76481119
0.2884613 0.1723583 1.656938 Tracked 76481156
0.2802183 0.1149274 1.657075 Tracked 76481189
0.2522633 0.05504844 1.651453 Tracked 76481223
0.2534457 0.052626 1.651338 Tracked 76481253
0.2487302 -0.005196346 1.652478 Tracked 76481286
0.2474212 -0.02458747 1.650072 Inferred 76481318
0.250759 -0.06961271 1.65318 Inferred 76481356
0.2527808 -0.09960563 1.649547 Inferred 76481389
0.2542455 -0.1212984 1.648147 Inferred 76481423
0.253683 -0.1435172 1.647615 Inferred 76481457
0.2540205 -0.1614098 1.647988 Inferred 76481491
0.2535853 -0.1705129 1.648498 Inferred 76481519
0.2530766 -0.1748606 1.648987 Inferred 76481554
0.252745 -0.177344 1.649468 Inferred 76481586
0.2526771 -0.1778108 1.649745 Inferred 76481624
0.2526845 -0.1767845 1.649951 Inferred 76481656
0.2519786 -0.1668101 1.651394 Inferred 76481688
0.249838 -0.1472467 1.655621 Inferred 76481719
0.2474876 -0.1267435 1.659147 Inferred 76481752
0.2429174 -0.08838795 1.664359 Inferred 76481787
0.2402624 -0.05904079 1.669464 Inferred 76481822
0.2389718 -0.01742328 1.665655 Tracked 76481855
0.2434933 0.004977473 1.668613 Tracked 76481889
0.24597 0.04298488 1.668177 Tracked 76481920
0.2492102 0.08292595 1.668054 Tracked 76481952
0.2532734 0.1309173 1.667928 Tracked 76481986
0.2646997 0.1829431 1.676516 Tracked 76482020
0.2603583 0.2017258 1.681328 Tracked 76482052
0.2505214 0.227769 1.68345 Tracked 76482097
0.2398557 0.2644807 1.684849 Tracked 76482118
0.231046 0.2965989 1.686492 Tracked 76482153
0.2212782 0.320198 1.686016 Tracked 76482185
0.2110617 0.3428288 1.686487 Tracked 76482219
0.2044322 0.3541672 1.684583 Tracked 76482252
0.2029693 0.3577441 1.685015 Tracked 76482285
0.2016138 0.3620012 1.685776 Tracked 76482319
0.2003784 0.365876 1.686993 Tracked 76482352
0.1977418 0.3711991 1.689252 Tracked 76482385
0.1844099 0.3957795 1.699415 Tracked 76482421
0.1782386 0.4048769 1.70386 Tracked 76482455
0.1769634 0.4058084 1.704021 Tracked 76482488
