0.148741 0.4053926 1.714299 Tracked 76778521
0.1487277 0.4053735 1.714202 Tracked 76778552
0.1487193 0.4053315 1.714064 Tracked 76778584
0.1487081 0.4053116 1.713986 Tracked 76778619
0.1486886 0.4053124 1.713944 Tracked 76778653
0.1486827 0.4052637 1.713829 Tracked 76778685
0.148651 0.4052441 1.713727 Tracked 76778719
0.1486332 0.4052346 1.713672 Tracked 76778753
0.1486145 0.405218 1.713586 Tracked 76778786
0.1485994 0.4052258 1.71354 Tracked 76778820
0.1485669 0.4052151 1.713461 Tracked 76778852
0.1485136 0.4051689 1.713338 Tracked 76778885
0.1485067 0.4051529 1.713278 Tracked 76778919
0.148492 0.405109 1.713179 Tracked 76778952
0.1484797 0.4050982 1.713094 Tracked 76778986
0.1484681 0.4050777 1.713015 Tracked 76779019
0.1484744 0.4050738 1.712945 Tracked 76779053
0.1484518 0.4050747 1.712877 Tracked 76779085
0.1484375 0.405076 1.712777 Tracked 76779119
0.1484129 0.4050632 1.712719 Tracked 76779153
0.1483916 0.405039 1.712585 Tracked 76779185
0.1483594 0.4050169 1.712463 Tracked 76779219
0.1483251 0.4050151 1.712305 Tracked 76779253
0.1482069 0.4049837 1.712023 Tracked 76779286
0.1480337 0.4049017 1.711617 Tracked 76779319
0.1476807 0.4047857 1.71086 Tracked 76779370
0.1470458 0.4048031 1.709853 Tracked 76779385
0.1455561 0.4049105 1.708022 Tracked 76779419
0.1372302 0.404745 1.696833 Tracked 76779451
0.1338431 0.4050288 1.692776 Tracked 76779485
0.1297288 0.4045925 1.688315 Tracked 76779518
0.09454253 0.403066 1.654129 Tracked 76779552
0.09214616 0.4026536 1.652607 Tracked 76779585
0.08650327 0.4014316 1.648623 Tracked 76779619
0.08069178 0.3998328 1.645041 Tracked 76779652
0.0572435 0.3869319 1.630637 Tracked 76779685
0.05723791 0.3869369 1.630686 Tracked 76779719
0.01805807 0.3628725 1.617244 Tracked 76779752
0.009521132 0.3555996 1.615227 Tracked 76779785
-0.01449201 0.3320924 1.608704 Tracked 76779818
-0.02851849 0.3107313 1.603586 Tracked 76779852
-0.03969008 0.286086 1.597869 Tracked 76779885
-0.05191532 0.2616586 1.588325 Tracked 76779919
-0.05764303 0.2367481 1.575034 Tracked 76779951
-0.06993341 0.2122911 1.571159 Tracked 76779985
-0.07646566 0.1959574 1.565053 Tracked 76780019
-0.07650474 0.196564 1.564868 Tracked 76780056
-0.1029602 0.1509914 1.555224 Tracked 76780086
-0.1063156 0.1435361 1.553673 Tracked 76780121
-0.1107173 0.1303067 1.55401 Tracked 76780154
-0.1170939 0.1164291 1.553656 Tracked 76780187
-0.1305087 0.1032534 1.546761 Tracked 76780220
-0.1342462 0.0984015 1.545653 Tracked 76780252
-0.1370323 0.09287331 1.545272 Tracked 76780285
-0.1386711 0.08994246 1.544837 Tracked 76780319
-0.1390957 0.08960486 1.544907 Tracked 76780357
-0.1397847 0.09039143 1.544852 Tracked 76780387
-0.1408991 0.09441051 1.54559 Tracked 76780419
-0.1353298 0.1083074 1.549818 Tracked 76780452
-0.1321937 0.1228509 1.552736 Tracked 76780485
-0.1284491 0.1424976 1.556711 Tracked 76780518
-0.1221627 0.165548 1.558269 Tracked 76780552
-0.1142958 0.1909754 1.560844 Tracked 76780585
-0.1058531 0.2225018 1.563101 Tracked 76780619
-0.1039827 0.2312534 1.563725 Tracked 76780652
-0.09168395 0.2863069 1.57317 Tracked 76780685
-0.08756848 0.2856913 1.577112 Tracked 76780719
-0.0859163 0.2880779 1.577801 Tracked 76780753
-0.05806882 0.3272521 1.591325 Tracked 76780785
-0.05520134 0.3305776 1.593158 Tracked 76780819
-0.04329566 0.3434892 1.596141 Tracked 76780852
-0.03131038 0.3573118 1.600299 Tracked 76780885
-0.01776435 0.370916 1.603117 Tracked 76780919
0.003556718 0.3867224 1.607148 Tracked 76780952
0.01113057 0.3920543 1.609482 Tracked 76780985
0.01972444 0.3973267 1.613107 Tracked 76781019
0.02713369 0.4006763 1.616956 Tracked 76781051
0.02775337 0.4007922 1.617177 Tracked 76781085
0.0360849 0.4007636 1.622438 Tracked 76781119
0.04226873 0.401031 1.627902 Tracked 76781152
0.04194354 0.4007933 1.627526 Tracked 76781185
0.04204216 0.4006741 1.627453 Tracked 76781219
0.04681672 0.399911 1.629573 Tracked 76781252
0.05013855 0.3994559 1.631631 Tracked 76781284
0.05178719 0.3993191 1.632797 Tracked 76781318
0.06678582 0.3987186 1.642158 Tracked 76781351
0.069078 0.3985681 1.643421 Tracked 76781384
0.07015432 0.3986484 1.644295 Tracked 76781419
0.06726145 0.3987764 1.642545 Tracked 76781452
0.06477265 0.398923 1.641246 Tracked 76781485
0.06236896 0.3995027 1.640033 Tracked 76781518
0.05956867 0.4000749 1.638099 Tracked 76781552
0.05712656 0.4009134 1.636377 Tracked 76781585
0.05467274 0.4031593 1.635245 Tracked 76781619
0.05040111 0.4056053 1.632571 Tracked 76781651
0.04678259 0.4048025 1.629948 Tracked 76781685
0.04059166 0.4023497 1.625822 Tracked 76781718
-0.00350562 0.3812599 1.604879 Tracked 76781751
-0.005676541 0.378718 1.604011 Tracked 76781785
-0.03549172 0.3463497 1.590254 Tracked 76781819
-0.05014018 0.330186 1.587289 Tracked 76781852
-0.06729042 0.3011395 1.583763 Tracked 76781885
-0.07743265 0.2534819 1.575527 Tracked 76781919
-0.08233491 0.2382752 1.570474 Tracked 76781951
-0.09362383 0.199876 1.559275 Tracked 76781985
-0.1009331 0.1795634 1.551295 Tracked 76782018
-0.1037261 0.1757695 1.549274 Tracked 76782052
-0.1258418 0.1408313 1.540504 Tracked 76782085
-0.1320568 0.1244959 1.538279 Tracked 76782118
-0.1373576 0.09304535 1.534765 Tracked 76782151
-0.1437792 0.0750522 1.530581 Tracked 76782184
-0.1464359 0.06186578 1.528239 Tracked 76782218
-0.1495429 0.0535351 1.526904 Tracked 76782252
-0.1533484 0.04871026 1.526924 Tracked 76782285
-0.1576416 0.04337438 1.527289 Tracked 76782319
-0.159191 0.04030212 1.526951 Tracked 76782352
-0.1612546 0.03830304 1.526248 Tracked 76782386
-0.1617742 0.03799513 1.526552 Tracked 76782419
-0.1622085 0.03791509 1.526901 Tracked 76782453
-0.162461 0.03845681 1.527246 Tracked 76782487
-0.1625716 0.04227187 1.528241 Tracked 76782519
-0.1606524 0.05158901 1.530654 Tracked 76782552
-0.1566102 0.06665529 1.533462 Tracked 76782586
-0.1483117 0.08567338 1.540003 Tracked 76782619
-0.1399443 0.1107199 1.54535 Tracked 76782652
-0.1295194 0.1332452 1.549491 Tracked 76782685
-0.1191492 0.160198 1.549324 Tracked 76782719
-0.09511243 0.1928829 1.557079 Tracked 76782756
-0.09019098 0.2327231 1.556001 Tracked 76782788
-0.08411127 0.241071 1.55951 Tracked 76782821
-0.06634762 0.2748405 1.562926 Tracked 76782855
-0.05873719 0.2972417 1.56788 Tracked 76782888
-0.05531427 0.3039958 1.569702 Tracked 76782921
-0.03214622 0.3398326 1.577087 Tracked 76782953
-0.02573024 0.3531464 1.579479 Tracked 76782992
-0.01452642 0.3688926 1.583096 Tracked 76783027
0.001724105 0.3864195 1.586551 Tracked 76783054
0.009556457 0.3938778 1.588613 Tracked 76783085
0.01283955 0.3968911 1.590231 Tracked 76783119
0.01558308 0.3990186 1.59121 Tracked 76783154
0.01717499 0.4000891 1.591846 Tracked 76783188
0.01870116 0.4007138 1.592225 Tracked 76783222
0.02031566 0.4010674 1.592718 Tracked 76783254
0.02208016 0.4009545 1.59353 Tracked 76783288
0.03062009 0.3987871 1.597087 Tracked 76783322
0.03092187 0.3988311 1.597035 Tracked 76783353
0.03128692 0.3989191 1.596981 Tracked 76783386
0.03178605 0.3989741 1.596973 Tracked 76783422
0.03259727 0.3989897 1.596964 Tracked 76783455
0.04369954 0.396959 1.598319 Tracked 76783488
0.04197026 0.3973151 1.59787 Tracked 76783522
0.04053637 0.3975946 1.597707 Tracked 76783555
0.0388999 0.3980356 1.597288 Tracked 76783586
0.0369142 0.399 1.596793 Tracked 76783623
0.03349229 0.4000867 1.595763 Tracked 76783660
0.03245993 0.4007331 1.595147 Tracked 76783693
0.0285985 0.4014545 1.594123 Tracked 76783723
0.02393671 0.4012539 1.592721 Tracked 76783757
0.01698913 0.3991732 1.589786 Tracked 76783786
-0.02243745 0.3751664 1.575047 Tracked 76783819
-0.02994862 0.3641241 1.571861 Tracked 76783852
-0.05148857 0.3344985 1.567825 Tracked 76783885
-0.06671164 0.3089254 1.5629 Tracked 76783919
-0.08114482 0.2702678 1.560846 Tracked 76783951
-0.0893978 0.2340485 1.554113 Tracked 76783985
-0.09781438 0.2016059 1.541883 Tracked 76784019
-0.1039718 0.1776013 1.535404 Tracked 76784052
-0.1086914 0.1683692 1.532381 Tracked 76784085
-0.1194336 0.1439788 1.527707 Tracked 76784118
-0.125447 0.1231929 1.524673 Tracked 76784153
-0.1298794 0.09316415 1.522714 Tracked 76784185
-0.1337889 0.07858108 1.520273 Tracked 76784218
-0.1394352 0.06080277 1.517863 Tracked 76784252
-0.1427418 0.04783173 1.518545 Tracked 76784285
-0.144493 0.04204978 1.517765 Tracked 76784319
-0.1459121 0.03746247 1.518808 Tracked 76784352
-0.1461558 0.03387611 1.519972 Tracked 76784385
-0.1462181 0.03138905 1.520452 Tracked 76784419
-0.1465834 0.03059981 1.521128 Tracked 76784452
-0.1468717 0.03099382 1.522435 Tracked 76784485
-0.1477925 0.03530727 1.52477 Tracked 76784519
-0.1467585 0.04351424 1.52728 Tracked 76784552
-0.1382627 0.0604932 1.534466 Tracked 76784584
-0.1325046 0.07920341 1.538939 Tracked 76784619
-0.1254598 0.1034091 1.541491 Tracked 76784652
-0.1193514 0.1275984 1.542894 Tracked 76784685
-0.1146629 0.1558372 1.544016 Tracked 76784719
-0.1110867 0.1770316 1.544841 Tracked 76784752
-0.1059613 0.2184359 1.551299 Tracked 76784791
-0.1017466 0.2257561 1.55533 Tracked 76784818
-0.09177518 0.2591143 1.56295 Tracked 76784852
-0.08228734 0.2813975 1.567303 Tracked 76784886
-0.07707262 0.2924016 1.571166 Tracked 76784919
-0.06593823 0.3176073 1.575358 Tracked 76784952
-0.05756669 0.3361721 1.579338 Tracked 76784986
-0.04898388 0.3481736 1.58266 Tracked 76785019
-0.03550133 0.3703133 1.589528 Tracked 76785052
-0.0355022 0.3702585 1.589521 Tracked 76785085
-0.02983002 0.3754441 1.59171 Tracked 76785119
-0.02527236 0.3791581 1.593545 Tracked 76785152
0.004069586 0.4014287 1.606692 Tracked 76785186
0.005919539 0.4018221 1.607467 Tracked 76785218
0.004839723 0.4002903 1.607043 Tracked 76785252
0.008192463 0.3991011 1.609859 Tracked 76785285
0.007004782 0.3975502 1.609441 Tracked 76785319
0.00662885 0.3965869 1.609196 Tracked 76785355
0.006453199 0.3960509 1.609248 Tracked 76785388
0.006392204 0.3956146 1.609199 Tracked 76785422
0.009717743 0.3949627 1.610634 Tracked 76785453
0.01141029 0.3947667 1.611381 Tracked 76785485
0.01270658 0.394631 1.611821 Tracked 76785518
0.01861861 0.3945931 1.613792 Tracked 76785552
0.01982556 0.3948707 1.614396 Tracked 76785585
0.01933824 0.3948659 1.614316 Tracked 76785619
0.01884184 0.3950839 1.614019 Tracked 76785655
0.01910045 0.3969851 1.613333 Tracked 76785686
0.01778685 0.3991612 1.611984 Tracked 76785719
0.01574495 0.399161 1.610974 Tracked 76785753
0.009078499 0.4001588 1.607006 Tracked 76785786
-0.005804965 0.3953391 1.598819 Tracked 76785819
-0.02246131 0.3857779 1.592174 Tracked 76785851
-0.03988945 0.373062 1.585756 Tracked 76785885
-0.04764362 0.3637832 1.582736 Tracked 76785920
-0.07511039 0.3146038 1.573019 Tracked 76785953
-0.08538429 0.2979842 1.571906 Tracked 76785988
-0.1022788 0.2602527 1.564362 Tracked 76786022
-0.1101453 0.234553 1.553579 Tracked 76786056
-0.1157628 0.1962154 1.53911 Tracked 76786088
-0.124704 0.1901509 1.53407 Tracked 76786121
-0.1403377 0.168523 1.528751 Tracked 76786153
-0.1393404 0.1666669 1.528943 Tracked 76786185
-0.165579 0.09343116 1.514155 Tracked 76786219
-0.167731 0.08259369 1.511419 Tracked 76786253
-0.1763556 0.0600181 1.505889 Tracked 76786286
-0.1847077 0.04457697 1.505006 Tracked 76786320
-0.189583 0.024876 1.503387 Tracked 76786352
-0.1945676 0.009766553 1.502295 Tracked 76786386
-0.1972255 -0.0007593568 1.50099 Tracked 76786419
-0.1998713 -0.008156371 1.500763 Tracked 76786458
-0.2009089 -0.01499847 1.498811 Tracked 76786494
-0.2024125 -0.01609421 1.498738 Tracked 76786530
-0.2035915 -0.01587738 1.49854 Tracked 76786555
-0.2048963 -0.01474851 1.498519 Tracked 76786588
-0.2089056 -0.007246707 1.498472 Tracked 76786621
-0.2082622 0.01145851 1.498449 Tracked 76786654
-0.2085271 0.03082062 1.501431 Tracked 76786687
-0.1891445 0.04309752 1.506054 Tracked 76786722
-0.1806128 0.05941578 1.510975 Tracked 76786753
-0.1779593 0.09156206 1.505696 Tracked 76786785
-0.1719278 0.1186591 1.509685 Tracked 76786819
-0.1594574 0.1429391 1.512848 Tracked 76786852
-0.1443813 0.1858727 1.515687 Tracked 76786885
-0.1331627 0.2044156 1.516397 Tracked 76786919
-0.1181858 0.2402486 1.522584 Tracked 76786952
-0.109001 0.2690843 1.52922 Tracked 76786986
-0.1004656 0.2778501 1.533615 Tracked 76787019
-0.08105286 0.3070615 1.54204 Tracked 76787052
-0.08242917 0.3053827 1.542293 Tracked 76787085
-0.07790688 0.3116056 1.546154 Tracked 76787119
-0.04147851 0.3631899 1.559997 Tracked 76787152
-0.03740374 0.3670361 1.561966 Tracked 76787186
-0.02357053 0.3791628 1.565995 Tracked 76787219
-0.008907149 0.390029 1.570496 Tracked 76787252
-0.002309252 0.3936493 1.572003 Tracked 76787284
0.003224116 0.395978 1.573164 Tracked 76787323
0.009403673 0.3973682 1.574644 Tracked 76787360
0.009560985 0.3973343 1.574659 Tracked 76787389
0.01486764 0.3970884 1.57652 Tracked 76787419
0.01760713 0.3966231 1.576946 Tracked 76787452
0.01743303 0.3965543 1.576912 Tracked 76787485
0.01730885 0.3964975 1.576858 Tracked 76787519
0.02219258 0.3957563 1.576715 Tracked 76787552
0.02434878 0.3955721 1.576648 Tracked 76787585
0.02323624 0.3956582 1.576237 Tracked 76787619
0.02530387 0.3954994 1.575669 Tracked 76787651
0.02308657 0.3955575 1.574992 Tracked 76787685
0.02422279 0.395534 1.573846 Tracked 76787718
0.02495872 0.3960002 1.572584 Tracked 76787758
0.02454506 0.3963856 1.571498 Tracked 76787792
0.02037415 0.3971669 1.570641 Tracked 76787827
0.019377 0.3986041 1.567858 Tracked 76787857
0.01709098 0.4001774 1.564242 Tracked 76787887
0.01264923 0.4004954 1.560374 Tracked 76787920
0.003516518 0.3988018 1.554131 Tracked 76787953
-0.01732469 0.3901014 1.545994 Tracked 76787987
-0.03732016 0.3770962 1.540776 Tracked 76788020
-0.05128619 0.3627753 1.534989 Tracked 76788054
-0.07393252 0.3373825 1.530814 Tracked 76788087
-0.08603221 0.3139337 1.530255 Tracked 76788120
-0.1079879 0.2728103 1.526491 Tracked 76788153
-0.1100229 0.2671649 1.524746 Tracked 76788188
-0.1244592 0.2081287 1.509978 Tracked 76788221
-0.1274778 0.198352 1.507365 Tracked 76788256
-0.1307793 0.1971785 1.506104 Tracked 76788286
-0.1631037 0.1495434 1.495435 Tracked 76788321
-0.1645038 0.1303073 1.494898 Tracked 76788354
-0.1730329 0.09896026 1.495422 Tracked 76788387
-0.1756677 0.08351326 1.494976 Tracked 76788421
-0.1800282 0.06298319 1.494128 Tracked 76788462
-0.1862148 0.05158435 1.493868 Tracked 76788489
-0.188846 0.04000763 1.497082 Tracked 76788520
-0.1956242 0.02109594 1.498562 Tracked 76788554
-0.1997902 0.01532854 1.49961 Tracked 76788586
-0.2018041 0.008868814 1.501338 Tracked 76788619
-0.2030174 0.007701584 1.502293 Tracked 76788653
-0.2036591 0.007758817 1.503158 Tracked 76788687
-0.2035321 0.0114637 1.505169 Tracked 76788719
-0.2022291 0.0269213 1.512579 Tracked 76788756
-0.1947173 0.03955676 1.513409 Tracked 76788791
-0.179684 0.05470222 1.516433 Tracked 76788825
-0.1666852 0.07241914 1.521407 Tracked 76788861
-0.1566222 0.1066383 1.532694 Tracked 76788896
-0.1497426 0.1285087 1.536607 Tracked 76788931
-0.1348688 0.1558045 1.541124 Tracked 76788954
-0.1191757 0.1843158 1.542085 Tracked 76788987
-0.09144715 0.2369399 1.543147 Tracked 76789020
-0.08538712 0.258213 1.548228 Tracked 76789054
-0.08065927 0.2644933 1.551457 Tracked 76789087
-0.05027014 0.3075647 1.569187 Tracked 76789119
-0.04309788 0.3146853 1.572716 Tracked 76789153
-0.01922794 0.3404237 1.579349 Tracked 76789186
-0.004249955 0.3565489 1.582058 Tracked 76789219
0.01676545 0.3758597 1.58894 Tracked 76789252
0.02315742 0.3808862 1.590399 Tracked 76789286
0.04451951 0.396365 1.596506 Tracked 76789319
0.04979198 0.3983857 1.599003 Tracked 76789352
0.04931965 0.3974707 1.599269 Tracked 76789385
0.05294326 0.3966122 1.600948 Tracked 76789419
0.08403753 0.3949445 1.611774 Tracked 76789452
0.08126193 0.3938081 1.610761 Tracked 76789485
0.08330584 0.3923837 1.611273 Tracked 76789519
0.0856832 0.3907186 1.612063 Tracked 76789552
0.08852863 0.3891726 1.61269 Tracked 76789585
0.09149387 0.3877799 1.613412 Tracked 76789619
0.1029849 0.3845775 1.616843 Tracked 76789651
0.1062143 0.3831713 1.617527 Tracked 76789685
0.1082315 0.3826064 1.617813 Tracked 76789719
0.1093671 0.3822291 1.617911 Tracked 76789752
0.1098894 0.382193 1.61812 Tracked 76789785
0.1101435 0.3821617 1.618215 Tracked 76789819
0.1102061 0.382195 1.618243 Tracked 76789852
0.1101537 0.3822289 1.618232 Tracked 76789885
0.1096601 0.3823889 1.618105 Tracked 76789919
0.1081439 0.3831154 1.617626 Tracked 76789952
0.1045245 0.3847071 1.616472 Tracked 76789985
0.1001256 0.3865018 1.614625 Tracked 76790019
0.07256803 0.3957133 1.601424 Tracked 76790051
0.06415265 0.3983206 1.59778 Tracked 76790085
0.05835579 0.3996891 1.595198 Tracked 76790119
0.05312282 0.399904 1.592261 Tracked 76790152
0.04604432 0.3972464 1.587461 Tracked 76790186
-0.001421645 0.369758 1.559964 Tracked 76790222
-0.0116089 0.3562475 1.557248 Tracked 76790254
-0.0343757 0.3290254 1.551628 Tracked 76790289
-0.05011789 0.3069406 1.548797 Tracked 76790321
-0.0683829 0.2647564 1.541481 Tracked 76790353
-0.06937101 0.2340805 1.532876 Tracked 76790386
-0.0702823 0.233398 1.532887 Tracked 76790420
-0.09032916 0.1688762 1.513172 Tracked 76790453
-0.09771657 0.165616 1.510804 Tracked 76790486
-0.1148146 0.1379351 1.507306 Tracked 76790520
-0.1230975 0.1144222 1.501907 Tracked 76790553
-0.1231356 0.08199891 1.497821 Tracked 76790587
-0.1253359 0.06837535 1.496777 Tracked 76790620
-0.1256542 0.04574734 1.495505 Tracked 76790653
-0.1291875 0.03461592 1.496114 Tracked 76790686
-0.1308431 0.02482467 1.496412 Tracked 76790720
-0.1319982 0.01492409 1.496579 Tracked 76790754
-0.1321613 0.008940479 1.495652 Tracked 76790787
-0.1324769 0.006493708 1.495687 Tracked 76790820
-0.1329824 0.006738249 1.495802 Tracked 76790852
-0.1333722 0.011366 1.497959 Tracked 76790886
-0.135549 0.02839419 1.500659 Tracked 76790920
-0.1312777 0.04673688 1.503631 Tracked 76790952
-0.1200544 0.06688246 1.506236 Tracked 76790986
-0.1169157 0.09531429 1.514583 Tracked 76791021
-0.1106464 0.1238219 1.516525 Tracked 76791053
-0.1010527 0.1460931 1.520297 Tracked 76791086
-0.09085188 0.1656424 1.523302 Tracked 76791120
-0.07072237 0.2161559 1.527654 Tracked 76791153
-0.05819741 0.227075 1.530973 Tracked 76791187
-0.05764451 0.230996 1.531106 Tracked 76791221
-0.03034011 0.2951122 1.542885 Tracked 76791254
-0.02946015 0.2970267 1.54392 Tracked 76791286
-0.02466584 0.3045439 1.546327 Tracked 76791320
0.006414464 0.3586725 1.557114 Tracked 76791353
0.008186664 0.3606805 1.558265 Tracked 76791386
0.01155271 0.3646174 1.560617 Tracked 76791420
0.01588448 0.3687979 1.56335 Tracked 76791453
0.02826674 0.3803796 1.571429 Tracked 76791487
0.05104499 0.4025966 1.586846 Tracked 76791520
0.04818776 0.3988198 1.585191 Tracked 76791553
0.04888411 0.3986312 1.585719 Tracked 76791586
0.05065271 0.3983516 1.586818 Tracked 76791620
0.05290237 0.3990884 1.588242 Tracked 76791652
0.05300768 0.3988138 1.588316 Tracked 76791685
0.05356998 0.3983968 1.58842 Tracked 76791719
0.0547419 0.3977004 1.588878 Tracked 76791755
0.05585913 0.3970513 1.589331 Tracked 76791790
0.05718845 0.3963728 1.589914 Tracked 76791823
0.05833803 0.3958251 1.590528 Tracked 76791854
0.05911498 0.3953407 1.591039 Tracked 76791888
0.0595384 0.3950506 1.591375 Tracked 76791919
0.05978404 0.3948704 1.591517 Tracked 76791952
0.05985602 0.3947638 1.591641 Tracked 76791985
0.05978039 0.3946842 1.59179 Tracked 76792019
0.05940866 0.3946545 1.591863 Tracked 76792059
0.05841644 0.3947689 1.591902 Tracked 76792094
0.05532585 0.3947322 1.591239 Tracked 76792123
0.05217451 0.3951536 1.590356 Tracked 76792154
0.04699015 0.399824 1.590938 Tracked 76792187
0.0401838 0.402899 1.589827 Tracked 76792219
0.03791874 0.4013778 1.587919 Tracked 76792254
0.03227399 0.3977802 1.584703 Tracked 76792288
-0.01142668 0.3778508 1.571877 Tracked 76792321
-0.0145135 0.373713 1.570895 Tracked 76792352
-0.04689238 0.3225234 1.561266 Tracked 76792388
-0.05475314 0.3046976 1.561378 Tracked 76792421
-0.06994899 0.26412 1.559818 Tracked 76792454
-0.07243655 0.2561958 1.557387 Tracked 76792488
-0.07922276 0.2110516 1.543852 Tracked 76792522
-0.09396426 0.1610816 1.530782 Tracked 76792552
-0.09790345 0.1617224 1.528756 Tracked 76792586
-0.1084824 0.1473852 1.525935 Tracked 76792618
-0.1188729 0.1209808 1.523074 Tracked 76792654
-0.1186059 0.09185851 1.519443 Tracked 76792687
-0.1196709 0.07413655 1.518189 Tracked 76792723
-0.1209968 0.05806327 1.514945 Tracked 76792752
-0.1247927 0.04910779 1.512097 Tracked 76792785
-0.1281192 0.04225351 1.51109 Tracked 76792818
-0.1295399 0.03469031 1.510094 Tracked 76792852
-0.1301079 0.03255535 1.51017 Tracked 76792885
-0.1303795 0.03103018 1.509881 Tracked 76792920
-0.130404 0.0309861 1.509829 Tracked 76792952
-0.1308155 0.03285215 1.509761 Tracked 76792985
-0.1313193 0.03659809 1.51048 Tracked 76793018
-0.1301108 0.04195214 1.510471 Tracked 76793052
-0.1250948 0.05806447 1.513264 Tracked 76793085
-0.1191319 0.07702223 1.515142 Tracked 76793119
-0.118101 0.09011987 1.518204 Tracked 76793152
-0.115452 0.1171789 1.520289 Tracked 76793186
-0.1084795 0.1403884 1.521461 Tracked 76793219
-0.1030828 0.1606167 1.519274 Tracked 76793252
-0.07739115 0.198591 1.528228 Tracked 76793285
-0.0678348 0.2330756 1.530094 Tracked 76793319
-0.06700543 0.2428531 1.529155 Tracked 76793356
-0.06359091 0.2528393 1.529247 Tracked 76793386
-0.04211106 0.3141086 1.53688 Tracked 76793419
-0.04122486 0.3166063 1.537539 Tracked 76793452
-0.03690368 0.3324351 1.542105 Tracked 76793486
-0.03136968 0.3501757 1.545247 Tracked 76793519
-0.02245215 0.3668777 1.549437 Tracked 76793557
-0.0167418 0.3740991 1.551166 Tracked 76793587
0.003600826 0.3950156 1.557672 Tracked 76793619
0.00297663 0.3943201 1.557696 Tracked 76793652
0.01100272 0.3982939 1.56109 Tracked 76793685
0.009818328 0.3965974 1.561126 Tracked 76793719
0.01107856 0.3962172 1.562163 Tracked 76793752
0.01241893 0.3954695 1.56349 Tracked 76793785
0.01495611 0.394517 1.565642 Tracked 76793819
0.01789184 0.3935956 1.567526 Tracked 76793852
0.02109633 0.3927061 1.569655 Tracked 76793884
0.03317011 0.3914416 1.576709 Tracked 76793919
0.0370623 0.3910067 1.579417 Tracked 76793952
0.03967773 0.390731 1.581054 Tracked 76793985
0.04150014 0.3906345 1.582181 Tracked 76794019
0.04255356 0.3905923 1.58306 Tracked 76794052
0.0431788 0.3905808 1.58364 Tracked 76794091
0.04349425 0.3906086 1.583902 Tracked 76794126
0.04364033 0.3906277 1.584082 Tracked 76794160
0.0434042 0.3908271 1.584246 Tracked 76794194
0.04288507 0.3912414 1.584397 Tracked 76794225
0.04138576 0.3920509 1.584429 Tracked 76794254
0.03992639 0.3931175 1.584178 Tracked 76794285
0.03680544 0.3976838 1.585459 Tracked 76794319
0.03466322 0.4002946 1.585616 Tracked 76794352
0.03120598 0.3994345 1.58351 Tracked 76794385
-1.611211E-05 0.3948186 1.575541 Tracked 76794421
0.000120581 0.3920616 1.574933 Tracked 76794453
-0.04422763 0.3603967 1.561972 Tracked 76794485
-0.05808868 0.3410407 1.561437 Tracked 76794519
-0.07396153 0.3179012 1.559904 Tracked 76794552
-0.0927697 0.2746087 1.553945 Tracked 76794585
-0.1007135 0.2540948 1.547345 Tracked 76794619
-0.1128303 0.2173063 1.539462 Tracked 76794652
-0.1158064 0.2017737 1.534438 Tracked 76794685
-0.1290343 0.1895251 1.530981 Tracked 76794719
-0.1378114 0.159514 1.528479 Tracked 76794752
-0.1429866 0.1336711 1.524513 Tracked 76794786
-0.1439581 0.1319188 1.524102 Tracked 76794819
-0.1616376 0.07638517 1.51909 Tracked 76794853
-0.1654045 0.06866143 1.51869 Tracked 76794885
-0.1709992 0.05636782 1.51739 Tracked 76794919
-0.1753192 0.04808374 1.518521 Tracked 76794952
-0.1779441 0.03739884 1.519227 Tracked 76794986
-0.1799049 0.02481059 1.519638 Tracked 76795019
-0.1801876 0.01701395 1.519802 Tracked 76795053
-0.1816452 0.0136905 1.519865 Tracked 76795086
-0.1822463 0.012337 1.519729 Tracked 76795119
-0.1843127 0.01444234 1.52003 Tracked 76795152
-0.1866901 0.02061146 1.522555 Tracked 76795186
-0.1853661 0.02962134 1.522725 Tracked 76795219
-0.1811077 0.04100568 1.522374 Tracked 76795253
-0.1726075 0.0555241 1.522731 Tracked 76795286
-0.1582197 0.07867333 1.522936 Tracked 76795319
-0.1499729 0.0955065 1.52415 Tracked 76795352
-0.1419564 0.1202079 1.526767 Tracked 76795385
-0.1255977 0.148772 1.53391 Tracked 76795419
-0.1185939 0.1706173 1.535647 Tracked 76795452
-0.1073615 0.2025864 1.535477 Tracked 76795486
-0.09557756 0.2297239 1.539068 Tracked 76795519
-0.08506485 0.2623935 1.544685 Tracked 76795553
-0.07645087 0.2679718 1.549381 Tracked 76795586
-0.06130839 0.2897472 1.55826 Tracked 76795619
-0.05618893 0.2993628 1.560838 Tracked 76795652
-0.0252245 0.3446716 1.571885 Tracked 76795686
-0.02378294 0.3465718 1.572082 Tracked 76795719
-0.01820923 0.3524954 1.573924 Tracked 76795753
0.02001341 0.3889583 1.588183 Tracked 76795786
0.02337459 0.3926426 1.589712 Tracked 76795819
0.02444706 0.3941326 1.589774 Tracked 76795852
0.02481332 0.3941628 1.589886 Tracked 76795886
0.02570457 0.393889 1.590258 Tracked 76795919
0.02785132 0.3924898 1.591127 Tracked 76795952
0.05451787 0.3882014 1.602153 Tracked 76795985
0.05160642 0.3875755 1.600721 Tracked 76796019
0.05116213 0.3871552 1.600403 Tracked 76796052
0.05479843 0.3854802 1.601238 Tracked 76796085
0.05742221 0.3845188 1.602094 Tracked 76796119
0.05935654 0.3839447 1.602749 Tracked 76796151
0.06086047 0.3838382 1.603107 Tracked 76796185
0.0778035 0.3809395 1.608152 Tracked 76796219
0.08097056 0.3810001 1.609569 Tracked 76796251
0.07865515 0.3815079 1.608849 Tracked 76796285
0.08437005 0.3843502 1.610168 Tracked 76796320
0.08385458 0.3848314 1.6098 Tracked 76796352
0.1071908 0.3909952 1.615041 Tracked 76796385
0.1079646 0.3910615 1.61582 Tracked 76796420
0.1095126 0.3926878 1.619382 Tracked 76796452
0.1107799 0.3980778 1.628989 Tracked 76796486
0.1114808 0.4003331 1.636297 Tracked 76796519
0.1132489 0.4014417 1.641905 Tracked 76796553
0.1144876 0.4023868 1.646367 Tracked 76796586
0.1157694 0.4033137 1.650532 Tracked 76796619
0.1169132 0.4030151 1.652709 Tracked 76796653
0.1205284 0.4025402 1.655606 Tracked 76796686
0.1222787 0.4030865 1.658297 Tracked 76796720
0.1240978 0.4038605 1.660108 Tracked 76796753
0.1282336 0.40533 1.665154 Tracked 76796786
0.1310236 0.4067654 1.668357 Tracked 76796820
0.1336574 0.4079899 1.671772 Tracked 76796853
0.1350702 0.4092021 1.67425 Tracked 76796886
0.1326012 0.409277 1.671728 Tracked 76796920
0.1343975 0.4102326 1.674659 Tracked 76796954
0.1361075 0.4112576 1.677574 Tracked 76796986
0.1373063 0.411876 1.67955 Tracked 76797020
0.1386468 0.4120919 1.681865 Tracked 76797052
0.1396891 0.4122436 1.683948 Tracked 76797086
0.1404129 0.4119416 1.685903 Tracked 76797120
0.1409142 0.4112397 1.68726 Tracked 76797153
0.1409777 0.4109003 1.689759 Tracked 76797187
0.1407135 0.4108509 1.692916 Tracked 76797220
0.1408936 0.4103917 1.695117 Tracked 76797252
0.1408703 0.4099058 1.698074 Tracked 76797287
0.1409623 0.4092528 1.699249 Tracked 76797320
0.1409664 0.4092823 1.699252 Tracked 76797354
