-0.01656988 0.2186971 1.771338 Tracked 76778521
-0.01655304 0.2186959 1.771219 Tracked 76778552
-0.01657716 0.218659 1.771096 Tracked 76778584
-0.01654586 0.2186825 1.770973 Tracked 76778619
-0.01654237 0.2186955 1.770935 Tracked 76778653
-0.01652246 0.2187271 1.770849 Tracked 76778685
-0.01654215 0.2187707 1.770714 Tracked 76778719
-0.01654216 0.2188646 1.770515 Tracked 76778753
-0.01663145 0.2188811 1.770326 Tracked 76778786
-0.01667524 0.2189279 1.770199 Tracked 76778820
-0.01669854 0.2189354 1.77016 Tracked 76778852
-0.01676322 0.218933 1.769941 Tracked 76778885
-0.01679848 0.2189861 1.769816 Tracked 76778919
-0.01684018 0.2190155 1.769663 Tracked 76778952
-0.01687868 0.2190291 1.76951 Tracked 76778986
-0.01693966 0.2190567 1.769334 Tracked 76779019
-0.01694318 0.2190469 1.769259 Tracked 76779053
-0.01695861 0.219103 1.769052 Tracked 76779085
-0.01693345 0.2191366 1.768756 Tracked 76779119
-0.01694888 0.2191454 1.768621 Tracked 76779153
-0.01703653 0.2191386 1.76844 Tracked 76779185
-0.01705935 0.2191722 1.768326 Tracked 76779219
-0.01708337 0.2192082 1.7682 Tracked 76779253
-0.01710539 0.2192486 1.768111 Tracked 76779286
-0.01712919 0.2193431 1.76798 Tracked 76779319
-0.01716698 0.2194746 1.767884 Tracked 76779370
-0.01720909 0.2196574 1.767781 Tracked 76779385
-0.01740311 0.2199793 1.767366 Tracked 76779419
-0.01768689 0.2201641 1.767288 Tracked 76779451
-0.01846216 0.2204058 1.766847 Tracked 76779485
-0.01997851 0.2204077 1.766227 Tracked 76779518
-0.0222503 0.2198927 1.76521 Tracked 76779552
-0.02553088 0.2191767 1.763743 Tracked 76779585
-0.0293057 0.2177209 1.762977 Tracked 76779619
-0.03491518 0.2149636 1.761652 Tracked 76779652
-0.04311988 0.208605 1.7591 Tracked 76779685
-0.04976406 0.2024824 1.758526 Tracked 76779719
-0.05949447 0.1885112 1.756639 Tracked 76779752
-0.06745072 0.171196 1.755743 Tracked 76779785
-0.07675913 0.1493629 1.755748 Tracked 76779818
-0.08530979 0.1242441 1.75582 Tracked 76779852
-0.09445625 0.09188606 1.756622 Tracked 76779885
-0.1057016 0.05943785 1.770958 Tracked 76779919
-0.1009626 0.01945557 1.762649 Tracked 76779951
-0.1008907 0.01780391 1.760385 Tracked 76779985
-0.1000334 0.004642405 1.75734 Tracked 76780019
-0.09785026 -0.002809169 1.754031 Tracked 76780056
-0.09400891 -0.02027264 1.751224 Tracked 76780086
-0.08306155 -0.04386252 1.741612 Tracked 76780121
-0.08058516 -0.05168952 1.74092 Tracked 76780154
-0.07977032 -0.07619334 1.738033 Tracked 76780187
-0.07912451 -0.08514753 1.7364 Tracked 76780220
-0.07874899 -0.09055829 1.737236 Tracked 76780252
-0.07842549 -0.0915967 1.737931 Tracked 76780285
-0.08324099 -0.1013896 1.748506 Tracked 76780319
-0.08601262 -0.1013227 1.751782 Tracked 76780357
-0.08658284 -0.09875561 1.749418 Tracked 76780387
-0.08966512 -0.08508791 1.755849 Tracked 76780419
-0.09308831 -0.07257663 1.760743 Tracked 76780452
-0.09984528 -0.05572773 1.764523 Tracked 76780485
-0.1013273 -0.03904249 1.757105 Tracked 76780518
-0.1035174 -0.01073837 1.756104 Tracked 76780552
-0.1059081 0.005579841 1.757172 Tracked 76780585
-0.1055704 0.03517558 1.758706 Tracked 76780619
-0.1086422 0.04039824 1.758243 Tracked 76780652
-0.1122487 0.09469055 1.764781 Tracked 76780685
-0.1131385 0.0955584 1.764128 Tracked 76780719
-0.1158532 0.09687912 1.763282 Tracked 76780753
-0.1131217 0.138658 1.764006 Tracked 76780785
-0.1101862 0.1459753 1.763575 Tracked 76780819
-0.1050288 0.162041 1.763031 Tracked 76780852
-0.09926543 0.1783167 1.76325 Tracked 76780885
-0.09249633 0.1908614 1.763028 Tracked 76780919
-0.08661404 0.1984393 1.762445 Tracked 76780952
-0.08033132 0.2053486 1.762043 Tracked 76780985
-0.0755458 0.2104147 1.761882 Tracked 76781019
-0.07102345 0.2140352 1.761676 Tracked 76781051
-0.06694251 0.2159429 1.761392 Tracked 76781085
-0.06355474 0.2166463 1.761554 Tracked 76781119
-0.06032479 0.2172592 1.76248 Tracked 76781152
-0.05666464 0.2170231 1.762399 Tracked 76781185
-0.05343024 0.217039 1.762768 Tracked 76781219
-0.05032831 0.2168489 1.76303 Tracked 76781252
-0.04700541 0.2165144 1.764516 Tracked 76781284
-0.04503815 0.2163663 1.765126 Tracked 76781318
-0.04274028 0.216477 1.765734 Tracked 76781351
-0.04088536 0.2164971 1.766238 Tracked 76781384
-0.03989102 0.216647 1.766542 Tracked 76781419
-0.03930299 0.2167607 1.766896 Tracked 76781452
-0.03900937 0.2170117 1.767481 Tracked 76781485
-0.03907487 0.2172191 1.767775 Tracked 76781518
-0.0395247 0.2176824 1.767987 Tracked 76781552
-0.04157715 0.219044 1.768407 Tracked 76781585
-0.04442103 0.2198541 1.767947 Tracked 76781619
-0.04895275 0.2208266 1.767372 Tracked 76781651
-0.05631056 0.220099 1.766111 Tracked 76781685
-0.06493469 0.2171969 1.764999 Tracked 76781718
-0.07647715 0.2107866 1.76331 Tracked 76781751
-0.08903643 0.1976473 1.76088 Tracked 76781785
-0.1006975 0.1778045 1.759712 Tracked 76781819
-0.1113238 0.1531234 1.759569 Tracked 76781852
-0.119947 0.1222414 1.75905 Tracked 76781885
-0.1305188 0.08451194 1.757088 Tracked 76781919
-0.1287977 0.07132047 1.755323 Tracked 76781951
-0.1291699 0.03331197 1.754489 Tracked 76781985
-0.1276497 0.007954787 1.754426 Tracked 76782018
-0.1266597 -0.003927753 1.753475 Tracked 76782052
-0.1195954 -0.03195958 1.74817 Tracked 76782085
-0.1163027 -0.04981393 1.745206 Tracked 76782118
-0.113473 -0.07291435 1.739495 Tracked 76782151
-0.1113663 -0.08859644 1.73749 Tracked 76782184
-0.1112722 -0.1085682 1.735019 Tracked 76782218
-0.1037187 -0.1098754 1.732853 Tracked 76782252
-0.1021856 -0.1174587 1.740192 Tracked 76782285
-0.09964163 -0.1204825 1.741113 Tracked 76782319
-0.09978691 -0.1232589 1.740529 Tracked 76782352
-0.09966084 -0.1243054 1.740407 Tracked 76782386
-0.09961511 -0.1245612 1.740456 Tracked 76782419
-0.1004227 -0.1249723 1.741414 Tracked 76782453
-0.1006481 -0.1240021 1.741792 Tracked 76782487
-0.1009222 -0.1213287 1.742901 Tracked 76782519
-0.09837754 -0.1026978 1.746507 Tracked 76782552
-0.1001225 -0.09351274 1.748681 Tracked 76782586
-0.09564324 -0.06427126 1.757151 Tracked 76782619
-0.09427944 -0.05082124 1.760854 Tracked 76782652
-0.09676855 -0.02667421 1.764521 Tracked 76782685
-0.09723774 -0.004043787 1.765536 Tracked 76782719
-0.09911161 0.01690393 1.766319 Tracked 76782756
-0.09617237 0.04524542 1.753394 Tracked 76782788
-0.102088 0.06618021 1.750465 Tracked 76782821
-0.1036634 0.09219918 1.75238 Tracked 76782855
-0.1042193 0.119245 1.754356 Tracked 76782888
-0.0986881 0.1461553 1.771482 Tracked 76782921
-0.09338927 0.1631653 1.758243 Tracked 76782953
-0.08834478 0.1797992 1.755634 Tracked 76782992
-0.08296571 0.1933648 1.754224 Tracked 76783027
-0.07739002 0.2023361 1.752589 Tracked 76783054
-0.07261527 0.2093556 1.751153 Tracked 76783085
-0.06839903 0.2145538 1.751052 Tracked 76783119
-0.06583957 0.2164216 1.750264 Tracked 76783154
-0.06334488 0.217631 1.749784 Tracked 76783188
-0.06117754 0.2184958 1.748865 Tracked 76783222
-0.05947237 0.2190323 1.74834 Tracked 76783254
-0.05767743 0.2192849 1.748085 Tracked 76783288
-0.05563704 0.2194868 1.747863 Tracked 76783322
-0.05359861 0.2192997 1.747205 Tracked 76783353
-0.05133689 0.2191134 1.746729 Tracked 76783386
-0.04986379 0.2189623 1.746462 Tracked 76783422
-0.0489236 0.2186345 1.74637 Tracked 76783455
-0.04838522 0.2184518 1.746286 Tracked 76783488
-0.04818296 0.218428 1.746287 Tracked 76783522
-0.04815689 0.218442 1.746302 Tracked 76783555
-0.04821801 0.2185126 1.746285 Tracked 76783586
-0.04880916 0.2190994 1.746326 Tracked 76783623
-0.05068268 0.2200377 1.746176 Tracked 76783660
-0.05301433 0.2208972 1.745922 Tracked 76783693
-0.05783607 0.2220024 1.745959 Tracked 76783723
-0.06477599 0.2211714 1.745594 Tracked 76783757
-0.07375288 0.2184628 1.744857 Tracked 76783786
-0.08592111 0.2088308 1.743653 Tracked 76783819
-0.09788778 0.1895044 1.742757 Tracked 76783852
-0.1097198 0.1645319 1.742313 Tracked 76783885
-0.1186443 0.1345364 1.741862 Tracked 76783919
-0.12981 0.09374444 1.741339 Tracked 76783951
-0.1390131 0.06076836 1.742775 Tracked 76783985
-0.130257 0.04165028 1.738625 Tracked 76784019
-0.1271847 0.01972489 1.737573 Tracked 76784052
-0.1206213 -0.002429988 1.738068 Tracked 76784085
-0.1164369 -0.03096101 1.733805 Tracked 76784118
-0.1137333 -0.04767312 1.731552 Tracked 76784153
-0.1097752 -0.06753708 1.729292 Tracked 76784185
-0.1065709 -0.08587098 1.726646 Tracked 76784218
-0.1039831 -0.096128 1.725423 Tracked 76784252
-0.1016821 -0.1118684 1.72345 Tracked 76784285
-0.09577743 -0.1165309 1.723853 Tracked 76784319
-0.09120253 -0.1207983 1.723691 Tracked 76784352
-0.08753613 -0.1242103 1.723736 Tracked 76784385
-0.08583529 -0.1260709 1.724055 Tracked 76784419
-0.0850225 -0.1261892 1.724419 Tracked 76784452
-0.08408868 -0.1251078 1.725505 Tracked 76784485
-0.08337869 -0.1214386 1.726833 Tracked 76784519
-0.08278879 -0.1105336 1.730525 Tracked 76784552
-0.0834459 -0.09708799 1.734798 Tracked 76784584
-0.09048021 -0.07083453 1.756515 Tracked 76784619
-0.09799045 -0.05697266 1.762209 Tracked 76784652
-0.1052234 -0.03368965 1.766106 Tracked 76784685
-0.1132335 -0.01386308 1.766809 Tracked 76784719
-0.1141629 0.01628947 1.754938 Tracked 76784752
-0.1165171 0.04448019 1.755209 Tracked 76784791
-0.1125688 0.06687431 1.756362 Tracked 76784818
-0.1115192 0.0856318 1.75487 Tracked 76784852
-0.1199953 0.1067895 1.75901 Tracked 76784886
-0.1215414 0.1275518 1.774367 Tracked 76784919
-0.1180428 0.1506259 1.777896 Tracked 76784952
-0.1153234 0.1661389 1.780375 Tracked 76784986
-0.1025796 0.1624348 1.769217 Tracked 76785019
-0.1012637 0.1946975 1.761891 Tracked 76785052
-0.0983775 0.1998106 1.761067 Tracked 76785085
-0.09464604 0.2046678 1.759524 Tracked 76785119
-0.09026829 0.2093667 1.758772 Tracked 76785152
-0.08691529 0.2132094 1.757905 Tracked 76785186
-0.08385525 0.2152331 1.757085 Tracked 76785218
-0.08206314 0.2161423 1.757112 Tracked 76785252
-0.08045644 0.2169667 1.757448 Tracked 76785285
-0.07911394 0.217498 1.757494 Tracked 76785319
-0.07756424 0.2178388 1.757305 Tracked 76785355
-0.07614953 0.2178826 1.757475 Tracked 76785388
-0.07462013 0.2179681 1.757371 Tracked 76785422
-0.07300301 0.2182062 1.756984 Tracked 76785453
-0.07194161 0.2184797 1.757128 Tracked 76785485
-0.07125574 0.2184911 1.757077 Tracked 76785518
-0.07082683 0.218564 1.756842 Tracked 76785552
-0.07067358 0.2187141 1.756814 Tracked 76785585
-0.07067661 0.2189499 1.756817 Tracked 76785619
-0.07069857 0.2192267 1.756732 Tracked 76785655
-0.07104069 0.2198159 1.756331 Tracked 76785686
-0.07222462 0.220223 1.755836 Tracked 76785719
-0.0749675 0.2203522 1.755257 Tracked 76785753
-0.07876229 0.2199344 1.754886 Tracked 76785786
-0.08599573 0.2169392 1.753303 Tracked 76785819
-0.09403305 0.2095298 1.752128 Tracked 76785851
-0.1037618 0.1957007 1.749247 Tracked 76785885
-0.1127598 0.1782969 1.748204 Tracked 76785920
-0.1256689 0.1461814 1.747853 Tracked 76785953
-0.1393134 0.11619 1.74833 Tracked 76785988
-0.1513499 0.08111567 1.747856 Tracked 76786022
-0.1436821 0.062469 1.746267 Tracked 76786056
-0.1366964 0.02951352 1.742176 Tracked 76786088
-0.1338299 0.01469773 1.741422 Tracked 76786121
-0.1351381 -0.02400667 1.728477 Tracked 76786153
-0.1343812 -0.03773727 1.72536 Tracked 76786185
-0.130437 -0.06607716 1.724285 Tracked 76786219
-0.1283314 -0.09602358 1.717913 Tracked 76786253
-0.1221142 -0.1107114 1.715576 Tracked 76786286
-0.1164557 -0.1247901 1.713141 Tracked 76786320
-0.1102849 -0.1420494 1.708984 Tracked 76786352
-0.1116358 -0.1611959 1.71995 Tracked 76786386
-0.1112071 -0.1641329 1.720965 Tracked 76786419
-0.1116122 -0.1729589 1.722764 Tracked 76786458
-0.1116028 -0.1746597 1.723424 Tracked 76786494
-0.1121322 -0.1760332 1.723392 Tracked 76786530
-0.1126323 -0.1760337 1.723212 Tracked 76786555
-0.1127782 -0.1758831 1.723308 Tracked 76786588
-0.1134321 -0.1715298 1.723259 Tracked 76786621
-0.113805 -0.1623764 1.722047 Tracked 76786654
-0.1179657 -0.1462533 1.721775 Tracked 76786687
-0.1198073 -0.1168333 1.727514 Tracked 76786722
-0.115721 -0.09195451 1.718792 Tracked 76786753
-0.1129063 -0.06421615 1.704618 Tracked 76786785
-0.1202663 -0.04690927 1.709316 Tracked 76786819
-0.1280738 -0.02993651 1.716116 Tracked 76786852
-0.1245372 0.0005473348 1.721925 Tracked 76786885
-0.1287259 0.01885446 1.723841 Tracked 76786919
-0.1304819 0.05194485 1.724715 Tracked 76786952
-0.1323202 0.07384862 1.726233 Tracked 76786986
-0.1328176 0.08887221 1.725983 Tracked 76787019
-0.1324916 0.1187453 1.728774 Tracked 76787052
-0.1299153 0.1304006 1.72925 Tracked 76787085
-0.1219315 0.1546904 1.72998 Tracked 76787119
-0.1147893 0.1723489 1.728957 Tracked 76787152
-0.1097599 0.1852578 1.728957 Tracked 76787186
-0.1041617 0.1947313 1.72899 Tracked 76787219
-0.09937789 0.2019225 1.728692 Tracked 76787252
-0.09565648 0.2056957 1.727203 Tracked 76787284
-0.09229001 0.2084972 1.726345 Tracked 76787323
-0.08797365 0.2109642 1.725829 Tracked 76787360
-0.08484419 0.2121658 1.725366 Tracked 76787389
-0.08235929 0.2127643 1.725374 Tracked 76787419
-0.08012946 0.2134014 1.724807 Tracked 76787452
-0.07755943 0.213704 1.724248 Tracked 76787485
-0.07590885 0.2137317 1.723691 Tracked 76787519
-0.07452633 0.2138964 1.72301 Tracked 76787552
-0.07282225 0.2141929 1.722131 Tracked 76787585
-0.07151803 0.2144106 1.721275 Tracked 76787619
-0.07060603 0.2147338 1.720591 Tracked 76787651
-0.07010313 0.2148806 1.720117 Tracked 76787685
-0.0696022 0.2153969 1.719422 Tracked 76787718
-0.06932039 0.2158065 1.718754 Tracked 76787758
-0.06952523 0.2165858 1.718214 Tracked 76787792
-0.07007372 0.2171552 1.717756 Tracked 76787827
-0.07139495 0.218177 1.716815 Tracked 76787857
-0.07458495 0.2194924 1.715471 Tracked 76787887
-0.07989238 0.219981 1.714049 Tracked 76787920
-0.08670003 0.2199165 1.71224 Tracked 76787953
-0.09542269 0.2172049 1.710838 Tracked 76787987
-0.1082916 0.207437 1.709242 Tracked 76788020
-0.1213929 0.1897692 1.706934 Tracked 76788054
-0.1308511 0.170774 1.705248 Tracked 76788087
-0.1459594 0.1352449 1.705842 Tracked 76788120
-0.1564702 0.1041184 1.706427 Tracked 76788153
-0.158451 0.08030225 1.705306 Tracked 76788188
-0.1580159 0.05231084 1.706754 Tracked 76788221
-0.1533264 0.01932335 1.70821 Tracked 76788256
-0.1528904 0.01834908 1.70894 Tracked 76788286
-0.1521513 -0.03957012 1.703368 Tracked 76788321
-0.1486797 -0.0465041 1.702399 Tracked 76788354
-0.1414228 -0.0692885 1.702604 Tracked 76788387
-0.1363267 -0.1031874 1.701314 Tracked 76788421
-0.1323072 -0.1129341 1.700795 Tracked 76788462
-0.1267217 -0.1291691 1.699828 Tracked 76788489
-0.1220007 -0.1381803 1.699527 Tracked 76788520
-0.1191856 -0.1508696 1.710352 Tracked 76788554
-0.1168058 -0.1598388 1.713626 Tracked 76788586
-0.1151924 -0.1637566 1.716643 Tracked 76788619
-0.1150007 -0.1666661 1.719082 Tracked 76788653
-0.1152837 -0.1678537 1.721047 Tracked 76788687
-0.1151599 -0.166905 1.722986 Tracked 76788719
-0.1136692 -0.1582664 1.726802 Tracked 76788756
-0.1140232 -0.1456641 1.72914 Tracked 76788791
-0.1142284 -0.1225565 1.735783 Tracked 76788825
-0.1121205 -0.09259126 1.742358 Tracked 76788861
-0.1062278 -0.06312855 1.750455 Tracked 76788896
-0.1023573 -0.04341273 1.756537 Tracked 76788931
-0.1025592 -0.01132984 1.758252 Tracked 76788954
-0.1006358 0.008963933 1.746456 Tracked 76788987
-0.106089 0.0402849 1.743009 Tracked 76789020
-0.1045146 0.08419507 1.752488 Tracked 76789054
-0.1057009 0.08488773 1.751317 Tracked 76789087
-0.101206 0.1141307 1.750346 Tracked 76789119
-0.09544989 0.1347141 1.765389 Tracked 76789153
-0.08632527 0.1591278 1.768557 Tracked 76789186
-0.07898215 0.1773219 1.770018 Tracked 76789219
-0.06914613 0.1956031 1.754227 Tracked 76789252
-0.06328683 0.2026721 1.751345 Tracked 76789286
-0.05608317 0.2101135 1.748948 Tracked 76789319
-0.04994364 0.214622 1.748165 Tracked 76789352
-0.04510236 0.2174857 1.747965 Tracked 76789385
-0.04070225 0.2187137 1.747042 Tracked 76789419
-0.03480535 0.2189771 1.746518 Tracked 76789452
-0.02935914 0.2170699 1.74553 Tracked 76789485
-0.02497652 0.215455 1.744979 Tracked 76789519
-0.02097188 0.2133262 1.744631 Tracked 76789552
-0.01703716 0.2109338 1.743713 Tracked 76789585
-0.01521199 0.2097692 1.743317 Tracked 76789619
-0.01301051 0.2078707 1.74233 Tracked 76789651
-0.01187948 0.2068848 1.742036 Tracked 76789685
-0.01094529 0.2060907 1.741578 Tracked 76789719
-0.01023899 0.2055635 1.741207 Tracked 76789752
-0.009664953 0.2049051 1.741045 Tracked 76789785
-0.009412924 0.2046675 1.741109 Tracked 76789819
-0.008903905 0.20464 1.741261 Tracked 76789852
-0.008717893 0.2047668 1.741493 Tracked 76789885
-0.00907817 0.2050871 1.741762 Tracked 76789919
-0.01070521 0.206164 1.742253 Tracked 76789952
-0.01411097 0.208348 1.742577 Tracked 76789985
-0.01998692 0.2118644 1.74286 Tracked 76790019
-0.02802183 0.2174801 1.742406 Tracked 76790051
-0.03506381 0.2213527 1.741255 Tracked 76790085
-0.04071259 0.223382 1.740438 Tracked 76790119
-0.04805227 0.2235866 1.739302 Tracked 76790152
-0.05795779 0.2199163 1.738077 Tracked 76790186
-0.07065248 0.2081233 1.736425 Tracked 76790222
-0.08291645 0.1878395 1.734416 Tracked 76790254
-0.09240148 0.1657509 1.731655 Tracked 76790289
-0.1016218 0.1351371 1.729389 Tracked 76790321
-0.1167886 0.08906459 1.725325 Tracked 76790353
-0.1223796 0.0494712 1.728006 Tracked 76790386
-0.1190758 0.03794838 1.726204 Tracked 76790420
-0.1101076 0.007448329 1.724218 Tracked 76790453
-0.1055289 -0.00671521 1.720614 Tracked 76790486
-0.09949668 -0.03689383 1.716994 Tracked 76790520
-0.09365725 -0.06052531 1.714416 Tracked 76790553
-0.08836042 -0.08573353 1.710691 Tracked 76790587
-0.08842976 -0.1036588 1.707866 Tracked 76790620
-0.07678091 -0.1181094 1.706148 Tracked 76790653
-0.0721682 -0.1349884 1.713346 Tracked 76790686
-0.07094316 -0.1519477 1.716513 Tracked 76790720
-0.06932797 -0.1618972 1.716676 Tracked 76790754
-0.06773996 -0.1651415 1.717494 Tracked 76790787
-0.06667659 -0.1688701 1.717358 Tracked 76790820
-0.06630775 -0.169201 1.717474 Tracked 76790852
-0.06669138 -0.1660725 1.719498 Tracked 76790886
-0.06829067 -0.1514638 1.721382 Tracked 76790920
-0.07221373 -0.1373687 1.724973 Tracked 76790952
-0.07498766 -0.1088564 1.728946 Tracked 76790986
-0.07749296 -0.07744819 1.737092 Tracked 76791021
-0.07815012 -0.06010813 1.741001 Tracked 76791053
-0.0808863 -0.02479852 1.745582 Tracked 76791086
-0.08459403 -0.01002057 1.747279 Tracked 76791120
-0.08540926 0.02034759 1.752644 Tracked 76791153
-0.08079991 0.0395342 1.757524 Tracked 76791187
-0.07373317 0.06837872 1.760114 Tracked 76791221
-0.08514071 0.09703287 1.761827 Tracked 76791254
-0.08384195 0.1100687 1.762456 Tracked 76791286
-0.07993524 0.1243487 1.764448 Tracked 76791320
-0.06898646 0.1577076 1.769325 Tracked 76791353
-0.06465671 0.1679139 1.771148 Tracked 76791386
-0.05897849 0.175927 1.77325 Tracked 76791420
-0.05435839 0.1815227 1.775767 Tracked 76791453
-0.05326148 0.1832006 1.775969 Tracked 76791487
-0.04284343 0.191833 1.78205 Tracked 76791520
-0.03925214 0.1941025 1.784418 Tracked 76791553
-0.03618692 0.1958429 1.78648 Tracked 76791586
-0.03363869 0.1944532 1.783076 Tracked 76791620
-0.04382541 0.2204002 1.733263 Tracked 76791652
-0.04378385 0.220215 1.733235 Tracked 76791685
-0.04340909 0.2198327 1.733358 Tracked 76791719
-0.04284079 0.219077 1.733733 Tracked 76791755
-0.04203533 0.2181673 1.73402 Tracked 76791790
-0.04123814 0.2173497 1.73432 Tracked 76791823
-0.04050375 0.216331 1.734735 Tracked 76791854
-0.04006776 0.2157713 1.735039 Tracked 76791888
-0.03979258 0.2152936 1.735178 Tracked 76791919
-0.03962439 0.2147562 1.735234 Tracked 76791952
-0.03955328 0.2146192 1.735572 Tracked 76791985
-0.03963294 0.2144825 1.736017 Tracked 76792019
-0.03996594 0.214579 1.736321 Tracked 76792059
-0.04053739 0.2150976 1.736901 Tracked 76792094
-0.04265875 0.2167371 1.737769 Tracked 76792123
-0.04673871 0.2187799 1.738569 Tracked 76792154
-0.05182036 0.2213589 1.739441 Tracked 76792187
-0.05624098 0.2225054 1.739642 Tracked 76792219
-0.06114193 0.2220316 1.739987 Tracked 76792254
-0.06933696 0.2182448 1.740374 Tracked 76792288
-0.07967915 0.2076221 1.740272 Tracked 76792321
-0.08944941 0.1882337 1.739035 Tracked 76792352
-0.09832018 0.1629936 1.739127 Tracked 76792388
-0.1089163 0.1284143 1.738065 Tracked 76792421
-0.1237368 0.08591623 1.737525 Tracked 76792454
-0.1216699 0.07108141 1.746702 Tracked 76792488
-0.1015014 0.02267762 1.740659 Tracked 76792522
-0.1024594 0.01493706 1.738483 Tracked 76792552
-0.1062786 -0.0139059 1.729697 Tracked 76792586
-0.104007 -0.03455734 1.726744 Tracked 76792618
-0.09981846 -0.06258841 1.723346 Tracked 76792654
-0.09663733 -0.08031681 1.72033 Tracked 76792687
-0.09094167 -0.1047589 1.715712 Tracked 76792723
-0.08732163 -0.1206167 1.712991 Tracked 76792752
-0.07976365 -0.1294112 1.711061 Tracked 76792785
-0.07779109 -0.1377527 1.716949 Tracked 76792818
-0.07618774 -0.1457601 1.720996 Tracked 76792852
-0.07384789 -0.1462418 1.721753 Tracked 76792885
-0.06999362 -0.1457443 1.721367 Tracked 76792920
-0.07026916 -0.1472114 1.721246 Tracked 76792952
-0.06764797 -0.1414698 1.720911 Tracked 76792985
-0.06810348 -0.1392889 1.721401 Tracked 76793018
-0.06846388 -0.1309909 1.72147 Tracked 76793052
-0.06917304 -0.1084703 1.72375 Tracked 76793085
-0.07148345 -0.1008348 1.725336 Tracked 76793119
-0.0723554 -0.07463515 1.73396 Tracked 76793152
-0.07081547 -0.05677822 1.737793 Tracked 76793186
-0.07720505 -0.03044264 1.740483 Tracked 76793219
-0.08043462 -0.009068952 1.741548 Tracked 76793252
-0.08592889 0.02164262 1.742662 Tracked 76793285
-0.08631051 0.04546943 1.744145 Tracked 76793319
-0.08607073 0.04621968 1.744188 Tracked 76793356
-0.08252793 0.06586286 1.745024 Tracked 76793386
-0.0789417 0.1346685 1.752511 Tracked 76793419
-0.07827097 0.1412763 1.745411 Tracked 76793452
-0.09377444 0.1703721 1.744264 Tracked 76793486
-0.09301711 0.1837329 1.732052 Tracked 76793519
-0.09087543 0.1942548 1.727739 Tracked 76793557
-0.08649389 0.2011672 1.725545 Tracked 76793587
-0.0820069 0.2069457 1.723443 Tracked 76793619
-0.07878455 0.2107604 1.722481 Tracked 76793652
-0.0758163 0.2133823 1.721697 Tracked 76793685
-0.0734717 0.2144268 1.721813 Tracked 76793719
-0.07132304 0.2153512 1.721919 Tracked 76793752
-0.06907745 0.2155997 1.721977 Tracked 76793785
-0.06668355 0.2154239 1.722408 Tracked 76793819
-0.06386121 0.2150303 1.722707 Tracked 76793852
-0.06172705 0.2148336 1.723297 Tracked 76793884
-0.05920744 0.2146777 1.723925 Tracked 76793919
-0.05687313 0.2142658 1.725136 Tracked 76793952
-0.05461195 0.2139027 1.726074 Tracked 76793985
-0.05305864 0.2136583 1.72661 Tracked 76794019
-0.05124786 0.2134949 1.727893 Tracked 76794052
-0.0500526 0.2133211 1.728573 Tracked 76794091
-0.04935219 0.2132703 1.729015 Tracked 76794126
-0.04887421 0.2134723 1.729714 Tracked 76794160
-0.04872137 0.2137293 1.730218 Tracked 76794194
-0.04908333 0.2141852 1.730879 Tracked 76794225
-0.05010853 0.2149504 1.731706 Tracked 76794254
-0.05215413 0.2161403 1.732439 Tracked 76794285
-0.05529413 0.2171397 1.732906 Tracked 76794319
-0.05610154 0.217758 1.733052 Tracked 76794352
-0.06876267 0.2172477 1.733257 Tracked 76794385
-0.07925018 0.214536 1.732728 Tracked 76794421
-0.09209239 0.2078999 1.732632 Tracked 76794453
-0.1047424 0.1913209 1.731504 Tracked 76794485
-0.1195154 0.1675801 1.73096 Tracked 76794519
-0.1307004 0.1366621 1.733104 Tracked 76794552
-0.1432583 0.09816018 1.730043 Tracked 76794585
-0.1460588 0.07938991 1.730029 Tracked 76794619
-0.14133 0.04356221 1.733549 Tracked 76794652
-0.138971 0.02674532 1.732206 Tracked 76794685
-0.136498 -0.004670116 1.727318 Tracked 76794719
-0.1301918 -0.03425939 1.721215 Tracked 76794752
-0.1248421 -0.05471861 1.718802 Tracked 76794786
-0.1227733 -0.0689151 1.716977 Tracked 76794819
-0.1056266 -0.1058521 1.714754 Tracked 76794853
-0.1024786 -0.116162 1.714696 Tracked 76794885
-0.09902202 -0.1220891 1.714355 Tracked 76794919
-0.09294466 -0.1403824 1.710795 Tracked 76794952
-0.09354565 -0.1510621 1.718708 Tracked 76794986
-0.0925109 -0.1554035 1.724427 Tracked 76795019
-0.08985235 -0.1550008 1.726542 Tracked 76795053
-0.08617118 -0.1491228 1.729016 Tracked 76795086
-0.08402731 -0.1425132 1.731449 Tracked 76795119
-0.0766442 -0.1277646 1.72121 Tracked 76795152
-0.08287539 -0.1371432 1.728369 Tracked 76795186
-0.08660373 -0.1386374 1.729526 Tracked 76795219
-0.08766115 -0.1292031 1.732959 Tracked 76795253
-0.08961016 -0.1204593 1.735715 Tracked 76795286
-0.09258751 -0.1028177 1.739951 Tracked 76795319
-0.09566199 -0.07253918 1.744573 Tracked 76795352
-0.1008075 -0.05935236 1.744363 Tracked 76795385
-0.1022982 -0.0330238 1.734115 Tracked 76795419
-0.1017862 -0.01398662 1.735505 Tracked 76795452
-0.1015687 0.01507879 1.735249 Tracked 76795486
-0.1036249 0.03957488 1.735766 Tracked 76795519
-0.1070945 0.06996349 1.736077 Tracked 76795553
-0.109398 0.08416829 1.738932 Tracked 76795586
-0.108676 0.1124588 1.741171 Tracked 76795619
-0.1065075 0.1371663 1.754693 Tracked 76795652
-0.1062922 0.1407683 1.757439 Tracked 76795686
-0.09527972 0.1483543 1.763105 Tracked 76795719
-0.09487445 0.1491827 1.762896 Tracked 76795753
-0.08596569 0.1631503 1.764853 Tracked 76795786
-0.07956883 0.1706569 1.749034 Tracked 76795819
-0.07280562 0.2033487 1.736711 Tracked 76795852
-0.07169103 0.2041874 1.736017 Tracked 76795886
-0.07079179 0.2045487 1.735085 Tracked 76795919
-0.06980816 0.2044593 1.733621 Tracked 76795952
-0.06471711 0.2038188 1.732214 Tracked 76795985
-0.06026545 0.2030127 1.731239 Tracked 76796019
-0.05621104 0.2021524 1.730481 Tracked 76796052
-0.05317524 0.2015086 1.729878 Tracked 76796085
-0.05017885 0.2012841 1.729273 Tracked 76796119
-0.04828999 0.2012198 1.729131 Tracked 76796151
-0.04614036 0.2013705 1.728772 Tracked 76796185
-0.0442237 0.2017163 1.728444 Tracked 76796219
-0.04219411 0.2019508 1.728386 Tracked 76796251
-0.04029286 0.2021412 1.728299 Tracked 76796285
-0.0382481 0.2039374 1.728583 Tracked 76796320
-0.03684531 0.2039578 1.72874 Tracked 76796352
-0.03547225 0.2043858 1.728988 Tracked 76796385
-0.03415613 0.2047366 1.729531 Tracked 76796420
-0.03299301 0.207929 1.730646 Tracked 76796452
-0.03151559 0.2122029 1.731728 Tracked 76796486
-0.0303683 0.213809 1.732143 Tracked 76796519
-0.02988121 0.2150475 1.732601 Tracked 76796553
-0.02928126 0.2154242 1.732684 Tracked 76796586
-0.02863228 0.215968 1.733191 Tracked 76796619
-0.02903999 0.2160024 1.733215 Tracked 76796653
-0.02913019 0.2156688 1.732976 Tracked 76796686
-0.02902272 0.2151273 1.732459 Tracked 76796720
-0.02886114 0.2147263 1.731137 Tracked 76796753
-0.02909745 0.214699 1.730261 Tracked 76796786
-0.02929057 0.2146635 1.7289 Tracked 76796820
-0.02953023 0.2146893 1.727864 Tracked 76796853
-0.02984676 0.2148516 1.726411 Tracked 76796886
-0.03015207 0.2147698 1.725308 Tracked 76796920
-0.03031838 0.2147629 1.724327 Tracked 76796954
-0.03033789 0.214812 1.72378 Tracked 76796986
-0.03034905 0.2147359 1.72337 Tracked 76797020
-0.03030073 0.2146001 1.72312 Tracked 76797052
-0.03020809 0.2144721 1.723032 Tracked 76797086
-0.03015203 0.2143064 1.723045 Tracked 76797120
-0.03004818 0.2140322 1.723041 Tracked 76797153
-0.02987021 0.21375 1.723371 Tracked 76797187
-0.02966339 0.2133835 1.724169 Tracked 76797220
-0.02941459 0.212951 1.725374 Tracked 76797252
-0.02922289 0.2128425 1.727341 Tracked 76797287
-0.02928015 0.2125673 1.728378 Tracked 76797320
-0.02933261 0.2125499 1.730583 Tracked 76797354
