-0.09888309 0.260133 2.040029 Tracked 68240213
-0.09888309 0.260133 2.040029 Tracked 68240214
-0.09888309 0.260133 2.040029 Tracked 68240215
-0.09888309 0.260133 2.040029 Tracked 68240215
-0.09888309 0.260133 2.040029 Tracked 68240215
-0.09888309 0.260133 2.040029 Tracked 68240215
-0.09888309 0.260133 2.040029 Tracked 68240215
-0.09888309 0.260133 2.040029 Tracked 68240215
-0.09888309 0.260133 2.040029 Tracked 68240215
-0.09888309 0.260133 2.040029 Tracked 68240215
-0.09888309 0.260133 2.040029 Tracked 68240215
-0.09888309 0.260133 2.040029 Tracked 68240215
-0.09888309 0.260133 2.040029 Tracked 68240215
-0.09888309 0.260133 2.040029 Tracked 68240215
-0.09888309 0.260133 2.040029 Tracked 68240215
-0.09888309 0.260133 2.040029 Tracked 68240215
-0.09888309 0.260133 2.040029 Tracked 68240215
-0.09888309 0.260133 2.040029 Tracked 68240215
-0.09888309 0.260133 2.040029 Tracked 68240215
-0.09888309 0.260133 2.040029 Tracked 68240215
-0.09888309 0.260133 2.040029 Tracked 68240215
-0.09888309 0.260133 2.040029 Tracked 68240215
-0.09888309 0.260133 2.040029 Tracked 68240215
-0.09888309 0.260133 2.040029 Tracked 68240215
-0.09888309 0.260133 2.040029 Tracked 68240215
-0.09888309 0.260133 2.040029 Tracked 68240215
-0.140503 -0.001899358 2.007462 Tracked 68240215
-0.1395391 -0.00857859 2.007535 Tracked 68240223
-0.1389476 0.01838502 2.012312 Tracked 68240256
-0.1264263 0.02995083 2.017856 Tracked 68240289
-0.1248964 0.02265972 2.01255 Tracked 68240324
-0.1235861 0.02491912 2.011277 Tracked 68240357
-0.117996 0.04097871 2.008538 Tracked 68240390
-0.1255997 0.08495587 2.013947 Tracked 68240424
-0.1156854 0.1380732 2.02066 Tracked 68240456
-0.1160939 0.144894 2.020704 Tracked 68240490
-0.1158783 0.1675859 2.020866 Tracked 68240524
-0.1177943 0.1745252 1.994678 Tracked 68240558
-0.120268 0.1902173 2.00191 Tracked 68240590
-0.1221448 0.189458 2.005372 Tracked 68240624
-0.1213755 0.2003119 2.005899 Tracked 68240657
-0.1208549 0.2126936 2.006836 Tracked 68240690
-0.1209083 0.2195467 2.006026 Tracked 68240724
-0.1208469 0.2238866 2.005191 Tracked 68240757
-0.1203676 0.2343008 2.008503 Tracked 68240791
-0.1199282 0.237695 2.009395 Tracked 68240823
-0.1192045 0.2406686 2.009151 Tracked 68240857
-0.1190342 0.2417694 2.008876 Tracked 68240890
-0.1186138 0.2437104 2.008253 Tracked 68240924
-0.1182384 0.24533 2.007366 Tracked 68240957
-0.1176133 0.2464967 2.006254 Tracked 68240990
-0.1167454 0.248809 2.007726 Tracked 68241026
-0.1162336 0.2499535 2.008353 Tracked 68241057
-0.115908 0.2501393 2.00736 Tracked 68241090
-0.1157675 0.2503307 2.006578 Tracked 68241124
-0.1155576 0.2505592 2.005723 Tracked 68241157
-0.1153228 0.2506588 2.005236 Tracked 68241190
-0.1151396 0.2507929 2.004553 Tracked 68241224
-0.1149956 0.2509452 2.004259 Tracked 68241257
-0.1148535 0.2510715 2.004044 Tracked 68241291
-0.1148496 0.2511207 2.004032 Tracked 68241324
-0.1148397 0.2512219 2.004008 Tracked 68241358
-0.1148335 0.2512589 2.004169 Tracked 68241390
-0.1149338 0.2513167 2.004742 Tracked 68241424
-0.1153673 0.2514865 2.006895 Tracked 68241457
-0.1152671 0.249766 2.007323 Tracked 68241490
-0.1166596 0.2456706 2.012669 Tracked 68241525
-0.1177891 0.235451 2.016856 Tracked 68241557
-0.1203387 0.1904422 2.013976 Tracked 68241591
-0.1200278 0.1837109 2.005347 Tracked 68241624
-0.1200215 0.1762528 2.020118 Tracked 68241657
-0.1180954 0.1428274 2.040378 Tracked 68241689
-0.1188246 0.1397402 2.04035 Tracked 68241723
-0.129593 0.1087084 2.043241 Tracked 68241756
-0.129173 0.09240006 2.046405 Tracked 68241789
-0.1307018 0.03820794 2.045877 Tracked 68241823
-0.1319556 0.02520081 2.04337 Tracked 68241858
-0.1396946 0.02216974 2.045736 Tracked 68241891
-0.1492515 0.001736266 2.036357 Tracked 68241924
-0.1194393 -0.04964355 2.056463 Tracked 68241957
-0.1174748 -0.04807916 2.058583 Tracked 68241989
-0.1109105 -0.09473693 2.059784 Tracked 68242024
-0.07178003 -0.04442792 2.070446 Tracked 68242057
-0.07524144 -0.05638394 2.062601 Tracked 68242089
-0.08235349 -0.06008285 2.054061 Tracked 68242123
-0.09597948 -0.04407484 2.040246 Tracked 68242156
-0.09922337 -0.03166554 2.025286 Tracked 68242190
-0.112478 -0.02095193 2.022315 Tracked 68242223
-0.115421 0.01905654 2.02329 Tracked 68242257
-0.1154388 0.02656684 2.018723 Tracked 68242290
-0.1174121 0.06963762 2.023132 Tracked 68242324
-0.1139844 0.1353163 2.036088 Tracked 68242356
-0.1144822 0.1443296 2.034153 Tracked 68242389
-0.1156065 0.168626 2.03305 Tracked 68242423
-0.1153954 0.1775106 2.006688 Tracked 68242457
-0.118921 0.1883589 2.025974 Tracked 68242490
-0.1166906 0.1978817 2.038311 Tracked 68242524
-0.1164531 0.2092315 2.043982 Tracked 68242556
-0.1179363 0.2190108 2.044824 Tracked 68242589
-0.1187561 0.2268295 2.035244 Tracked 68242625
-0.1190934 0.240824 2.029269 Tracked 68242657
-0.1189661 0.2428318 2.024803 Tracked 68242691
-0.1187745 0.2446542 2.023606 Tracked 68242724
-0.1187445 0.2455571 2.022771 Tracked 68242759
-0.1184913 0.2463654 2.021975 Tracked 68242791
-0.1183092 0.2472733 2.022047 Tracked 68242824
-0.1181147 0.2482383 2.022036 Tracked 68242857
-0.1180704 0.2486807 2.022032 Tracked 68242891
-0.1180039 0.2509891 2.024424 Tracked 68242924
-0.1179992 0.251125 2.024197 Tracked 68242957
-0.1180128 0.2513123 2.023949 Tracked 68242990
-0.1182108 0.2522468 2.024731 Tracked 68243025
-0.1182644 0.2522874 2.024527 Tracked 68243057
-0.1182814 0.252373 2.024421 Tracked 68243090
-0.118304 0.252422 2.024388 Tracked 68243125
-0.1183474 0.2524315 2.024366 Tracked 68243157
-0.1186267 0.2520761 2.023758 Tracked 68243190
-0.1189826 0.2518581 2.024058 Tracked 68243224
-0.11948 0.2464973 2.020471 Tracked 68243257
-0.1199204 0.2414458 2.01967 Tracked 68243290
-0.1209016 0.2154305 2.015098 Tracked 68243324
-0.1205078 0.2114952 2.007907 Tracked 68243358
-0.116898 0.1841089 1.995532 Tracked 68243391
-0.1183908 0.1784832 2.013956 Tracked 68243423
-0.1201517 0.1589715 2.021641 Tracked 68243456
-0.1211116 0.1368554 2.028957 Tracked 68243489
-0.1255144 0.1140512 2.033719 Tracked 68243523
-0.1247494 0.09191427 2.034229 Tracked 68243556
-0.1435476 0.03996186 2.033197 Tracked 68243589
-0.1366825 0.01913432 2.030308 Tracked 68243623
-0.1538864 -0.02902734 2.030691 Tracked 68243656
-0.1497739 -0.01901589 2.037177 Tracked 68243689
-0.09266653 -0.0001579355 2.033516 Tracked 68243723
-0.09195116 -0.003533842 2.036537 Tracked 68243756
-0.08362554 -0.08595521 2.03466 Tracked 68243789
-0.09142958 -0.1236045 2.017513 Tracked 68243823
-0.09244132 -0.1283835 2.014844 Tracked 68243856
-0.07981084 -0.0761212 2.052913 Tracked 68243889
-0.0792533 -0.03915606 2.021442 Tracked 68243923
-0.07959149 -0.03780612 2.021618 Tracked 68243957
-0.0864252 -0.02623996 2.015313 Tracked 68243990
-0.1072382 -0.01625344 2.02528 Tracked 68244025
-0.1108868 -0.01191311 2.023184 Tracked 68244058
-0.1261003 0.01428886 2.019711 Tracked 68244090
-0.1294 0.03054607 2.023755 Tracked 68244124
-0.1316667 0.06152811 2.030122 Tracked 68244156
-0.1308749 0.08196001 2.034807 Tracked 68244190
-0.1320177 0.1193478 2.033877 Tracked 68244224
-0.123664 0.1479121 2.007815 Tracked 68244257
-0.123034 0.1798269 2.001749 Tracked 68244290
-0.1249017 0.2061207 2.017504 Tracked 68244324
-0.1221691 0.2060604 2.039891 Tracked 68244357
-0.121079 0.2084107 2.03622 Tracked 68244391
-0.1209734 0.2263114 2.026065 Tracked 68244425
-0.1200191 0.2266069 2.020528 Tracked 68244459
-0.1191304 0.2290488 2.018004 Tracked 68244490
-0.1181926 0.2306207 2.015633 Tracked 68244524
-0.1173973 0.2332118 2.014905 Tracked 68244557
-0.1164199 0.2355825 2.0138 Tracked 68244590
-0.1148119 0.2406618 2.01536 Tracked 68244624
-0.11449 0.2410474 2.014412 Tracked 68244657
-0.1140535 0.2439808 2.015545 Tracked 68244690
-0.1139004 0.2450143 2.015623 Tracked 68244724
-0.1137028 0.2448628 2.01452 Tracked 68244757
-0.1135864 0.2447417 2.013542 Tracked 68244790
-0.113559 0.2446347 2.013066 Tracked 68244823
-0.1135266 0.2444986 2.012734 Tracked 68244856
-0.1135492 0.2444577 2.012696 Tracked 68244890
-0.113662 0.2444935 2.012657 Tracked 68244924
-0.1139461 0.2440797 2.01317 Tracked 68244957
-0.1147434 0.2424555 2.014522 Tracked 68244991
-0.117471 0.2319402 2.011605 Tracked 68245024
-0.1198865 0.2164479 2.010352 Tracked 68245057
-0.1200644 0.2139133 2.003294 Tracked 68245090
-0.1206066 0.2037554 2.012562 Tracked 68245124
-0.1215376 0.1814044 2.017397 Tracked 68245157
-0.1221613 0.1506744 2.022359 Tracked 68245190
-0.1243751 0.1308025 2.026385 Tracked 68245224
-0.115428 0.1161697 2.030613 Tracked 68245258
-0.1128916 0.09105808 2.035877 Tracked 68245289
-0.1257755 0.02718032 2.035851 Tracked 68245323
-0.1405462 0.01263055 2.035247 Tracked 68245356
-0.1577692 -0.03956954 2.029233 Tracked 68245389
-0.1509907 -0.04649071 2.041615 Tracked 68245424
-0.149264 -0.09744368 2.039302 Tracked 68245456
-0.1475812 -0.02605095 2.071363 Tracked 68245490
-0.1619375 -0.08316776 2.063637 Tracked 68245523
-0.1571888 -0.08561812 2.062796 Tracked 68245557
-0.1343995 -0.1347757 2.039513 Tracked 68245590
-0.1194943 -0.08467923 2.060831 Tracked 68245624
-0.1203785 -0.05835644 2.050674 Tracked 68245656
-0.1205478 -0.0310948 2.056831 Tracked 68245689
-0.1206369 2.475232E-05 2.056297 Tracked 68245724
-0.1232166 0.02516855 2.0574 Tracked 68245756
-0.1281148 0.04041724 2.050844 Tracked 68245790
-0.1289003 0.06663701 2.051974 Tracked 68245824
-0.1306196 0.0958099 2.055902 Tracked 68245857
-0.132866 0.116667 2.062073 Tracked 68245890
-0.132958 0.1440098 2.067079 Tracked 68245924
-0.1225109 0.1681858 2.058687 Tracked 68245957
-0.1224585 0.1846669 2.045004 Tracked 68245990
-0.1247362 0.2115617 2.047698 Tracked 68246023
-0.1251306 0.2093596 2.071808 Tracked 68246059
-0.1232173 0.2109665 2.064756 Tracked 68246090
-0.1216464 0.2276218 2.049176 Tracked 68246124
-0.1208896 0.2293463 2.045833 Tracked 68246156
-0.1200783 0.2308444 2.04239 Tracked 68246190
-0.1194185 0.2321057 2.039104 Tracked 68246223
-0.1189658 0.2331095 2.036353 Tracked 68246257
-0.118651 0.2339547 2.034044 Tracked 68246290
-0.1182122 0.2344902 2.031824 Tracked 68246325
-0.1178676 0.234824 2.030652 Tracked 68246357
-0.1177242 0.2357133 2.029987 Tracked 68246389
-0.1176264 0.2368803 2.029614 Tracked 68246423
-0.1177273 0.2390326 2.029696 Tracked 68246456
-0.1176902 0.2392265 2.02974 Tracked 68246490
-0.1176593 0.2393943 2.029786 Tracked 68246524
-0.1176461 0.2394795 2.029828 Tracked 68246557
-0.1176951 0.2397615 2.029794 Tracked 68246591
-0.1177682 0.2398262 2.030585 Tracked 68246625
-0.1178875 0.2393098 2.032138 Tracked 68246659
-0.1181598 0.2414315 2.027698 Tracked 68246691
-0.1204262 0.2259289 2.02913 Tracked 68246724
-0.12074 0.2234345 2.023185 Tracked 68246757
-0.1212182 0.2119171 2.017087 Tracked 68246790
-0.1207357 0.1997302 2.012608 Tracked 68246824
-0.1203933 0.1916982 2.010148 Tracked 68246856
-0.1204766 0.1835154 2.024115 Tracked 68246890
-0.1228369 0.1683384 2.039825 Tracked 68246924
-0.1227776 0.1657838 2.039224 Tracked 68246957
-0.1217663 0.1579376 2.040047 Tracked 68246990
-0.1231236 0.1334354 2.042286 Tracked 68247023
-0.124025 0.1219515 2.044636 Tracked 68247056
-0.1251338 0.110511 2.045749 Tracked 68247089
-0.1265258 0.1003514 2.046394 Tracked 68247125
-0.1269797 0.0938575 2.046781 Tracked 68247157
-0.1275341 0.08815039 2.047197 Tracked 68247190
-0.1279895 0.08667611 2.046551 Tracked 68247223
-0.1279811 0.08632348 2.046211 Tracked 68247256
-0.1280994 0.08708936 2.045498 Tracked 68247291
-0.1276232 0.09032131 2.043983 Tracked 68247324
-0.1272132 0.09665485 2.041127 Tracked 68247357
-0.1264709 0.1100003 2.036636 Tracked 68247390
-0.1260751 0.1253797 2.034054 Tracked 68247425
-0.1258002 0.1441489 2.031229 Tracked 68247457
-0.1259284 0.1583625 2.029035 Tracked 68247490
-0.125434 0.1557964 2.019862 Tracked 68247524
-0.1270221 0.1672042 2.023132 Tracked 68247557
-0.127598 0.1729921 2.01948 Tracked 68247590
-0.1263326 0.2037233 2.021406 Tracked 68247624
-0.125863 0.2061367 2.015103 Tracked 68247657
-0.1245309 0.2270141 2.001424 Tracked 68247690
-0.1242437 0.2304147 1.995733 Tracked 68247725
-0.1238251 0.2374618 1.994922 Tracked 68247758
-0.1229144 0.2414845 1.993126 Tracked 68247791
-0.1219472 0.2438949 1.990911 Tracked 68247824
-0.1213029 0.2452628 1.988967 Tracked 68247856
-0.1203585 0.2465156 1.98608 Tracked 68247890
-0.1197671 0.2467597 1.983899 Tracked 68247924
-0.1190016 0.2473582 1.983261 Tracked 68247957
-0.1182181 0.2471367 1.980253 Tracked 68247989
-0.1173723 0.2474812 1.979517 Tracked 68248024
-0.1169657 0.2471091 1.978086 Tracked 68248076
-0.1165825 0.2470122 1.977163 Tracked 68248091
-0.1163454 0.2470589 1.976823 Tracked 68248124
-0.1162728 0.2470317 1.9768 Tracked 68248156
-0.1161221 0.247048 1.977005 Tracked 68248191
-0.1159733 0.2470399 1.977739 Tracked 68248224
-0.1159341 0.2464808 1.979631 Tracked 68248257
-0.1163865 0.2444672 1.983347 Tracked 68248289
-0.1144148 0.2274379 1.981817 Tracked 68248324
-0.1141257 0.2179186 1.971624 Tracked 68248356
-0.1138937 0.1954683 1.963997 Tracked 68248391
-0.1157209 0.1827157 1.979951 Tracked 68248424
-0.1146861 0.1552168 2.002792 Tracked 68248458
-0.1146402 0.1510375 2.003822 Tracked 68248491
-0.1246596 0.1072812 2.006679 Tracked 68248524
-0.1271016 0.08489021 2.005227 Tracked 68248556
-0.1437984 0.05891056 2.002505 Tracked 68248590
-0.1400942 -0.01607837 1.997659 Tracked 68248623
-0.1603915 -0.04031588 2.006218 Tracked 68248656
-0.1496865 -0.129252 1.992202 Tracked 68248689
-0.1007038 -0.1393968 1.985152 Tracked 68248723
-0.06628359 -0.1478754 2.073299 Tracked 68248757
-0.09466243 -0.1515521 1.986747 Tracked 68248790
-0.1013006 -0.1020184 2.01277 Tracked 68248824
-0.1009789 -0.1030878 2.009395 Tracked 68248857
-0.09154638 -0.04663476 2.016129 Tracked 68248889
-0.09237963 -0.04925334 2.015924 Tracked 68248923
-0.1287807 -0.06147655 1.974643 Tracked 68248956
-0.1049903 0.04699894 2.004669 Tracked 68248989
-0.1117775 0.04989759 2.005194 Tracked 68249025
-0.115513 0.06494079 2.006278 Tracked 68249057
-0.1204404 0.08988619 2.00841 Tracked 68249089
-0.1226455 0.1093013 2.00831 Tracked 68249124
-0.120817 0.1416368 2.004508 Tracked 68249157
-0.1198099 0.1592429 2.004155 Tracked 68249190
-0.1152169 0.1647296 1.969447 Tracked 68249224
-0.1155324 0.1736336 1.968263 Tracked 68249257
-0.1161903 0.1922237 1.968589 Tracked 68249290
-0.1157605 0.2022868 1.980364 Tracked 68249324
-0.1155962 0.203776 1.980236 Tracked 68249357
-0.1148162 0.2108813 1.980869 Tracked 68249389
-0.1135214 0.2195569 1.981423 Tracked 68249423
-0.1121922 0.2248907 1.980575 Tracked 68249457
-0.1112223 0.2314404 1.980773 Tracked 68249489
-0.1100523 0.2415708 1.984859 Tracked 68249524
-0.1096801 0.2441484 1.986062 Tracked 68249557
-0.109367 0.2455156 1.986696 Tracked 68249589
-0.1088739 0.2474732 1.988231 Tracked 68249624
-0.1088113 0.2481999 1.988658 Tracked 68249658
-0.1085858 0.2489129 1.988992 Tracked 68249690
-0.1084396 0.249515 1.989555 Tracked 68249724
-0.1084492 0.2498833 1.989926 Tracked 68249757
-0.1082556 0.2505494 1.991585 Tracked 68249789
-0.1081023 0.2509908 1.99346 Tracked 68249823
-0.1085404 0.2509155 1.996149 Tracked 68249857
-0.1088764 0.2505333 1.999464 Tracked 68249890
-0.1090829 0.2458666 2.000677 Tracked 68249924
-0.1093718 0.2399665 2.00249 Tracked 68249957
-0.1110347 0.2153163 2.003777 Tracked 68249990
-0.1119353 0.2049095 1.994511 Tracked 68250025
-0.1137394 0.198414 2.009168 Tracked 68250058
-0.11405 0.1794097 2.015555 Tracked 68250108
-0.116999 0.1518335 2.02229 Tracked 68250124
-0.1205021 0.1302699 2.030811 Tracked 68250157
-0.1260257 0.1078064 2.034911 Tracked 68250189
-0.1242787 0.08154034 2.033973 Tracked 68250224
-0.1057003 0.03275921 2.037853 Tracked 68250257
-0.1367223 0.02543887 2.049822 Tracked 68250290
-0.1438453 -0.0969079 1.998846 Tracked 68250324
-0.1443052 -0.09584074 2.007321 Tracked 68250356
-0.07732242 -0.08552926 2.033927 Tracked 68250389
-0.0965388 -0.1054391 2.054033 Tracked 68250423
-0.09708485 -0.08408633 2.063229 Tracked 68250456
-0.09846071 -0.0590473 2.065461 Tracked 68250489
-0.1059013 -0.04342233 2.050043 Tracked 68250523
-0.1123919 -0.1032896 2.013788 Tracked 68250556
-0.1294004 -0.05267583 2.013182 Tracked 68250590
-0.133026 -0.03291121 2.007675 Tracked 68250624
-0.1324413 -0.002776024 2.008402 Tracked 68250657
-0.1389103 0.02250145 2.001082 Tracked 68250689
-0.1432926 0.03868269 1.994617 Tracked 68250724
-0.1460529 0.06239556 1.993396 Tracked 68250757
-0.1474158 0.0901771 1.995818 Tracked 68250790
-0.1492304 0.1115742 2.000654 Tracked 68250825
-0.1519847 0.1365523 1.991392 Tracked 68250858
-0.146311 0.1592177 1.987439 Tracked 68250890
-0.1445354 0.1851534 2.001831 Tracked 68250924
-0.1419216 0.1905291 2.007385 Tracked 68250957
-0.1425546 0.2030821 2.012148 Tracked 68250990
-0.1411663 0.2078871 2.002738 Tracked 68251024
-0.1421669 0.2390492 1.994775 Tracked 68251057
-0.1420728 0.2412515 1.993662 Tracked 68251091
-0.1416932 0.2428587 1.992301 Tracked 68251126
-0.1410417 0.2440452 1.990709 Tracked 68251158
-0.1401446 0.2453353 1.989513 Tracked 68251190
-0.1393644 0.2463272 1.989409 Tracked 68251224
-0.1386113 0.2471686 1.989288 Tracked 68251257
-0.1377701 0.2480713 1.989136 Tracked 68251290
-0.1371722 0.2486545 1.989208 Tracked 68251324
-0.1358969 0.2501729 1.991003 Tracked 68251357
-0.1349152 0.2511316 1.992429 Tracked 68251390
-0.1339355 0.2521753 1.994313 Tracked 68251424
-0.1331221 0.2530747 1.996983 Tracked 68251458
-0.1327389 0.2537056 1.998985 Tracked 68251490
-0.1316818 0.2545163 2.003548 Tracked 68251524
-0.131708 0.2547822 2.00527 Tracked 68251557
-0.1321076 0.2550184 2.007996 Tracked 68251590
-0.132049 0.2542313 2.009782 Tracked 68251624
-0.1331083 0.2542339 2.014009 Tracked 68251657
-0.133646 0.2530058 2.01842 Tracked 68251690
-0.1333874 0.2480109 2.02193 Tracked 68251724
-0.131184 0.2194567 2.021297 Tracked 68251757
-0.1307542 0.2157334 2.015255 Tracked 68251790
-0.1287268 0.1873344 2.004447 Tracked 68251824
-0.1283022 0.176442 2.020715 Tracked 68251857
-0.12623 0.1465338 2.04238 Tracked 68251889
-0.1273889 0.142349 2.042596 Tracked 68251923
-0.1326949 0.1101035 2.042817 Tracked 68251957
-0.1348398 0.08437382 2.042531 Tracked 68251990
-0.1307017 0.03041828 2.046647 Tracked 68252024
-0.1437089 0.02714628 2.045535 Tracked 68252057
-0.1611963 -0.04648489 2.03427 Tracked 68252090
-0.1170574 -0.048709 2.068911 Tracked 68252125
-0.1145886 -0.05068284 2.070967 Tracked 68252158
-0.1135676 -0.05287497 2.073191 Tracked 68252190
-0.1056203 -0.06027985 2.071939 Tracked 68252224
-0.1054085 -0.123235 2.047458 Tracked 68252257
-0.104975 -0.04055552 2.066216 Tracked 68252289
-0.1114425 -0.08080272 2.042969 Tracked 68252323
-0.1253639 -0.05933787 2.018022 Tracked 68252356
-0.121938 -0.03479994 2.020234 Tracked 68252390
-0.1090761 0.002490407 2.018345 Tracked 68252424
-0.1197188 0.0354443 2.024095 Tracked 68252457
-0.1260626 0.05370275 2.027244 Tracked 68252490
-0.1277543 0.07478578 2.020801 Tracked 68252524
-0.1277644 0.09230818 2.014209 Tracked 68252557
-0.1216562 0.1758912 2.034006 Tracked 68252592
-0.1191734 0.1713053 1.994815 Tracked 68252623
-0.1200355 0.1791131 1.993051 Tracked 68252657
-0.1213008 0.2064938 2.008099 Tracked 68252690
-0.1204002 0.204978 2.032597 Tracked 68252724
-0.1180393 0.2073782 2.02699 Tracked 68252757
-0.1173533 0.2270572 2.016657 Tracked 68252792
-0.1167127 0.2290548 2.012784 Tracked 68252825
-0.1161806 0.2308504 2.009576 Tracked 68252857
-0.1153444 0.2361091 2.00989 Tracked 68252890
-0.1147384 0.2388561 2.009744 Tracked 68252924
-0.1144634 0.240403 2.009259 Tracked 68252957
-0.1143216 0.2413796 2.008794 Tracked 68252990
-0.1141252 0.242324 2.008116 Tracked 68253024
-0.1138697 0.2432381 2.007745 Tracked 68253057
-0.1136374 0.2439746 2.007294 Tracked 68253089
-0.1134657 0.2444846 2.007105 Tracked 68253124
-0.1133039 0.2449205 2.006957 Tracked 68253157
-0.1132523 0.245189 2.007041 Tracked 68253190
-0.1132482 0.2453408 2.007072 Tracked 68253224
-0.1132446 0.245428 2.007488 Tracked 68253257
-0.1132121 0.2453061 2.008584 Tracked 68253290
-0.1134748 0.2446095 2.010723 Tracked 68253325
-0.1131562 0.2447619 2.005194 Tracked 68253357
-0.1120976 0.2285 1.994173 Tracked 68253391
-0.1124702 0.208625 1.988926 Tracked 68253424
-0.1136087 0.2002072 2.005244 Tracked 68253458
-0.1135553 0.1831218 2.0104 Tracked 68253490
-0.1149212 0.1551919 2.017421 Tracked 68253523
-0.1173557 0.1339003 2.021852 Tracked 68253557
-0.123375 0.1092237 2.027981 Tracked 68253590
-0.1237313 0.08562964 2.027505 Tracked 68253624
-0.1347876 0.02636182 2.018261 Tracked 68253657
-0.1336253 0.02511811 2.022751 Tracked 68253690
-0.1293559 0.01491326 2.030434 Tracked 68253723
-0.1311656 -0.01867821 2.032796 Tracked 68253757
-0.05600269 -0.04217853 2.103888 Tracked 68253789
-0.1855319 -0.3798909 2.290241 Tracked 68253825
-0.1151841 -0.05580688 2.205746 Tracked 68253857
-0.06836947 -0.04805386 2.104652 Tracked 68253889
-0.162386 -0.1585356 2.073331 Tracked 68253923
-0.1428179 -0.1114282 2.093364 Tracked 68253957
-0.17327 -0.09908859 2.062056 Tracked 68253990
-0.169965 -0.07503639 2.05601 Tracked 68254023
-0.1337987 0.04390714 2.028316 Tracked 68254056
-0.1285747 0.05427636 2.031532 Tracked 68254090
-0.1235872 0.08539623 2.037667 Tracked 68254124
-0.121336 0.103233 2.035907 Tracked 68254157
-0.1201229 0.1268944 2.034404 Tracked 68254191
-0.119732 0.1499331 2.030859 Tracked 68254223
-0.1171015 0.166188 2.026246 Tracked 68254258
-0.1142807 0.1705672 1.98398 Tracked 68254291
-0.114128 0.1792201 1.982726 Tracked 68254324
-0.1136633 0.1962882 1.982054 Tracked 68254357
-0.1131974 0.2044693 1.981682 Tracked 68254390
-0.1130368 0.2105712 1.992165 Tracked 68254424
-0.113038 0.2105701 1.992162 Tracked 68254457
-0.1126981 0.2128014 1.991836 Tracked 68254490
-0.1126132 0.2162276 1.990569 Tracked 68254524
-0.1127808 0.2305438 1.992085 Tracked 68254557
-0.1127459 0.2310274 1.991536 Tracked 68254590
-0.1128281 0.2314875 1.990733 Tracked 68254623
-0.1128876 0.2319029 1.990008 Tracked 68254657
-0.1129618 0.2330506 1.989741 Tracked 68254690
-0.1131884 0.2340169 1.989738 Tracked 68254724
-0.1133858 0.2347906 1.989885 Tracked 68254759
-0.1135668 0.2354916 1.990194 Tracked 68254791
-0.1139013 0.2362076 1.990788 Tracked 68254824
-0.1142557 0.2367788 1.991711 Tracked 68254858
-0.1146365 0.236719 1.991971 Tracked 68254891
-0.1152916 0.2349581 1.992297 Tracked 68254924
-0.1156603 0.236401 1.989393 Tracked 68254957
-0.1173082 0.2227929 1.981131 Tracked 68254991
-0.1174926 0.2120494 1.977459 Tracked 68255024
-0.1179322 0.1986885 1.998467 Tracked 68255059
-0.1173423 0.181689 2.002676 Tracked 68255091
-0.1174337 0.1547508 2.007311 Tracked 68255124
-0.1179152 0.133118 2.012502 Tracked 68255174
-0.1212525 0.1147336 2.017192 Tracked 68255191
-0.1237066 0.08974259 2.021194 Tracked 68255226
-0.1181954 0.03946787 2.025169 Tracked 68255257
-0.1184223 0.03098394 2.028313 Tracked 68255289
-0.1254797 0.01285326 2.025797 Tracked 68255323
