0.06589293 0.2592861 1.800162 Tracked 74979350
0.06583612 0.2593136 1.800218 Tracked 74979383
0.06576306 0.2593305 1.800263 Tracked 74979416
0.06573893 0.259352 1.80029 Tracked 74979449
0.06574105 0.2594262 1.800327 Tracked 74979482
0.06574078 0.2594461 1.800306 Tracked 74979516
0.065741 0.2594754 1.800318 Tracked 74979549
0.06578838 0.2595136 1.800239 Tracked 74979582
0.06588215 0.2596488 1.800116 Tracked 74979617
0.06608561 0.2597083 1.799847 Tracked 74979650
0.06640308 0.2599145 1.799415 Tracked 74979681
0.06688175 0.2603231 1.798792 Tracked 74979716
0.06720462 0.2607161 1.798046 Tracked 74979749
0.06764676 0.2612018 1.797092 Tracked 74979781
0.06829924 0.2617448 1.796392 Tracked 74979816
0.06903058 0.2622446 1.79528 Tracked 74979850
0.07014953 0.2627894 1.793479 Tracked 74979882
0.07152719 0.262685 1.791398 Tracked 74979916
0.07377759 0.2621557 1.788355 Tracked 74979948
0.07643994 0.2600838 1.785151 Tracked 74979981
0.08021944 0.2560136 1.781617 Tracked 74980016
0.08485553 0.247995 1.7765 Tracked 74980049
0.08923079 0.2353911 1.772065 Tracked 74980082
0.09338632 0.2205563 1.768627 Tracked 74980117
0.09757522 0.1990932 1.763969 Tracked 74980149
0.10194 0.1708715 1.761286 Tracked 74980182
0.1054729 0.1507265 1.759544 Tracked 74980216
0.1084351 0.1215098 1.758972 Tracked 74980250
0.1113931 0.0903854 1.757926 Tracked 74980282
0.1135171 0.05881158 1.755187 Tracked 74980317
0.1122716 0.03908017 1.753915 Tracked 74980352
0.1134302 0.01001556 1.753603 Tracked 74980382
0.1075657 -0.0181195 1.754682 Tracked 74980416
0.10273 -0.03753052 1.754657 Tracked 74980449
0.1020543 -0.07038103 1.756559 Tracked 74980482
0.1021808 -0.08443835 1.757148 Tracked 74980516
0.1008299 -0.09242492 1.75869 Tracked 74980549
0.08991939 -0.09667859 1.755878 Tracked 74980581
0.08541892 -0.09989563 1.753373 Tracked 74980616
0.08059871 -0.1043936 1.749852 Tracked 74980649
0.0793313 -0.1087695 1.747767 Tracked 74980681
0.07797366 -0.1081384 1.747079 Tracked 74980715
0.07966542 -0.1142835 1.749767 Tracked 74980752
0.08764437 -0.1188691 1.755702 Tracked 74980788
0.1019548 -0.1267239 1.762626 Tracked 74980820
0.1133476 -0.1280482 1.763777 Tracked 74980859
0.1102226 -0.116403 1.76613 Tracked 74980890
0.10967 -0.105695 1.765808 Tracked 74980920
0.1172012 -0.09633093 1.761567 Tracked 74980949
0.1060399 -0.04037316 1.763794 Tracked 74980982
0.1073372 -0.03256945 1.756501 Tracked 74981017
0.1092113 -0.003319257 1.751009 Tracked 74981049
0.1104624 0.02628485 1.750477 Tracked 74981082
0.1068137 0.05841102 1.753284 Tracked 74981117
0.1065461 0.08133929 1.752098 Tracked 74981149
0.1058486 0.1073855 1.75473 Tracked 74981182
0.1011843 0.1350155 1.754634 Tracked 74981216
0.09893286 0.1521565 1.757191 Tracked 74981250
0.09812576 0.1908178 1.77839 Tracked 74981283
0.09481136 0.1873605 1.775528 Tracked 74981316
0.09111612 0.2098396 1.768853 Tracked 74981349
0.08844871 0.2188016 1.768348 Tracked 74981382
0.08622693 0.2273439 1.7692 Tracked 74981416
0.08415785 0.239575 1.769894 Tracked 74981449
0.0828774 0.2454501 1.770898 Tracked 74981482
0.08167043 0.2485682 1.771772 Tracked 74981516
0.08056897 0.2511986 1.773082 Tracked 74981549
0.07921709 0.252635 1.774105 Tracked 74981583
0.07808272 0.2540322 1.775043 Tracked 74981616
0.07722966 0.2548041 1.775949 Tracked 74981650
0.07655941 0.2552813 1.776846 Tracked 74981682
0.07550431 0.2561817 1.777883 Tracked 74981715
0.07498737 0.2564832 1.778403 Tracked 74981749
0.07470223 0.2566417 1.778717 Tracked 74981782
0.07401387 0.2572666 1.779734 Tracked 74981817
0.07395273 0.2574106 1.779869 Tracked 74981849
0.07389648 0.2574508 1.779932 Tracked 74981882
0.07381915 0.2576253 1.780141 Tracked 74981916
0.07391071 0.2584055 1.780505 Tracked 74981949
0.07429381 0.2593706 1.78077 Tracked 74981982
0.07507955 0.2601283 1.780865 Tracked 74982016
0.07635345 0.2610064 1.780484 Tracked 74982050
0.07805271 0.261349 1.779473 Tracked 74982083
0.08072007 0.2610542 1.777562 Tracked 74982116
0.08451491 0.2585876 1.77457 Tracked 74982149
0.08910359 0.2515669 1.770831 Tracked 74982182
0.09382541 0.2374694 1.766393 Tracked 74982215
0.09816325 0.2207661 1.761548 Tracked 74982249
0.1030814 0.1973525 1.757528 Tracked 74982282
0.1106633 0.1607265 1.754948 Tracked 74982316
0.1124796 0.1346531 1.752972 Tracked 74982350
0.1155223 0.09631915 1.753183 Tracked 74982382
0.1215269 0.05736939 1.749804 Tracked 74982416
0.1222273 0.04007075 1.748823 Tracked 74982448
0.1165498 0.005164541 1.746435 Tracked 74982482
0.1139616 -0.0228892 1.743326 Tracked 74982516
0.1083478 -0.05090446 1.743167 Tracked 74982549
0.1048294 -0.07624742 1.743207 Tracked 74982581
0.1032398 -0.09253779 1.743663 Tracked 74982616
0.09232613 -0.09852235 1.739905 Tracked 74982649
0.087977 -0.1055053 1.73646 Tracked 74982681
0.08425786 -0.1234239 1.731628 Tracked 74982716
0.08085451 -0.1268459 1.730775 Tracked 74982748
0.07866352 -0.1309761 1.730862 Tracked 74982800
0.08006325 -0.1388414 1.733741 Tracked 74982817
0.07927977 -0.1427971 1.736883 Tracked 74982848
0.07853623 -0.1451671 1.738056 Tracked 74982881
0.07792805 -0.146322 1.738898 Tracked 74982915
0.07721527 -0.1475275 1.739857 Tracked 74982948
0.07707664 -0.1476326 1.739929 Tracked 74982981
0.07574088 -0.1464623 1.741167 Tracked 74983016
0.07452869 -0.1431862 1.741687 Tracked 74983048
0.07462305 -0.1401393 1.741561 Tracked 74983081
0.083308 -0.1359822 1.747394 Tracked 74983117
0.07887193 -0.1058759 1.755533 Tracked 74983152
0.07621418 -0.09931011 1.750624 Tracked 74983182
0.08581477 -0.08883303 1.7477 Tracked 74983216
0.09826215 -0.03788792 1.737327 Tracked 74983249
0.104054 -0.02166099 1.740402 Tracked 74983282
0.1062245 0.02840755 1.741058 Tracked 74983316
0.1088884 0.0483991 1.742477 Tracked 74983349
0.10482 0.1406653 1.767279 Tracked 74983382
0.1112743 0.133724 1.741952 Tracked 74983416
0.1091142 0.1390829 1.74383 Tracked 74983449
0.1050181 0.1650799 1.747411 Tracked 74983482
0.1012805 0.1917915 1.767241 Tracked 74983516
0.09891628 0.1928231 1.770986 Tracked 74983552
0.09942803 0.1959677 1.774689 Tracked 74983586
0.09737632 0.2025556 1.778923 Tracked 74983626
0.09506929 0.2075953 1.780654 Tracked 74983657
0.09100892 0.2139398 1.773191 Tracked 74983686
0.08518521 0.2487383 1.76653 Tracked 74983717
0.08419257 0.2496743 1.766952 Tracked 74983750
0.08339222 0.2515559 1.767009 Tracked 74983783
0.08243704 0.2539368 1.766823 Tracked 74983818
0.08118543 0.2553519 1.767063 Tracked 74983850
0.08103381 0.2551861 1.765733 Tracked 74983882
0.08054369 0.2555213 1.765354 Tracked 74983915
0.07868268 0.2570574 1.765974 Tracked 74983949
0.07694536 0.2576533 1.765887 Tracked 74983982
0.07627467 0.2580856 1.765564 Tracked 74984017
0.07549822 0.2585571 1.765372 Tracked 74984050
0.07434478 0.2592356 1.765067 Tracked 74984083
0.07345015 0.2597441 1.764453 Tracked 74984116
0.07280113 0.2601682 1.76381 Tracked 74984150
0.07203469 0.2604042 1.763162 Tracked 74984189
0.07170728 0.2606689 1.762898 Tracked 74984223
0.07199986 0.2606903 1.762443 Tracked 74984257
0.07267863 0.2615203 1.759913 Tracked 74984291
0.07328828 0.2619574 1.757911 Tracked 74984321
0.07391106 0.2613659 1.756494 Tracked 74984352
0.07610789 0.2600255 1.751841 Tracked 74984384
0.07776646 0.2576055 1.747432 Tracked 74984419
0.08223473 0.2499125 1.740765 Tracked 74984453
0.08799075 0.2406619 1.734768 Tracked 74984485
0.09290285 0.2210097 1.728972 Tracked 74984520
0.09779695 0.1997781 1.724203 Tracked 74984552
0.1033484 0.173644 1.720172 Tracked 74984585
0.1098147 0.1391112 1.715894 Tracked 74984619
0.1145583 0.1100651 1.716108 Tracked 74984652
0.114674 0.08747552 1.721393 Tracked 74984685
0.1140774 0.05444779 1.719472 Tracked 74984719
0.1102701 0.0245565 1.720638 Tracked 74984750
0.106177 -0.01370334 1.722963 Tracked 74984782
0.1030998 -0.04070256 1.723149 Tracked 74984816
0.09918767 -0.06908352 1.724926 Tracked 74984850
0.09761533 -0.09547981 1.725695 Tracked 74984882
0.1020039 -0.1202885 1.726209 Tracked 74984916
0.1013794 -0.1299943 1.723198 Tracked 74984949
0.07601838 -0.1372471 1.714776 Tracked 74984980
0.07670743 -0.1376428 1.716351 Tracked 74985015
0.07756783 -0.1390568 1.716891 Tracked 74985049
0.08018494 -0.1375718 1.720392 Tracked 74985082
0.07976031 -0.1427846 1.719402 Tracked 74985116
0.08055544 -0.1458589 1.718589 Tracked 74985148
0.08128981 -0.1476761 1.718399 Tracked 74985182
0.08156142 -0.1485658 1.71828 Tracked 74985216
0.08391374 -0.1391608 1.722215 Tracked 74985249
0.08482636 -0.1324641 1.723482 Tracked 74985282
0.08490058 -0.13232 1.722988 Tracked 74985316
0.0814539 -0.1264974 1.724309 Tracked 74985350
0.07942747 -0.1223059 1.724799 Tracked 74985382
0.0771092 -0.1144974 1.726885 Tracked 74985416
0.0766414 -0.1021361 1.727478 Tracked 74985449
0.07644099 -0.09069901 1.728603 Tracked 74985483
0.07146751 -0.07599641 1.733004 Tracked 74985516
0.07188476 -0.05985553 1.733664 Tracked 74985548
0.07368301 -0.04208446 1.733212 Tracked 74985582
0.07643756 -0.01628244 1.731721 Tracked 74985616
0.07888895 0.004815296 1.733283 Tracked 74985650
0.0822046 0.02111262 1.732568 Tracked 74985683
0.08636855 0.06914618 1.741384 Tracked 74985720
0.08195907 0.08511987 1.739095 Tracked 74985749
0.1056665 0.1369866 1.732001 Tracked 74985782
0.1040759 0.1509188 1.732556 Tracked 74985817
0.1013897 0.1731115 1.737386 Tracked 74985853
0.09801504 0.1924861 1.740462 Tracked 74985886
0.09630673 0.2072758 1.74428 Tracked 74985919
0.09450565 0.220481 1.747976 Tracked 74985952
0.09220847 0.2302003 1.750145 Tracked 74985986
0.08973344 0.2375379 1.752214 Tracked 74986020
0.08941641 0.2393821 1.752049 Tracked 74986050
0.08564625 0.2464223 1.754993 Tracked 74986083
0.08314275 0.2500579 1.757535 Tracked 74986116
0.0815817 0.2525685 1.759145 Tracked 74986149
0.07999768 0.2543297 1.760425 Tracked 74986182
0.07877208 0.2555304 1.761433 Tracked 74986216
0.07669053 0.2563538 1.763111 Tracked 74986249
0.0758995 0.2570556 1.763798 Tracked 74986282
0.07475816 0.2579358 1.764716 Tracked 74986320
0.07421408 0.2581256 1.765035 Tracked 74986354
0.07329784 0.2586647 1.765818 Tracked 74986390
0.07286736 0.2588446 1.766149 Tracked 74986423
0.07251561 0.2589646 1.766271 Tracked 74986455
0.07221381 0.2590802 1.76662 Tracked 74986484
0.07184367 0.2594582 1.767165 Tracked 74986523
0.0714872 0.2599628 1.76808 Tracked 74986558
0.07139082 0.2603899 1.768598 Tracked 74986590
0.07149391 0.260797 1.769083 Tracked 74986626
0.07180928 0.2611844 1.769286 Tracked 74986652
0.07221908 0.2614208 1.769338 Tracked 74986682
0.07285463 0.2612715 1.769065 Tracked 74986716
0.07403183 0.2608486 1.768265 Tracked 74986749
0.07737979 0.2578674 1.766431 Tracked 74986782
0.08162967 0.2498923 1.763846 Tracked 74986822
0.08604869 0.238374 1.760714 Tracked 74986857
0.09021658 0.2228115 1.758251 Tracked 74986892
0.0958847 0.203368 1.753578 Tracked 74986918
0.09963335 0.1732813 1.751745 Tracked 74986951
0.1037199 0.1440661 1.751045 Tracked 74986986
0.1059446 0.1156861 1.751966 Tracked 74987019
0.1086753 0.08056093 1.748755 Tracked 74987053
0.1084098 0.05914612 1.746784 Tracked 74987086
0.1121637 0.02761767 1.745764 Tracked 74987117
0.1090874 0.004540852 1.744765 Tracked 74987150
0.104358 -0.01399056 1.744164 Tracked 74987183
0.1023743 -0.03060083 1.746276 Tracked 74987216
0.09485088 -0.04605151 1.744906 Tracked 74987250
0.08620579 -0.05811353 1.740976 Tracked 74987282
0.08083731 -0.07431997 1.739386 Tracked 74987316
0.07581311 -0.08528269 1.739281 Tracked 74987351
0.07110153 -0.1004808 1.736668 Tracked 74987387
0.07058549 -0.1077375 1.736757 Tracked 74987419
0.06698625 -0.1182793 1.731324 Tracked 74987452
0.06819212 -0.1219455 1.732645 Tracked 74987487
0.06827503 -0.122183 1.732806 Tracked 74987519
0.06821229 -0.1227824 1.733314 Tracked 74987550
0.06896707 -0.1278133 1.732751 Tracked 74987583
0.0668682 -0.1281944 1.731965 Tracked 74987618
0.06480776 -0.1262874 1.73262 Tracked 74987650
0.06288461 -0.1218336 1.733132 Tracked 74987683
0.06495324 -0.1084418 1.746591 Tracked 74987717
0.06971769 -0.09471427 1.752811 Tracked 74987751
0.07520866 -0.07774641 1.761398 Tracked 74987784
0.08073916 -0.06834248 1.764369 Tracked 74987818
0.08352474 -0.04843684 1.767838 Tracked 74987858
0.08812585 -0.025413 1.771912 Tracked 74987888
0.09308347 -0.001273977 1.773174 Tracked 74987925
0.09531067 0.02180424 1.764235 Tracked 74987953
0.1013393 0.04469887 1.763098 Tracked 74987984
0.1037543 0.0818326 1.765306 Tracked 74988018
0.1039656 0.1039694 1.766457 Tracked 74988059
0.1050528 0.1286779 1.766452 Tracked 74988090
0.1039759 0.1607645 1.766246 Tracked 74988124
0.1019028 0.1784431 1.76758 Tracked 74988158
0.0993949 0.1988989 1.768571 Tracked 74988185
0.09711737 0.2107613 1.768769 Tracked 74988220
0.09535958 0.2227241 1.769469 Tracked 74988253
0.09282614 0.2295635 1.771309 Tracked 74988285
0.09091761 0.2348241 1.771953 Tracked 74988320
0.09105431 0.2364552 1.769966 Tracked 74988353
0.09073237 0.2387609 1.768945 Tracked 74988383
0.09048181 0.2401694 1.767512 Tracked 74988416
0.09029185 0.2425643 1.765765 Tracked 74988449
0.08885262 0.2451281 1.764842 Tracked 74988483
0.08782893 0.2466633 1.764137 Tracked 74988516
0.08418816 0.2502464 1.764886 Tracked 74988550
0.08248586 0.2514431 1.764967 Tracked 74988582
0.08124955 0.2520678 1.764828 Tracked 74988616
0.08006275 0.2524954 1.764734 Tracked 74988649
0.08026937 0.252434 1.762954 Tracked 74988682
0.07905857 0.2529455 1.762326 Tracked 74988716
0.07789389 0.2533945 1.761175 Tracked 74988749
0.07838665 0.2533097 1.760056 Tracked 74988783
0.07845988 0.2532664 1.75956 Tracked 74988816
0.07780456 0.2533863 1.759127 Tracked 74988850
0.07739064 0.2535726 1.75822 Tracked 74988884
0.07755633 0.2535901 1.758126 Tracked 74988917
0.07792924 0.2534656 1.756912 Tracked 74988950
0.07890413 0.2522608 1.755031 Tracked 74988983
0.08240242 0.2480876 1.750938 Tracked 74989016
0.08602247 0.2395849 1.747661 Tracked 74989054
0.09004073 0.225289 1.7442 Tracked 74989087
0.09434045 0.209825 1.740865 Tracked 74989121
0.1005547 0.1830326 1.737356 Tracked 74989155
0.1056916 0.1521602 1.734178 Tracked 74989188
0.1101857 0.1224294 1.734488 Tracked 74989223
0.1111798 0.08502654 1.735227 Tracked 74989250
0.11172 0.05726226 1.734514 Tracked 74989283
0.1090524 0.02516235 1.732657 Tracked 74989316
0.1008351 -0.005090686 1.733482 Tracked 74989350
0.09554383 -0.02666859 1.730148 Tracked 74989390
0.09348913 -0.05316912 1.728449 Tracked 74989428
0.0906365 -0.0732953 1.72566 Tracked 74989454
0.08950699 -0.09241836 1.723766 Tracked 74989484
0.0833331 -0.1129335 1.719977 Tracked 74989518
0.08140875 -0.1176495 1.719104 Tracked 74989551
0.08158091 -0.1258816 1.715158 Tracked 74989584
0.07991293 -0.1329273 1.712121 Tracked 74989619
0.07983384 -0.1374332 1.710028 Tracked 74989653
0.07938254 -0.1402428 1.708613 Tracked 74989685
0.07923755 -0.1416375 1.707312 Tracked 74989719
0.07900526 -0.1415027 1.706895 Tracked 74989751
0.07845874 -0.1410078 1.706161 Tracked 74989784
0.07854412 -0.1414769 1.704779 Tracked 74989819
0.07744205 -0.1393865 1.703669 Tracked 74989852
0.07765908 -0.1386925 1.704326 Tracked 74989883
0.0826194 -0.1287426 1.709137 Tracked 74989916
0.08783101 -0.1107183 1.71428 Tracked 74989949
0.08627227 -0.08740373 1.719545 Tracked 74989987
0.07772946 -0.05268545 1.721009 Tracked 74990022
0.08246116 -0.04359092 1.723673 Tracked 74990056
0.09036591 -0.01719923 1.727827 Tracked 74990087
0.09282228 0.001310094 1.730227 Tracked 74990117
0.09904536 0.03877407 1.734914 Tracked 74990150
0.1019415 0.06306135 1.73812 Tracked 74990183
0.10133 0.09134733 1.740627 Tracked 74990216
0.09951555 0.1150422 1.741796 Tracked 74990250
0.09826314 0.1377482 1.74191 Tracked 74990286
0.09590935 0.1680629 1.743982 Tracked 74990318
0.09385028 0.183425 1.74356 Tracked 74990350
0.09150904 0.2005382 1.745418 Tracked 74990383
0.09082157 0.2089567 1.747301 Tracked 74990416
0.09016226 0.2226126 1.748791 Tracked 74990450
0.08872043 0.2307944 1.750407 Tracked 74990483
0.08682632 0.2356815 1.751451 Tracked 74990516
0.08527976 0.238864 1.752115 Tracked 74990550
0.08365951 0.2415153 1.752622 Tracked 74990583
0.08243391 0.243695 1.752881 Tracked 74990621
0.08245418 0.2444736 1.751914 Tracked 74990654
0.08109922 0.2465494 1.752594 Tracked 74990686
0.07996769 0.2482926 1.753158 Tracked 74990721
0.07913581 0.2488755 1.753276 Tracked 74990750
