-0.01015817 0.4577683 1.835182 Tracked 76160818
-0.01015817 0.4577683 1.835182 Tracked 76160818
-0.01015817 0.4577683 1.835182 Tracked 76160820
-0.01015817 0.4577683 1.835182 Tracked 76160820
-0.01015817 0.4577683 1.835182 Tracked 76160820
-0.01015817 0.4577683 1.835182 Tracked 76160820
-0.01015817 0.4577683 1.835182 Tracked 76160820
-0.01015817 0.4577683 1.835182 Tracked 76160820
-0.01015817 0.4577683 1.835182 Tracked 76160820
-0.01015817 0.4577683 1.835182 Tracked 76160820
-0.01015817 0.4577683 1.835182 Tracked 76160820
-0.01015817 0.4577683 1.835182 Tracked 76160820
-0.01015817 0.4577683 1.835182 Tracked 76160820
-0.01015817 0.4577683 1.835182 Tracked 76160820
-0.01015817 0.4577683 1.835182 Tracked 76160820
-0.01015817 0.4577683 1.835182 Tracked 76160820
-0.01015817 0.4577683 1.835182 Tracked 76160820
-0.01015817 0.4577683 1.835182 Tracked 76160820
-0.01015817 0.4577683 1.835182 Tracked 76160820
-0.01015817 0.4577683 1.835182 Tracked 76160820
-0.01015817 0.4577683 1.835182 Tracked 76160821
-0.01015817 0.4577683 1.835182 Tracked 76160821
-0.01015817 0.4577683 1.835182 Tracked 76160821
-0.01015817 0.4577683 1.835182 Tracked 76160821
-0.01015817 0.4577683 1.835182 Tracked 76160821
-0.01015817 0.4577683 1.835182 Tracked 76160821
-0.01015817 0.4577683 1.835182 Tracked 76160821
-0.01534074 0.4562679 1.831661 Tracked 76160821
-0.01537007 0.4562077 1.831877 Tracked 76160851
-0.01543232 0.4560922 1.832051 Tracked 76160884
-0.01552048 0.45605 1.832217 Tracked 76160919
-0.01554252 0.4560359 1.832434 Tracked 76160951
-0.01549817 0.4559831 1.832546 Tracked 76160984
-0.01546561 0.4559159 1.832743 Tracked 76161019
-0.01546353 0.4558468 1.832839 Tracked 76161052
-0.01548559 0.4558321 1.832902 Tracked 76161084
-0.01542703 0.4558052 1.833049 Tracked 76161118
-0.01542641 0.4557416 1.833073 Tracked 76161151
-0.01535381 0.4556704 1.833094 Tracked 76161184
-0.01529288 0.4555993 1.833242 Tracked 76161219
-0.015286 0.4555399 1.833294 Tracked 76161251
-0.01522456 0.4554796 1.833426 Tracked 76161284
-0.01524718 0.4554514 1.833437 Tracked 76161318
-0.01523677 0.4553715 1.833491 Tracked 76161352
-0.01520863 0.4553231 1.833534 Tracked 76161384
-0.0151751 0.4552916 1.833579 Tracked 76161419
-0.01516684 0.4553204 1.833742 Tracked 76161451
-0.01509173 0.4552824 1.833778 Tracked 76161484
-0.01507622 0.4552743 1.833776 Tracked 76161518
-0.01496059 0.4552572 1.833805 Tracked 76161551
-0.01478503 0.4552573 1.833743 Tracked 76161584
-0.01462788 0.4552495 1.833682 Tracked 76161618
-0.01449188 0.4551685 1.833625 Tracked 76161652
-0.01435797 0.4551174 1.833637 Tracked 76161686
-0.01429153 0.4550781 1.833606 Tracked 76161719
-0.01424119 0.455082 1.833646 Tracked 76161752
-0.01418718 0.455083 1.83365 Tracked 76161784
-0.01413857 0.4550191 1.833569 Tracked 76161819
-0.01409176 0.4549679 1.833548 Tracked 76161851
-0.01404457 0.4549482 1.833557 Tracked 76161885
-0.01395821 0.4549178 1.833533 Tracked 76161919
-0.01378777 0.4547107 1.833255 Tracked 76161952
-0.01376902 0.4547203 1.833254 Tracked 76161985
-0.01372718 0.4547026 1.833171 Tracked 76162020
-0.01368546 0.4546546 1.833135 Tracked 76162054
-0.01371507 0.4546432 1.833114 Tracked 76162086
-0.01371918 0.4546448 1.833067 Tracked 76162119
-0.01374184 0.4546294 1.833001 Tracked 76162152
-0.01389212 0.4546289 1.832825 Tracked 76162184
-0.01397494 0.4546764 1.832806 Tracked 76162219
-0.01408383 0.4547804 1.832598 Tracked 76162251
-0.01446025 0.4549229 1.832351 Tracked 76162284
-0.0148339 0.4552295 1.831944 Tracked 76162319
-0.01547255 0.4557579 1.83111 Tracked 76162353
-0.01620715 0.4561195 1.830127 Tracked 76162386
-0.01776201 0.4566567 1.827858 Tracked 76162418
-0.01982732 0.4568947 1.824638 Tracked 76162452
-0.02156519 0.4562579 1.82116 Tracked 76162485
-0.02380387 0.4533464 1.816009 Tracked 76162520
-0.0284419 0.4464367 1.807808 Tracked 76162552
-0.03287458 0.4348121 1.799941 Tracked 76162585
-0.03670348 0.4174141 1.78983 Tracked 76162619
-0.04134165 0.3924062 1.778246 Tracked 76162651
-0.04549684 0.3623526 1.76871 Tracked 76162685
-0.04717677 0.328329 1.763284 Tracked 76162719
-0.04728261 0.2745889 1.752319 Tracked 76162752
-0.04707754 0.2408166 1.744616 Tracked 76162793
-0.04952084 0.1863142 1.734787 Tracked 76162817
-0.04860358 0.1493013 1.728675 Tracked 76162851
-0.04749198 0.1024682 1.720253 Tracked 76162884
-0.04658799 0.06788574 1.71584 Tracked 76162918
-0.04433697 0.03005959 1.709198 Tracked 76162953
-0.04291684 0.003325295 1.707487 Tracked 76162985
-0.04087372 -0.0259744 1.70498 Tracked 76163018
-0.04121711 -0.03886039 1.702408 Tracked 76163050
-0.03974786 -0.05845924 1.700697 Tracked 76163084
-0.03970731 -0.07090081 1.699855 Tracked 76163119
-0.04005055 -0.08111222 1.697576 Tracked 76163153
-0.03938406 -0.08860452 1.695929 Tracked 76163185
-0.03860258 -0.09614906 1.694665 Tracked 76163217
-0.03744007 -0.1026136 1.692977 Tracked 76163250
-0.03650029 -0.109225 1.691528 Tracked 76163284
-0.03600087 -0.1144139 1.690364 Tracked 76163318
-0.03548697 -0.1191509 1.689636 Tracked 76163352
-0.03541111 -0.1231195 1.689087 Tracked 76163384
-0.03499765 -0.1262929 1.688463 Tracked 76163419
-0.03481486 -0.1288621 1.688167 Tracked 76163451
-0.0346293 -0.1302759 1.688627 Tracked 76163483
-0.03443854 -0.1305323 1.68864 Tracked 76163517
-0.03408948 -0.1304008 1.689045 Tracked 76163551
-0.03307658 -0.1287602 1.690052 Tracked 76163585
-0.03203139 -0.1225671 1.691681 Tracked 76163618
-0.03058379 -0.1125984 1.695005 Tracked 76163651
-0.02949793 -0.0999611 1.699336 Tracked 76163685
-0.03057918 -0.08332068 1.702204 Tracked 76163718
-0.03003038 -0.06557158 1.703496 Tracked 76163751
-0.03037534 -0.04721624 1.706127 Tracked 76163794
-0.02871198 -0.02443634 1.707688 Tracked 76163819
-0.0294239 -0.002354252 1.710286 Tracked 76163852
-0.02920946 0.02205352 1.714206 Tracked 76163884
-0.02928551 0.04620481 1.717955 Tracked 76163917
-0.03034916 0.07431708 1.720999 Tracked 76163951
-0.03064511 0.08568731 1.722533 Tracked 76163984
-0.03173142 0.1380088 1.728863 Tracked 76164018
-0.03218203 0.1533721 1.731606 Tracked 76164051
-0.03192516 0.1845156 1.73634 Tracked 76164084
-0.03204774 0.2151196 1.741153 Tracked 76164118
-0.03173181 0.240044 1.744678 Tracked 76164151
-0.03192332 0.2656208 1.748863 Tracked 76164184
-0.03309557 0.2907812 1.754387 Tracked 76164217
-0.03513808 0.3131496 1.758583 Tracked 76164251
-0.03654166 0.3333642 1.76374 Tracked 76164283
-0.03738866 0.3522512 1.767929 Tracked 76164317
-0.03785751 0.3690104 1.772509 Tracked 76164352
-0.03788526 0.384074 1.777143 Tracked 76164386
-0.03772172 0.3982451 1.782471 Tracked 76164418
-0.03762038 0.4081179 1.78587 Tracked 76164452
-0.03778758 0.4192779 1.791338 Tracked 76164484
-0.03767413 0.426968 1.794459 Tracked 76164519
-0.03813846 0.4355869 1.799712 Tracked 76164552
-0.03817475 0.4413493 1.803307 Tracked 76164586
-0.03898852 0.4469253 1.807625 Tracked 76164619
-0.03855519 0.4510525 1.809241 Tracked 76164653
-0.03897692 0.4547038 1.810988 Tracked 76164684
-0.03871492 0.4569595 1.812428 Tracked 76164718
-0.03888716 0.4591271 1.814575 Tracked 76164751
-0.0391935 0.4603593 1.816155 Tracked 76164785
-0.03991206 0.4615934 1.817878 Tracked 76164819
-0.04003176 0.4619643 1.818748 Tracked 76164851
-0.04027251 0.4622159 1.819737 Tracked 76164884
-0.04057544 0.46244 1.820669 Tracked 76164918
-0.04091721 0.462608 1.821346 Tracked 76164952
-0.04117589 0.462959 1.822106 Tracked 76164986
-0.04144816 0.4631912 1.822861 Tracked 76165020
-0.04176222 0.4634308 1.823474 Tracked 76165052
-0.04192624 0.4635001 1.823812 Tracked 76165084
-0.04224896 0.4636773 1.824176 Tracked 76165117
-0.04258616 0.4636015 1.824317 Tracked 76165151
-0.04297091 0.4636222 1.824389 Tracked 76165184
-0.04321406 0.4637714 1.824348 Tracked 76165218
-0.04341925 0.4637736 1.824231 Tracked 76165251
-0.04364834 0.4638734 1.824099 Tracked 76165284
-0.04409656 0.4634835 1.823213 Tracked 76165317
-0.0446653 0.4627183 1.822034 Tracked 76165352
-0.04584663 0.4601856 1.819643 Tracked 76165384
-0.04740346 0.4558284 1.816034 Tracked 76165419
-0.04874907 0.4477477 1.811349 Tracked 76165451
-0.05034062 0.4384205 1.807126 Tracked 76165484
-0.05158931 0.4266233 1.802635 Tracked 76165518
-0.05242256 0.413949 1.798836 Tracked 76165551
-0.05322295 0.3973914 1.794965 Tracked 76165584
-0.05457246 0.3802095 1.790894 Tracked 76165619
-0.05607592 0.3629306 1.78975 Tracked 76165652
-0.05581157 0.3391166 1.786875 Tracked 76165684
-0.05552638 0.3174122 1.783873 Tracked 76165719
-0.05751148 0.2939322 1.780508 Tracked 76165752
-0.05693161 0.2714534 1.77702 Tracked 76165786
-0.05682177 0.2485992 1.774255 Tracked 76165818
-0.05714361 0.2213101 1.770193 Tracked 76165853
-0.05914677 0.1991253 1.766198 Tracked 76165885
-0.05901162 0.1769927 1.76291 Tracked 76165917
-0.05885429 0.1495905 1.758246 Tracked 76165950
-0.0582716 0.1269268 1.752479 Tracked 76165983
-0.05676562 0.1070445 1.749551 Tracked 76166018
-0.05634674 0.08435805 1.745779 Tracked 76166051
-0.0548789 0.06133652 1.740382 Tracked 76166084
-0.05095591 0.03852288 1.735204 Tracked 76166118
-0.04618697 0.01966854 1.732211 Tracked 76166151
-0.04541047 -0.001147278 1.727782 Tracked 76166184
-0.04359124 -0.01917355 1.724213 Tracked 76166218
-0.04095951 -0.03728074 1.720193 Tracked 76166252
-0.03973399 -0.05393907 1.716511 Tracked 76166283
-0.03749048 -0.0726751 1.713142 Tracked 76166317
-0.03560692 -0.09001215 1.711291 Tracked 76166351
-0.03381836 -0.1058012 1.708367 Tracked 76166384
-0.03266448 -0.122815 1.704643 Tracked 76166418
-0.03413966 -0.1351757 1.702386 Tracked 76166451
-0.03395778 -0.1471933 1.701231 Tracked 76166484
-0.03249818 -0.1618574 1.699418 Tracked 76166518
-0.03253742 -0.1685381 1.697315 Tracked 76166551
-0.03158277 -0.1762531 1.696224 Tracked 76166584
-0.03196393 -0.1818998 1.695905 Tracked 76166618
-0.03143047 -0.1841739 1.695596 Tracked 76166651
-0.02981175 -0.1848831 1.696218 Tracked 76166684
-0.02775258 -0.1816244 1.696958 Tracked 76166717
-0.02219369 -0.1657095 1.700244 Tracked 76166751
-0.01337205 -0.1250765 1.706817 Tracked 76166784
-0.01330587 -0.08742484 1.710931 Tracked 76166819
-0.0136722 -0.03310203 1.717706 Tracked 76166852
-0.01404003 0.01952394 1.722846 Tracked 76166886
-0.01587271 0.07880145 1.728957 Tracked 76166917
-0.01657263 0.1414938 1.738249 Tracked 76166951
-0.01215232 0.2111075 1.747385 Tracked 76166985
-0.01257487 0.2779104 1.76051 Tracked 76167017
-0.01583894 0.3352887 1.770797 Tracked 76167051
-0.01547445 0.3842892 1.780649 Tracked 76167085
-0.01670759 0.4197361 1.789017 Tracked 76167119
-0.01587909 0.4480685 1.79715 Tracked 76167152
-0.01530143 0.4632591 1.801931 Tracked 76167185
-0.01596012 0.4727787 1.802542 Tracked 76167218
-0.016345 0.4783414 1.803736 Tracked 76167251
-0.01649077 0.4796199 1.804489 Tracked 76167285
-0.01663547 0.4800387 1.80513 Tracked 76167318
-0.01650465 0.4802832 1.80687 Tracked 76167351
-0.01699381 0.4806247 1.808497 Tracked 76167384
-0.01706527 0.4808398 1.81042 Tracked 76167418
-0.01801589 0.4811336 1.81279 Tracked 76167450
-0.01859528 0.481149 1.814193 Tracked 76167484
-0.01981855 0.4810421 1.815918 Tracked 76167518
-0.02088028 0.4805556 1.817718 Tracked 76167551
-0.02164153 0.4804677 1.819473 Tracked 76167584
-0.02271659 0.4804072 1.821116 Tracked 76167618
-0.02381101 0.4805002 1.82293 Tracked 76167652
-0.02518095 0.4804932 1.824135 Tracked 76167684
-0.02603038 0.4803697 1.82483 Tracked 76167718
-0.02717846 0.4799406 1.825413 Tracked 76167751
-0.0280296 0.479828 1.826336 Tracked 76167784
-0.02918743 0.4797134 1.82723 Tracked 76167818
-0.03031022 0.4796834 1.828245 Tracked 76167851
-0.03151697 0.4795415 1.828486 Tracked 76167884
-0.03367427 0.4791901 1.82832 Tracked 76167919
-0.03534332 0.4789696 1.827971 Tracked 76167951
-0.03719344 0.4787041 1.827287 Tracked 76167986
-0.03922952 0.4780909 1.825303 Tracked 76168019
-0.0410143 0.4774306 1.823475 Tracked 76168052
-0.04357479 0.4761322 1.820694 Tracked 76168084
-0.04569595 0.4746507 1.817289 Tracked 76168119
-0.04805312 0.4728213 1.81373 Tracked 76168152
-0.05005668 0.4710757 1.810947 Tracked 76168184
-0.05124167 0.4688315 1.808299 Tracked 76168218
-0.05267638 0.465075 1.804447 Tracked 76168251
-0.05438774 0.459905 1.800383 Tracked 76168284
-0.05581598 0.4533205 1.796277 Tracked 76168319
-0.05781486 0.4440062 1.792103 Tracked 76168353
-0.05985771 0.4316516 1.787494 Tracked 76168385
-0.06184287 0.4190825 1.78262 Tracked 76168418
-0.06307327 0.4045092 1.779197 Tracked 76168452
-0.0642542 0.3865503 1.774997 Tracked 76168485
-0.06635638 0.3714156 1.774426 Tracked 76168518
-0.06687315 0.3479798 1.771108 Tracked 76168552
-0.06616315 0.3286743 1.768079 Tracked 76168585
-0.06785064 0.3066837 1.764145 Tracked 76168618
-0.06876221 0.2881968 1.761453 Tracked 76168652
-0.06948411 0.2662163 1.757909 Tracked 76168684
-0.06877617 0.2466304 1.754386 Tracked 76168718
-0.07144334 0.2227984 1.75022 Tracked 76168750
-0.07230838 0.2025025 1.747771 Tracked 76168785
-0.07243358 0.1833957 1.745129 Tracked 76168826
-0.0724328 0.1650763 1.742877 Tracked 76168851
-0.07130826 0.1450351 1.740441 Tracked 76168883
-0.07047675 0.1277768 1.738205 Tracked 76168918
-0.07023872 0.1105906 1.735296 Tracked 76168950
-0.06997011 0.09434816 1.732139 Tracked 76168985
-0.06990479 0.07805803 1.730774 Tracked 76169017
-0.07010467 0.06268601 1.728686 Tracked 76169051
-0.06823961 0.04671834 1.726442 Tracked 76169084
-0.06697657 0.03285419 1.724626 Tracked 76169119
-0.06372776 0.0159187 1.721644 Tracked 76169153
-0.06162688 0.002079043 1.718946 Tracked 76169186
-0.05951887 -0.0112914 1.716954 Tracked 76169218
-0.05735905 -0.02725922 1.714293 Tracked 76169250
-0.05502858 -0.04170117 1.711386 Tracked 76169282
-0.0522532 -0.05864231 1.709006 Tracked 76169317
-0.05046043 -0.07273651 1.70787 Tracked 76169350
-0.04883736 -0.08687825 1.706885 Tracked 76169383
-0.04720294 -0.1004257 1.705889 Tracked 76169417
-0.0460195 -0.1140791 1.703585 Tracked 76169450
-0.04545027 -0.1274896 1.701777 Tracked 76169484
-0.04629745 -0.1399416 1.700724 Tracked 76169517
-0.04722956 -0.1500078 1.699973 Tracked 76169552
-0.04828802 -0.1596344 1.698757 Tracked 76169584
-0.04906255 -0.168564 1.697919 Tracked 76169618
-0.05014843 -0.1753215 1.697652 Tracked 76169650
-0.05005738 -0.1800403 1.698272 Tracked 76169683
-0.05025269 -0.1823401 1.69879 Tracked 76169718
-0.05004355 -0.1827003 1.699188 Tracked 76169751
-0.04958703 -0.1820776 1.700124 Tracked 76169784
-0.04821023 -0.1746896 1.70427 Tracked 76169819
-0.04512625 -0.1529955 1.711412 Tracked 76169850
-0.04107931 -0.1238047 1.718398 Tracked 76169883
-0.04156349 -0.08355441 1.725065 Tracked 76169917
-0.0423206 -0.04272341 1.727926 Tracked 76169951
-0.04303735 0.0123203 1.734012 Tracked 76169984
-0.04371538 0.06537096 1.738655 Tracked 76170018
-0.05020092 0.1292576 1.751721 Tracked 76170051
-0.04921809 0.1940064 1.762038 Tracked 76170084
-0.04798615 0.258071 1.77355 Tracked 76170118
-0.04860023 0.314427 1.782019 Tracked 76170151
-0.05056006 0.3669192 1.787724 Tracked 76170184
-0.05047728 0.4077833 1.795456 Tracked 76170218
-0.0497766 0.4408012 1.80233 Tracked 76170251
-0.0507681 0.4616085 1.809113 Tracked 76170284
-0.0503022 0.4713578 1.811308 Tracked 76170318
-0.05048964 0.4777088 1.813149 Tracked 76170351
-0.05035766 0.478534 1.814045 Tracked 76170384
-0.05006316 0.4788465 1.815926 Tracked 76170419
-0.04949313 0.4786498 1.817837 Tracked 76170451
-0.04891286 0.47917 1.82079 Tracked 76170484
-0.04889112 0.4797014 1.82392 Tracked 76170518
-0.04897328 0.4797578 1.82579 Tracked 76170551
-0.04886019 0.4796329 1.82735 Tracked 76170584
-0.04906156 0.4794983 1.82869 Tracked 76170619
-0.04944378 0.4792417 1.829877 Tracked 76170651
-0.04978107 0.4790301 1.830573 Tracked 76170684
-0.05039032 0.4790892 1.831412 Tracked 76170718
-0.05096341 0.4789997 1.832297 Tracked 76170751
-0.05123599 0.4788997 1.832598 Tracked 76170784
-0.05167576 0.4789055 1.832814 Tracked 76170817
-0.05210669 0.4787788 1.833016 Tracked 76170851
-0.05272638 0.4788012 1.8334 Tracked 76170884
-0.05305946 0.4788468 1.833602 Tracked 76170918
-0.05356281 0.4789619 1.833953 Tracked 76170951
-0.05423401 0.4789051 1.833842 Tracked 76170985
-0.05482702 0.4786328 1.833286 Tracked 76171018
-0.05619914 0.4780104 1.831914 Tracked 76171054
-0.05699415 0.4771547 1.83043 Tracked 76171085
-0.05808285 0.4754837 1.827539 Tracked 76171118
-0.05909275 0.4738093 1.825322 Tracked 76171152
-0.06011176 0.4709436 1.821916 Tracked 76171185
-0.06157002 0.4671659 1.816912 Tracked 76171219
-0.06290548 0.463081 1.811749 Tracked 76171251
-0.06418778 0.4592839 1.807372 Tracked 76171285
-0.06663641 0.4538877 1.800754 Tracked 76171319
-0.06793251 0.447868 1.795703 Tracked 76171352
-0.07021008 0.4401182 1.789456 Tracked 76171385
-0.07193493 0.4292284 1.782086 Tracked 76171419
-0.07370947 0.416005 1.775495 Tracked 76171452
-0.07581195 0.4016309 1.769434 Tracked 76171484
-0.07761372 0.3825045 1.764989 Tracked 76171518
-0.07849192 0.3623106 1.760999 Tracked 76171552
-0.08010202 0.333437 1.75813 Tracked 76171585
-0.07957533 0.3105508 1.754197 Tracked 76171619
-0.08153991 0.281893 1.749559 Tracked 76171662
-0.0811666 0.2554948 1.74556 Tracked 76171692
-0.08192399 0.2292345 1.741986 Tracked 76171719
-0.08401506 0.1985579 1.737512 Tracked 76171752
-0.08772456 0.1747094 1.734247 Tracked 76171785
-0.08935177 0.1661424 1.705508 Tracked 76171819
-0.08951241 0.1565321 1.70136 Tracked 76171852
-0.09205201 0.119399 1.688549 Tracked 76171894
-0.09315235 0.1022635 1.684168 Tracked 76171926
-0.09228498 0.0765596 1.678441 Tracked 76171952
-0.09371151 0.05646168 1.674119 Tracked 76171985
-0.09230074 0.03388272 1.669508 Tracked 76172017
-0.09118074 0.01351471 1.664623 Tracked 76172050
-0.0896488 -0.002249357 1.662665 Tracked 76172084
-0.08954362 -0.02058048 1.660058 Tracked 76172118
-0.08869754 -0.0378677 1.656291 Tracked 76172151
-0.08878163 -0.05647009 1.652438 Tracked 76172184
-0.08736429 -0.07147841 1.649438 Tracked 76172219
-0.08639782 -0.08796222 1.646205 Tracked 76172251
-0.08615247 -0.1010347 1.644369 Tracked 76172284
-0.08644303 -0.1123509 1.641969 Tracked 76172318
-0.08575132 -0.1257937 1.640449 Tracked 76172352
-0.08483485 -0.1349257 1.63915 Tracked 76172385
-0.08503237 -0.1437302 1.638164 Tracked 76172425
-0.08379451 -0.1536808 1.636343 Tracked 76172460
-0.08250058 -0.1605424 1.635468 Tracked 76172494
-0.0813612 -0.1657461 1.634378 Tracked 76172527
-0.07975116 -0.1706691 1.633824 Tracked 76172556
-0.07876724 -0.1738832 1.633948 Tracked 76172584
-0.0773895 -0.1764353 1.634479 Tracked 76172618
-0.07620288 -0.1779424 1.634678 Tracked 76172651
-0.07550653 -0.1790701 1.635043 Tracked 76172684
-0.07433986 -0.1798156 1.635821 Tracked 76172718
-0.0735844 -0.1799118 1.636686 Tracked 76172752
-0.07269406 -0.1788888 1.63781 Tracked 76172785
-0.07164712 -0.1759105 1.639607 Tracked 76172818
-0.07013448 -0.1680524 1.643274 Tracked 76172852
-0.06610546 -0.1515522 1.648751 Tracked 76172893
-0.06190343 -0.1325849 1.654504 Tracked 76172918
-0.06020502 -0.1090203 1.658493 Tracked 76172951
-0.05635978 -0.07854091 1.663728 Tracked 76172985
-0.05173264 -0.0788459 1.700353 Tracked 76173018
-0.05196668 -0.05427256 1.706754 Tracked 76173051
-0.05654562 -0.001601449 1.712347 Tracked 76173085
-0.05704945 0.0355817 1.717674 Tracked 76173123
-0.06019422 0.08899256 1.723722 Tracked 76173153
-0.05989575 0.1453911 1.73004 Tracked 76173185
-0.0602379 0.2001816 1.740639 Tracked 76173218
-0.05849121 0.2598325 1.748112 Tracked 76173252
-0.06039334 0.3148384 1.760054 Tracked 76173286
-0.05982237 0.3627061 1.768439 Tracked 76173318
-0.05948409 0.3982497 1.777831 Tracked 76173352
-0.05884579 0.4261454 1.784523 Tracked 76173385
-0.0585427 0.4417189 1.791324 Tracked 76173418
-0.05745026 0.4506056 1.79494 Tracked 76173452
-0.05613837 0.456387 1.796571 Tracked 76173485
-0.05542777 0.4582065 1.797936 Tracked 76173518
-0.05473813 0.4601833 1.799942 Tracked 76173551
-0.05371039 0.4629047 1.803354 Tracked 76173584
-0.05291367 0.4644296 1.805656 Tracked 76173618
-0.05260225 0.4657143 1.807286 Tracked 76173652
-0.05255544 0.4665887 1.808284 Tracked 76173684
-0.05262987 0.4670655 1.808783 Tracked 76173719
-0.05267358 0.4676821 1.809523 Tracked 76173751
-0.05301432 0.4683947 1.810602 Tracked 76173784
-0.05320213 0.4687891 1.812007 Tracked 76173818
-0.05381196 0.4692045 1.813414 Tracked 76173851
-0.05409031 0.4691437 1.815064 Tracked 76173884
-0.05533591 0.468867 1.818159 Tracked 76173918
-0.05708596 0.4686297 1.822309 Tracked 76173951
-0.05700203 0.4685683 1.822454 Tracked 76173984
-0.05780328 0.4677616 1.830709 Tracked 76174018
-0.05851088 0.4673108 1.835644 Tracked 76174051
-0.05813425 0.4672888 1.835279 Tracked 76174084
-0.05798852 0.4672697 1.83518 Tracked 76174118
-0.05794828 0.4672612 1.835138 Tracked 76174151
-0.06067679 0.4683298 1.843574 Tracked 76174184
-0.06139112 0.4683906 1.845843 Tracked 76174217
-0.06128755 0.4683092 1.845733 Tracked 76174251
-0.06153952 0.4682593 1.847301 Tracked 76174284
-0.06156444 0.4681394 1.84919 Tracked 76174317
-0.06076105 0.4680792 1.850156 Tracked 76174351
-0.06005913 0.4679572 1.851519 Tracked 76174384
-0.05902655 0.4672743 1.85266 Tracked 76174417
-0.0584543 0.4665468 1.853613 Tracked 76174450
-0.0579341 0.4658447 1.854173 Tracked 76174484
-0.05730823 0.4650523 1.854961 Tracked 76174517
-0.05663324 0.4642224 1.855795 Tracked 76174550
-0.05618986 0.4635455 1.856218 Tracked 76174584
-0.05580072 0.4628621 1.856803 Tracked 76174617
-0.05538021 0.4624757 1.857401 Tracked 76174651
-0.05487044 0.4618755 1.857968 Tracked 76174684
-0.05418517 0.4613639 1.858322 Tracked 76174718
-0.05374486 0.4611631 1.858553 Tracked 76174751
-0.0532389 0.4610769 1.858765 Tracked 76174784
-0.05267992 0.4608898 1.858974 Tracked 76174818
-0.05231826 0.4607263 1.859128 Tracked 76174851
-0.05197606 0.4605799 1.859101 Tracked 76174883
-0.05153066 0.4604619 1.859276 Tracked 76174918
-0.0511703 0.460221 1.859275 Tracked 76174951
-0.05084898 0.4601314 1.859042 Tracked 76174990
-0.05043122 0.4599695 1.858444 Tracked 76175024
-0.04980344 0.4598257 1.85741 Tracked 76175054
-0.04949562 0.4599607 1.85556 Tracked 76175085
-0.04921348 0.4600888 1.85394 Tracked 76175119
-0.0483503 0.4599403 1.849534 Tracked 76175151
-0.04796793 0.4594565 1.843764 Tracked 76175184
-0.04728769 0.4584794 1.836234 Tracked 76175218
-0.04704484 0.4571314 1.829925 Tracked 76175252
-0.04734474 0.4542199 1.819436 Tracked 76175284
-0.04827652 0.4513811 1.810206 Tracked 76175318
-0.04811095 0.4447992 1.796054 Tracked 76175351
-0.04919177 0.4377435 1.781806 Tracked 76175385
-0.04986888 0.4276535 1.76748 Tracked 76175418
-0.04825638 0.4152194 1.754468 Tracked 76175452
-0.04676875 0.3994244 1.740313 Tracked 76175484
-0.04556091 0.3788917 1.727447 Tracked 76175518
-0.046614 0.3543945 1.712223 Tracked 76175550
-0.04818238 0.3319408 1.69989 Tracked 76175584
-0.04395818 0.3191952 1.663322 Tracked 76175618
-0.03908619 0.289251 1.64699 Tracked 76175651
-0.03920493 0.2649512 1.633893 Tracked 76175683
-0.04054878 0.2265715 1.618222 Tracked 76175718
-0.04337957 0.1933099 1.608656 Tracked 76175751
-0.04578345 0.150861 1.599302 Tracked 76175785
-0.04517492 0.1199313 1.593954 Tracked 76175818
-0.04517188 0.06530744 1.582939 Tracked 76175852
-0.03264776 0.03424164 1.581578 Tracked 76175885
-0.06430074 0.004122016 1.576091 Tracked 76175919
-0.0723273 -0.01728168 1.576102 Tracked 76175960
-0.07790639 -0.05567073 1.573063 Tracked 76175984
-0.08330514 -0.05793782 1.574301 Tracked 76176018
-0.09151144 -0.09029751 1.566112 Tracked 76176051
-0.09128131 -0.1129098 1.564493 Tracked 76176085
-0.03748421 -0.1946246 1.573221 Tracked 76176119
-0.05782556 -0.09474139 1.583939 Tracked 76176152
0.0004683024 -0.0968136 1.586378 Tracked 76176185
0.001010478 -0.09730711 1.586238 Tracked 76176219
0.01835573 -0.2034919 1.56352 Tracked 76176252
-0.1780694 -0.2355708 1.659425 Tracked 76176284
-0.02149108 -0.1789257 1.582705 Tracked 76176320
-0.01924714 -0.1702562 1.586357 Tracked 76176352
-0.01592185 -0.1480123 1.586132 Tracked 76176384
0.01200719 -0.1013084 1.583482 Tracked 76176419
0.013862 -0.07080853 1.593081 Tracked 76176452
0.002275354 -0.03498104 1.598753 Tracked 76176484
0.004284075 0.02162678 1.611523 Tracked 76176519
-0.03684735 0.06685514 1.626337 Tracked 76176552
-0.03850641 0.1145478 1.647656 Tracked 76176584
-0.03850554 0.1490919 1.658535 Tracked 76176619
-0.03417227 0.2114781 1.684801 Tracked 76176651
-0.03376336 0.2466841 1.698533 Tracked 76176685
-0.03531485 0.2834555 1.714513 Tracked 76176718
-0.03794556 0.2967194 1.763977 Tracked 76176752
-0.03880211 0.3164026 1.770157 Tracked 76176785
-0.04168291 0.357789 1.788559 Tracked 76176818
-0.04057178 0.3679404 1.798018 Tracked 76176851
-0.04035106 0.3888661 1.815287 Tracked 76176884
-0.03994615 0.4035267 1.829506 Tracked 76176918
-0.03895295 0.4137022 1.841965 Tracked 76176959
-0.04011313 0.4211836 1.855006 Tracked 76176984
-0.04002678 0.4264112 1.862043 Tracked 76177018
-0.03916904 0.4333988 1.871323 Tracked 76177051
-0.03832814 0.4376439 1.87965 Tracked 76177083
-0.03802374 0.4405196 1.88582 Tracked 76177118
-0.03770109 0.4422178 1.892228 Tracked 76177152
-0.0374211 0.4428908 1.897364 Tracked 76177184
-0.03752478 0.4431159 1.901169 Tracked 76177218
-0.03767195 0.4431593 1.903713 Tracked 76177250
-0.03794422 0.4434148 1.905543 Tracked 76177284
-0.03828714 0.4437955 1.907269 Tracked 76177318
-0.03859312 0.4438257 1.90835 Tracked 76177351
-0.03892363 0.4439127 1.908984 Tracked 76177388
-0.03908918 0.4439549 1.909183 Tracked 76177418
-0.03915751 0.4439791 1.909215 Tracked 76177451
-0.03935152 0.4441094 1.909157 Tracked 76177484
-0.03944937 0.4441933 1.908778 Tracked 76177518
-0.03950337 0.4445213 1.90831 Tracked 76177551
-0.03947438 0.4453022 1.905756 Tracked 76177585
-0.03974137 0.4469603 1.902875 Tracked 76177618
-0.04017848 0.4484306 1.897717 Tracked 76177652
-0.04048864 0.4504707 1.892322 Tracked 76177686
-0.04117988 0.4518184 1.882865 Tracked 76177725
-0.04128048 0.4517056 1.872411 Tracked 76177761
-0.04287287 0.4501013 1.859985 Tracked 76177787
-0.04463683 0.442903 1.840286 Tracked 76177818
-0.04624429 0.4340114 1.821296 Tracked 76177851
-0.04673604 0.4192022 1.800393 Tracked 76177883
-0.04764858 0.4018581 1.783415 Tracked 76177918
-0.04864103 0.3741998 1.76511 Tracked 76177951
-0.05146246 0.3438974 1.749826 Tracked 76177984
-0.05188581 0.3111346 1.737385 Tracked 76178017
-0.04218122 0.2872075 1.687294 Tracked 76178051
-0.04449762 0.2714529 1.681148 Tracked 76178084
-0.04412445 0.2595448 1.676148 Tracked 76178118
-0.04947306 0.1877814 1.649246 Tracked 76178151
-0.05010381 0.1596568 1.642056 Tracked 76178184
-0.04913803 0.1193133 1.631073 Tracked 76178217
-0.0451397 0.06807197 1.619117 Tracked 76178250
-0.04714628 0.04582131 1.616388 Tracked 76178282
-0.06932096 0.00843972 1.607443 Tracked 76178318
-0.06536979 -0.02380561 1.603526 Tracked 76178351
-0.06666982 -0.06752209 1.596835 Tracked 76178384
-0.06893364 -0.07670591 1.596153 Tracked 76178418
-0.07264745 -0.1086801 1.597308 Tracked 76178451
-0.07903793 -0.1251698 1.595372 Tracked 76178484
-0.08560844 -0.1208128 1.593084 Tracked 76178518
-0.08917319 -0.1279807 1.593386 Tracked 76178552
-0.08955307 -0.1284271 1.592821 Tracked 76178586
-0.09040165 -0.1302374 1.591859 Tracked 76178627
-0.09181 -0.1321239 1.591769 Tracked 76178657
-0.09191907 -0.1324412 1.591785 Tracked 76178685
-0.09212883 -0.1323922 1.59202 Tracked 76178718
-0.09283017 -0.1306495 1.591681 Tracked 76178751
-0.09276773 -0.1183007 1.591633 Tracked 76178784
-0.09351514 -0.09246171 1.594944 Tracked 76178818
-0.0885447 -0.0767384 1.596605 Tracked 76178850
-0.08026189 -0.04270919 1.601353 Tracked 76178884
-0.04782499 0.003311867 1.611212 Tracked 76178918
-0.03944192 0.05741232 1.625949 Tracked 76178950
-0.04233352 0.09692899 1.633703 Tracked 76178984
-0.04330073 0.1607522 1.655607 Tracked 76179019
-0.0401585 0.2014842 1.668467 Tracked 76179054
-0.04149083 0.246072 1.681532 Tracked 76179088
-0.04018986 0.279399 1.694034 Tracked 76179119
-0.04338678 0.2951459 1.742433 Tracked 76179154
-0.04521176 0.3160263 1.746312 Tracked 76179188
-0.04743506 0.3548465 1.759177 Tracked 76179221
-0.04704272 0.3668921 1.766198 Tracked 76179254
-0.04772992 0.3867807 1.776876 Tracked 76179288
-0.04546848 0.4015006 1.786906 Tracked 76179318
-0.04448005 0.4118316 1.795736 Tracked 76179351
-0.04323368 0.4209591 1.80443 Tracked 76179384
-0.04235418 0.4258187 1.808878 Tracked 76179418
-0.0411026 0.4315141 1.814241 Tracked 76179451
-0.03995254 0.4361973 1.82001 Tracked 76179482
-0.03933494 0.4385374 1.824586 Tracked 76179517
-0.03838218 0.4396927 1.827841 Tracked 76179551
-0.03750205 0.4402001 1.829676 Tracked 76179584
-0.03724722 0.4408386 1.830701 Tracked 76179618
-0.0361349 0.4420911 1.832437 Tracked 76179657
-0.03584137 0.4429469 1.833173 Tracked 76179691
-0.03559538 0.4436736 1.833564 Tracked 76179721
-0.03538921 0.4440982 1.833813 Tracked 76179751
-0.03535464 0.4443886 1.833703 Tracked 76179786
-0.03519063 0.4448933 1.833681 Tracked 76179820
-0.03504444 0.4456171 1.833232 Tracked 76179857
-0.03487406 0.4466532 1.832009 Tracked 76179891
-0.03454474 0.4480335 1.828469 Tracked 76179926
-0.03482441 0.4493643 1.824997 Tracked 76179962
-0.035705 0.4510754 1.819106 Tracked 76179987
-0.03678801 0.4517082 1.808136 Tracked 76180018
-0.03797622 0.4491513 1.795068 Tracked 76180051
-0.03837621 0.4430636 1.778951 Tracked 76180084
-0.03857115 0.4336829 1.762729 Tracked 76180119
-0.03758492 0.4159591 1.744446 Tracked 76180154
-0.03660564 0.3956279 1.730197 Tracked 76180186
-0.03521478 0.364406 1.713176 Tracked 76180219
-0.03556966 0.3375359 1.700167 Tracked 76180252
-0.03487387 0.3042868 1.689905 Tracked 76180286
-0.03285678 0.2536017 1.677927 Tracked 76180319
-0.03119384 0.2496341 1.663665 Tracked 76180353
-0.03065962 0.221912 1.645859 Tracked 76180386
-0.03370265 0.1888885 1.635655 Tracked 76180418
-0.03642144 0.1556744 1.627557 Tracked 76180451
-0.03866591 0.1223176 1.620402 Tracked 76180484
-0.03698834 0.07918688 1.608827 Tracked 76180517
-0.04072783 0.05704147 1.605018 Tracked 76180551
-0.04544087 0.02609566 1.599954 Tracked 76180583
-0.0463162 -0.003318336 1.59698 Tracked 76180618
-0.04841764 -0.04533163 1.590728 Tracked 76180650
-0.05999696 -0.06063167 1.586387 Tracked 76180684
-0.06637174 -0.08482862 1.588001 Tracked 76180718
-0.07231328 -0.09480939 1.587968 Tracked 76180751
-0.07496144 -0.106169 1.586836 Tracked 76180784
-0.07072689 -0.1334715 1.585818 Tracked 76180818
-0.07289879 -0.133495 1.583961 Tracked 76180858
-0.07408815 -0.1338932 1.583241 Tracked 76180891
-0.07581527 -0.134054 1.582523 Tracked 76180922
-0.08084269 -0.1294296 1.582471 Tracked 76180954
-0.08323275 -0.1247349 1.582457 Tracked 76180989
-0.08502347 -0.1156743 1.583367 Tracked 76181020
-0.08710798 -0.09963311 1.586874 Tracked 76181051
-0.08194496 -0.08371222 1.589928 Tracked 76181084
-0.03195915 -0.04678639 1.598228 Tracked 76181118
-0.03295075 -0.02237783 1.605495 Tracked 76181152
-0.0355904 0.02511838 1.613866 Tracked 76181184
-0.03207509 0.07389969 1.62766 Tracked 76181218
-0.03252346 0.1120961 1.63723 Tracked 76181251
-0.03540547 0.1688824 1.653524 Tracked 76181284
-0.03101681 0.2103118 1.663913 Tracked 76181317
-0.03127141 0.2313363 1.705173 Tracked 76181351
-0.0298731 0.2645324 1.71384 Tracked 76181384
-0.029879 0.303252 1.727034 Tracked 76181417
-0.03126355 0.3263936 1.73148 Tracked 76181450
-0.03249429 0.3689162 1.748688 Tracked 76181484
-0.03199247 0.3758209 1.753484 Tracked 76181518
-0.03146465 0.3948639 1.766131 Tracked 76181552
-0.03075849 0.4081722 1.775368 Tracked 76181584
-0.02986762 0.4200998 1.784931 Tracked 76181618
-0.0287907 0.4295058 1.795068 Tracked 76181651
-0.02823858 0.4338908 1.798251 Tracked 76181684
-0.02748453 0.4420089 1.805213 Tracked 76181718
-0.02631578 0.4464324 1.810805 Tracked 76181751
-0.02634994 0.4486889 1.814832 Tracked 76181785
-0.02647786 0.4505709 1.819966 Tracked 76181818
-0.02642889 0.451156 1.823545 Tracked 76181850
-0.0264411 0.4516513 1.827324 Tracked 76181883
-0.0264744 0.4517802 1.829111 Tracked 76181918
-0.02644889 0.4519578 1.830487 Tracked 76181951
-0.02674295 0.4520915 1.831932 Tracked 76181984
-0.02693744 0.4521922 1.833135 Tracked 76182017
-0.02695998 0.4523318 1.834511 Tracked 76182051
-0.02685289 0.4523673 1.835217 Tracked 76182084
-0.02683096 0.4525142 1.836072 Tracked 76182118
-0.02678854 0.4525106 1.836154 Tracked 76182151
-0.0267118 0.4525371 1.835194 Tracked 76182184
-0.02670609 0.452655 1.834583 Tracked 76182218
-0.02642597 0.4527594 1.833612 Tracked 76182250
-0.02665132 0.4531385 1.830663 Tracked 76182284
-0.02714239 0.4535253 1.823668 Tracked 76182318
-0.02789351 0.45325 1.814097 Tracked 76182350
-0.02914831 0.4511495 1.802554 Tracked 76182384
-0.03038182 0.4457731 1.788833 Tracked 76182418
-0.03213296 0.4364364 1.770369 Tracked 76182459
-0.03317465 0.4236346 1.755166 Tracked 76182495
-0.0335037 0.4015682 1.736858 Tracked 76182522
-0.03241582 0.3782966 1.723279 Tracked 76182553
-0.03438557 0.3427275 1.707843 Tracked 76182586
-0.03672964 0.3177648 1.699973 Tracked 76182620
-0.02912356 0.2884408 1.654618 Tracked 76182653
-0.03088744 0.2730339 1.64842 Tracked 76182687
-0.03119216 0.2239815 1.629867 Tracked 76182720
-0.03383164 0.1985822 1.622757 Tracked 76182753
-0.0391752 0.150954 1.609709 Tracked 76182786
-0.03966213 0.1242194 1.605422 Tracked 76182818
-0.03802843 0.0692821 1.589497 Tracked 76182852
-0.0407959 0.04190845 1.584918 Tracked 76182886
-0.02656993 0.002985029 1.582828 Tracked 76182920
-0.06121963 -0.03732167 1.57386 Tracked 76182952
-0.06372118 -0.0590291 1.571913 Tracked 76182986
-0.06503474 -0.08989416 1.57439 Tracked 76183020
-0.06762537 -0.09683773 1.573887 Tracked 76183053
-0.06895325 -0.1365894 1.568086 Tracked 76183086
-0.0843462 -0.1247057 1.566536 Tracked 76183121
-0.09243184 -0.1163712 1.566264 Tracked 76183153
-0.07080275 -0.1557531 1.560597 Tracked 76183187
-0.0687739 -0.1634346 1.561288 Tracked 76183219
-0.06940316 -0.1569931 1.56243 Tracked 76183253
-0.07339573 -0.1481811 1.56293 Tracked 76183286
-0.07401139 -0.147328 1.56408 Tracked 76183320
-0.07167638 -0.1428155 1.567141 Tracked 76183352
-0.07321355 -0.126005 1.57654 Tracked 76183385
-0.06870036 -0.1058437 1.577563 Tracked 76183420
-0.06724208 -0.07351824 1.578838 Tracked 76183453
-0.03284009 -0.01809714 1.593649 Tracked 76183486
-0.03506767 0.005923267 1.595922 Tracked 76183520
-0.03782875 0.06666584 1.608578 Tracked 76183553
-0.04046819 0.09818301 1.616829 Tracked 76183585
-0.03539333 0.1524765 1.63344 Tracked 76183618
-0.03484225 0.1885702 1.644587 Tracked 76183651
-0.03579728 0.2332417 1.656617 Tracked 76183684
-0.03587534 0.2677129 1.670095 Tracked 76183719
-0.03690445 0.2790789 1.722386 Tracked 76183754
-0.03892972 0.2990698 1.726562 Tracked 76183786
-0.04263858 0.343449 1.741994 Tracked 76183819
-0.04195839 0.3527367 1.747022 Tracked 76183852
-0.04113023 0.3737787 1.757905 Tracked 76183885
-0.04182242 0.3895433 1.768997 Tracked 76183919
-0.04229752 0.4021072 1.778396 Tracked 76183961
-0.04255937 0.4122227 1.7875 Tracked 76183990
-0.04192395 0.4167308 1.790047 Tracked 76184018
-0.04160829 0.4264412 1.796265 Tracked 76184050
-0.04160213 0.4309719 1.800328 Tracked 76184083
-0.04146014 0.4336526 1.803866 Tracked 76184118
-0.04138308 0.4356012 1.807154 Tracked 76184150
-0.04065787 0.4368892 1.810518 Tracked 76184184
-0.04010069 0.4375413 1.812114 Tracked 76184217
-0.04029594 0.438371 1.813925 Tracked 76184250
-0.04013924 0.43888 1.814985 Tracked 76184284
-0.04008531 0.4396361 1.816546 Tracked 76184318
-0.04006939 0.440016 1.817243 Tracked 76184350
-0.03993531 0.4403211 1.817669 Tracked 76184384
-0.03988092 0.4404055 1.817716 Tracked 76184418
-0.03984042 0.440509 1.817761 Tracked 76184450
-0.03985865 0.4406191 1.817642 Tracked 76184484
-0.03978656 0.4408246 1.817217 Tracked 76184517
-0.03957203 0.4410973 1.816265 Tracked 76184551
-0.03992341 0.441543 1.81331 Tracked 76184584
-0.0399804 0.441939 1.808724 Tracked 76184617
-0.03976925 0.4417317 1.800186 Tracked 76184651
-0.04031839 0.4392785 1.787872 Tracked 76184684
-0.04124947 0.4335769 1.775367 Tracked 76184718
-0.04177285 0.4238673 1.760087 Tracked 76184751
-0.04167357 0.4083195 1.743582 Tracked 76184784
-0.04118292 0.3861047 1.727777 Tracked 76184818
-0.04191988 0.3544175 1.711124 Tracked 76184850
-0.04439962 0.3182521 1.696444 Tracked 76184884
-0.03910114 0.301139 1.659341 Tracked 76184918
-0.03768535 0.2540807 1.640096 Tracked 76184951
-0.03760383 0.2327642 1.632791 Tracked 76184984
-0.0402592 0.1801995 1.618542 Tracked 76185025
-0.04319634 0.1467161 1.614947 Tracked 76185051
-0.04609663 0.0959188 1.602953 Tracked 76185083
-0.04401063 0.0515734 1.595221 Tracked 76185118
-0.04790926 0.0259629 1.591998 Tracked 76185151
-0.0698365 -0.01843239 1.580271 Tracked 76185184
-0.07139227 -0.05626266 1.580163 Tracked 76185218
-0.07312194 -0.07912824 1.57717 Tracked 76185250
-0.07320062 -0.1138211 1.580086 Tracked 76185284
-0.06809206 -0.1374591 1.581095 Tracked 76185317
-0.06722619 -0.1562643 1.583463 Tracked 76185350
-0.07213204 -0.1587018 1.581294 Tracked 76185384
-0.07457498 -0.1719698 1.57621 Tracked 76185417
-0.07285818 -0.1781665 1.573877 Tracked 76185450
0.03238212 -0.1834577 1.572501 Tracked 76185484
0.0308328 -0.1834721 1.571827 Tracked 76185518
0.02832747 -0.1807328 1.572043 Tracked 76185551
0.022592 -0.1731704 1.570864 Tracked 76185584
0.01610723 -0.1599419 1.574026 Tracked 76185618
0.0008117771 -0.1315481 1.580022 Tracked 76185651
-0.003829314 -0.1033794 1.584934 Tracked 76185684
-0.004284183 -0.05462423 1.585575 Tracked 76185718
-0.04528598 -0.0143821 1.593633 Tracked 76185751
-0.04642613 0.01930973 1.600684 Tracked 76185784
-0.0431455 0.07653246 1.610824 Tracked 76185819
-0.04047089 0.1128325 1.620449 Tracked 76185857
-0.04034463 0.156582 1.630094 Tracked 76185888
-0.03974089 0.1953417 1.639598 Tracked 76185920
-0.04029152 0.2376331 1.651179 Tracked 76185953
-0.03912167 0.2711117 1.660472 Tracked 76185987
-0.04489077 0.2845572 1.705131 Tracked 76186020
-0.04466949 0.3046913 1.708515 Tracked 76186053
-0.04562214 0.3504281 1.723622 Tracked 76186084
-0.04483426 0.3592484 1.728567 Tracked 76186120
-0.04339768 0.3803526 1.737575 Tracked 76186154
-0.04295404 0.3962352 1.746773 Tracked 76186187
-0.04221085 0.4076712 1.755424 Tracked 76186221
-0.04150416 0.4167147 1.76212 Tracked 76186254
-0.04101874 0.422224 1.766186 Tracked 76186287
-0.04030212 0.4306326 1.772284 Tracked 76186318
-0.04026739 0.4352179 1.776619 Tracked 76186353
-0.04038471 0.4374271 1.779657 Tracked 76186387
-0.04019 0.4388009 1.782986 Tracked 76186420
-0.04026194 0.439199 1.784711 Tracked 76186453
-0.04010613 0.4404364 1.787541 Tracked 76186488
-0.04045848 0.4415518 1.788869 Tracked 76186518
-0.04043548 0.442154 1.789496 Tracked 76186551
-0.04033983 0.4427024 1.790082 Tracked 76186583
-0.04041423 0.4429766 1.79011 Tracked 76186618
-0.04044902 0.443152 1.790087 Tracked 76186651
-0.04047596 0.4431985 1.789905 Tracked 76186684
-0.04075799 0.4435194 1.788911 Tracked 76186717
-0.04112851 0.4438112 1.787007 Tracked 76186751
-0.04227771 0.4438254 1.783444 Tracked 76186784
-0.04356284 0.4442194 1.777249 Tracked 76186819
-0.04440455 0.4433885 1.770355 Tracked 76186851
-0.04555132 0.4413499 1.76086 Tracked 76186884
-0.04629729 0.4363504 1.748368 Tracked 76186918
-0.04615759 0.4273616 1.735277 Tracked 76186951
-0.04605421 0.4136354 1.72196 Tracked 76186984
-0.0448631 0.3905869 1.707027 Tracked 76187018
-0.04448856 0.3644837 1.695572 Tracked 76187058
-0.04460182 0.3492223 1.644375 Tracked 76187083
-0.04390802 0.3298337 1.63912 Tracked 76187118
-0.03926197 0.2744933 1.617948 Tracked 76187150
-0.04152854 0.2584356 1.612232 Tracked 76187184
-0.04231573 0.2267571 1.604496 Tracked 76187218
-0.04909094 0.1679913 1.593945 Tracked 76187252
-0.05083558 0.1298166 1.585419 Tracked 76187284
-0.04239796 0.07728749 1.575669 Tracked 76187323
-0.03533492 0.04817241 1.57146 Tracked 76187353
-0.07964269 0.0005196257 1.556515 Tracked 76187385
-0.08474065 -0.02338468 1.554483 Tracked 76187420
-0.0903853 -0.05414613 1.55707 Tracked 76187455
-0.09445322 -0.07131443 1.55441 Tracked 76187489
-0.1006372 -0.07155884 1.552881 Tracked 76187522
-0.1054215 -0.0824643 1.550491 Tracked 76187555
-0.1092564 -0.1232313 1.546314 Tracked 76187585
-0.1089182 -0.1407316 1.543634 Tracked 76187618
0.01680426 -0.1941469 1.542609 Tracked 76187655
0.01466278 -0.1988642 1.54379 Tracked 76187691
0.01576524 -0.1990789 1.544107 Tracked 76187721
-0.1032391 -0.2021863 1.529007 Tracked 76187755
0.03833595 -0.1334433 1.547125 Tracked 76187785
-0.007934572 -0.2045732 1.552342 Tracked 76187818
-0.007353975 -0.2022837 1.553277 Tracked 76187851
-0.006366964 -0.1930497 1.552325 Tracked 76187884
-0.003721474 -0.1778716 1.551163 Tracked 76187918
-0.0004704751 -0.1539843 1.553303 Tracked 76187951
0.003150063 -0.1184106 1.552216 Tracked 76187985
0.009903658 -0.06921452 1.562399 Tracked 76188018
0.01156554 -0.03351852 1.566465 Tracked 76188051
-0.009031071 0.0009842007 1.571132 Tracked 76188084
-0.03369199 0.06485499 1.591698 Tracked 76188118
-0.03503905 0.1013938 1.602035 Tracked 76188151
-0.04161722 0.1579615 1.618394 Tracked 76188182
-0.03848371 0.1939962 1.626991 Tracked 76188218
-0.03815834 0.2418093 1.64136 Tracked 76188251
-0.0377681 0.2714865 1.650602 Tracked 76188284
-0.04162557 0.2879263 1.687561 Tracked 76188317
-0.04290369 0.3164528 1.696683 Tracked 76188351
-0.04166491 0.3488165 1.712949 Tracked 76188384
-0.04112717 0.3619398 1.718716 Tracked 76188418
-0.03941432 0.3839382 1.730801 Tracked 76188452
-0.0378409 0.3955491 1.737643 Tracked 76188484
-0.03697802 0.4095021 1.74799 Tracked 76188518
-0.03621674 0.4182476 1.755589 Tracked 76188550
-0.03619782 0.422898 1.758968 Tracked 76188584
-0.03617541 0.4314988 1.765589 Tracked 76188617
-0.03672945 0.4354159 1.770223 Tracked 76188651
-0.03679864 0.437358 1.77364 Tracked 76188684
-0.03684273 0.4391785 1.777554 Tracked 76188718
-0.03636665 0.4399896 1.78041 Tracked 76188751
-0.03572886 0.4409135 1.783033 Tracked 76188784
-0.03543321 0.4416381 1.785098 Tracked 76188818
-0.03505961 0.4419928 1.786526 Tracked 76188851
-0.03416868 0.4422432 1.788244 Tracked 76188884
-0.03397249 0.4424362 1.789168 Tracked 76188918
-0.03358785 0.4425247 1.789893 Tracked 76188951
-0.03343261 0.4426033 1.79041 Tracked 76188983
-0.03339086 0.4426008 1.790499 Tracked 76189017
-0.0333648 0.4426295 1.79052 Tracked 76189051
-0.03345914 0.442558 1.78999 Tracked 76189082
-0.03337876 0.4423673 1.788954 Tracked 76189122
-0.03393625 0.4417667 1.785514 Tracked 76189156
-0.03470035 0.4397173 1.777594 Tracked 76189187
-0.03579429 0.4359919 1.767969 Tracked 76189218
-0.03705075 0.4289361 1.756018 Tracked 76189251
-0.03606088 0.4184014 1.744149 Tracked 76189283
-0.03639878 0.398651 1.728644 Tracked 76189318
-0.03589046 0.3754099 1.714045 Tracked 76189350
-0.03222554 0.3610088 1.665307 Tracked 76189384
-0.03414074 0.3408616 1.659764 Tracked 76189419
-0.03064519 0.2869928 1.639473 Tracked 76189455
-0.0315383 0.2705976 1.633335 Tracked 76189485
-0.03446312 0.219135 1.619081 Tracked 76189518
-0.03346418 0.1853277 1.610853 Tracked 76189550
-0.04000594 0.1343682 1.598781 Tracked 76189584
-0.03380905 0.09633707 1.589786 Tracked 76189618
-0.0317734 0.05496854 1.585461 Tracked 76189652
-0.03897199 0.02092323 1.579796 Tracked 76189684
-0.05416939 -0.0032077 1.57494 Tracked 76189718
-0.05509309 -0.03855839 1.573703 Tracked 76189751
-0.06023066 -0.05738027 1.572143 Tracked 76189784
-0.06010419 -0.08109587 1.576813 Tracked 76189818
-0.06063036 -0.09779183 1.573173 Tracked 76189852
-0.06402285 -0.1063664 1.572564 Tracked 76189884
-0.06793883 -0.114724 1.575103 Tracked 76189918
-0.0703897 -0.1149432 1.572948 Tracked 76189951
-0.0710467 -0.1147977 1.572568 Tracked 76189984
-0.07158171 -0.1143184 1.572895 Tracked 76190018
-0.07160018 -0.1119791 1.573977 Tracked 76190051
-0.07130496 -0.1083309 1.575676 Tracked 76190084
-0.07052634 -0.09949286 1.575663 Tracked 76190118
-0.08235709 -0.04706665 1.580657 Tracked 76190151
-0.08413097 -0.03150382 1.584491 Tracked 76190184
-0.08407024 -0.0013503 1.590832 Tracked 76190218
-0.04122291 0.02324314 1.602081 Tracked 76190251
-0.03787775 0.05038502 1.609765 Tracked 76190284
-0.03823275 0.09301593 1.616743 Tracked 76190318
-0.03708215 0.1286981 1.629328 Tracked 76190350
-0.03528897 0.1763561 1.642416 Tracked 76190384
-0.03305622 0.2075627 1.650733 Tracked 76190418
-0.03251515 0.2474488 1.66192 Tracked 76190452
-0.03233909 0.2775662 1.672924 Tracked 76190484
