-0.3404786 0.2464086 1.883873 Tracked 68927225
-0.3414746 0.2109666 1.881177 Tracked 68927258
-0.3451069 0.1741413 1.874236 Tracked 68927293
-0.3446769 0.1536673 1.872915 Tracked 68927326
-0.3448427 0.1268354 1.872763 Tracked 68927358
-0.346076 0.1110582 1.873565 Tracked 68927392
-0.3477362 0.09915712 1.873665 Tracked 68927425
-0.3485849 0.09322475 1.874194 Tracked 68927458
-0.3497021 0.09042161 1.874427 Tracked 68927492
-0.3512964 0.0891578 1.875125 Tracked 68927525
-0.3530554 0.09058296 1.875785 Tracked 68927558
-0.3560126 0.1019454 1.878791 Tracked 68927592
-0.3606142 0.1277248 1.88394 Tracked 68927625
-0.3632323 0.1511519 1.890397 Tracked 68927658
-0.3603322 0.1870103 1.897016 Tracked 68927692
-0.3570547 0.2153066 1.903318 Tracked 68927726
-0.3437566 0.266966 1.912173 Tracked 68927758
-0.3364676 0.3016851 1.918691 Tracked 68927792
-0.3218973 0.3513316 1.925578 Tracked 68927825
-0.3146782 0.3713601 1.93186 Tracked 68927857
-0.2925243 0.4156019 1.944773 Tracked 68927892
-0.2779756 0.441165 1.952531 Tracked 68927925
-0.2585265 0.4622425 1.961606 Tracked 68927959
-0.2340882 0.4835545 1.971208 Tracked 68927992
-0.2190591 0.4935657 1.977355 Tracked 68928025
-0.2017603 0.5034429 1.984079 Tracked 68928077
-0.189141 0.5087308 1.98928 Tracked 68928092
-0.1773612 0.5130281 1.992568 Tracked 68928125
-0.1652952 0.5165411 1.99707 Tracked 68928159
-0.1564083 0.5180374 1.999735 Tracked 68928192
-0.1508228 0.5184982 2.00113 Tracked 68928227
-0.1453708 0.5190542 2.002201 Tracked 68928259
-0.1401189 0.5194082 2.003723 Tracked 68928292
-0.137606 0.519662 2.00398 Tracked 68928325
-0.1360832 0.5197029 2.00432 Tracked 68928357
-0.1351659 0.5197801 2.003952 Tracked 68928392
-0.1352807 0.5199246 2.003738 Tracked 68928425
-0.1366928 0.5200307 2.002232 Tracked 68928458
-0.1428425 0.5200925 1.99731 Tracked 68928492
-0.1520846 0.5191641 1.99141 Tracked 68928526
-0.1663228 0.5164112 1.98404 Tracked 68928558
-0.1665928 0.5160413 1.984462 Tracked 68928592
-0.2148096 0.4934521 1.955435 Tracked 68928626
-0.2270229 0.4837147 1.946004 Tracked 68928659
-0.2562779 0.4558406 1.930898 Tracked 68928692
-0.2753598 0.4251885 1.917924 Tracked 68928725
-0.2967396 0.3758743 1.90046 Tracked 68928758
-0.311201 0.3377259 1.890983 Tracked 68928792
-0.3224917 0.2970701 1.878478 Tracked 68928824
-0.3313591 0.2587619 1.867157 Tracked 68928858
-0.33896 0.2053895 1.862661 Tracked 68928892
-0.339998 0.1831584 1.857489 Tracked 68928926
-0.3409292 0.1488015 1.852566 Tracked 68928958
-0.337347 0.1241255 1.853274 Tracked 68928992
-0.3332155 0.1013402 1.853505 Tracked 68929025
-0.3300785 0.08255586 1.856836 Tracked 68929058
-0.3297684 0.06864294 1.859706 Tracked 68929091
-0.3288456 0.05929905 1.86255 Tracked 68929126
-0.3283978 0.05420843 1.864623 Tracked 68929159
-0.3286808 0.05324007 1.865437 Tracked 68929192
-0.3289738 0.05371792 1.866155 Tracked 68929226
-0.3293534 0.06052785 1.868144 Tracked 68929258
-0.3316864 0.08057098 1.869499 Tracked 68929292
-0.3332017 0.1044006 1.874868 Tracked 68929325
-0.3339677 0.1399891 1.877269 Tracked 68929358
-0.3355533 0.1666177 1.88201 Tracked 68929392
-0.3320265 0.2056772 1.889706 Tracked 68929425
-0.3272922 0.2416938 1.897959 Tracked 68929459
-0.3174264 0.2900701 1.908768 Tracked 68929492
-0.3080193 0.3269654 1.916631 Tracked 68929525
-0.2998928 0.3575063 1.923392 Tracked 68929559
-0.2813304 0.3966193 1.935851 Tracked 68929593
-0.2815746 0.3967589 1.935764 Tracked 68929625
-0.2490435 0.4568003 1.96013 Tracked 68929658
-0.2362668 0.4677371 1.9652 Tracked 68929692
-0.2154284 0.4854192 1.974493 Tracked 68929726
-0.2097568 0.4894693 1.977392 Tracked 68929758
-0.1850451 0.5039755 1.989166 Tracked 68929793
-0.1786244 0.507103 1.992159 Tracked 68929824
-0.1732358 0.5088798 1.994129 Tracked 68929857
-0.1625662 0.5115319 1.996942 Tracked 68929892
-0.1530103 0.5134556 1.999377 Tracked 68929924
-0.1463934 0.5147445 2.001094 Tracked 68929957
-0.1406954 0.5156097 2.001974 Tracked 68929992
-0.1370353 0.5161471 2.002874 Tracked 68930025
-0.135307 0.5164336 2.002717 Tracked 68930058
-0.1345459 0.5165833 2.00226 Tracked 68930096
-0.1343526 0.516679 2.001854 Tracked 68930125
-0.1352836 0.5162739 1.999489 Tracked 68930157
-0.1391998 0.5155343 1.995201 Tracked 68930192
-0.1471024 0.5131797 1.987962 Tracked 68930225
-0.1566928 0.5113078 1.986737 Tracked 68930257
-0.1820142 0.4978833 1.964624 Tracked 68930291
-0.1957477 0.487257 1.95361 Tracked 68930325
-0.2171848 0.4666162 1.940248 Tracked 68930357
-0.2248506 0.4569939 1.935416 Tracked 68930391
-0.2617173 0.4021996 1.911231 Tracked 68930425
-0.2768021 0.3699133 1.899873 Tracked 68930457
-0.2993972 0.3240458 1.885425 Tracked 68930492
-0.3054239 0.3017694 1.877743 Tracked 68930525
-0.3195477 0.25149 1.861586 Tracked 68930558
-0.3263998 0.2150867 1.857833 Tracked 68930592
-0.3296596 0.1831617 1.853059 Tracked 68930627
-0.3314218 0.1514704 1.849407 Tracked 68930658
-0.3281717 0.1210446 1.849536 Tracked 68930692
-0.3298038 0.09590135 1.850474 Tracked 68930725
-0.3307569 0.07782304 1.854094 Tracked 68930757
-0.3305805 0.06520725 1.854717 Tracked 68930792
-0.3307097 0.05488844 1.854092 Tracked 68930825
-0.3308105 0.0489235 1.852775 Tracked 68930858
-0.3312305 0.04698895 1.852766 Tracked 68930892
-0.3317651 0.04683209 1.852904 Tracked 68930925
-0.333272 0.04910612 1.852475 Tracked 68930958
-0.3354706 0.05934482 1.851413 Tracked 68930992
-0.3386641 0.07844663 1.849911 Tracked 68931025
-0.3407198 0.09959109 1.85161 Tracked 68931058
-0.3389837 0.1291874 1.850521 Tracked 68931096
-0.3382158 0.1574022 1.851437 Tracked 68931125
-0.3382199 0.1850797 1.855127 Tracked 68931157
-0.3337132 0.220094 1.860575 Tracked 68931192
-0.3241382 0.2554628 1.867207 Tracked 68931227
-0.3084977 0.2979302 1.876154 Tracked 68931259
-0.2989334 0.3255202 1.879017 Tracked 68931292
-0.2798974 0.366818 1.88889 Tracked 68931325
-0.2709347 0.3880291 1.898284 Tracked 68931358
-0.244409 0.4288854 1.913576 Tracked 68931392
-0.2301112 0.4491116 1.920949 Tracked 68931425
-0.209272 0.4719242 1.931436 Tracked 68931458
-0.1909334 0.487566 1.941853 Tracked 68931492
-0.1902944 0.4880096 1.942122 Tracked 68931525
-0.1493324 0.5100309 1.965955 Tracked 68931558
-0.1458242 0.5114168 1.967408 Tracked 68931592
-0.136604 0.5128283 1.971105 Tracked 68931625
-0.1284121 0.5138847 1.976233 Tracked 68931657
-0.1215624 0.514497 1.981098 Tracked 68931692
-0.1171276 0.5146272 1.984082 Tracked 68931724
-0.1149248 0.5149077 1.985659 Tracked 68931758
-0.1130505 0.5152918 1.986864 Tracked 68931792
-0.1119326 0.5155197 1.98747 Tracked 68931825
-0.1117225 0.5157421 1.98766 Tracked 68931859
-0.1117166 0.5158671 1.987745 Tracked 68931893
-0.1123805 0.5160799 1.987525 Tracked 68931925
-0.1148506 0.5165606 1.986204 Tracked 68931958
-0.1201366 0.5169414 1.982761 Tracked 68931993
-0.1286025 0.5169137 1.978487 Tracked 68932025
-0.1430348 0.5154614 1.971356 Tracked 68932057
-0.1584282 0.5135446 1.964885 Tracked 68932093
-0.1802588 0.5067244 1.956447 Tracked 68932124
-0.1981744 0.4989338 1.945128 Tracked 68932158
-0.2219209 0.4826066 1.933258 Tracked 68932192
-0.2471994 0.4624792 1.923593 Tracked 68932226
-0.2665318 0.4393496 1.912948 Tracked 68932259
-0.2900376 0.4023782 1.899828 Tracked 68932293
-0.3054248 0.3680443 1.889498 Tracked 68932326
-0.3193745 0.3381529 1.879649 Tracked 68932357
-0.3344555 0.2957618 1.870742 Tracked 68932392
-0.346952 0.2534421 1.862815 Tracked 68932425
-0.3503101 0.2161628 1.858466 Tracked 68932458
-0.3522204 0.1762711 1.850289 Tracked 68932492
-0.352435 0.143342 1.847757 Tracked 68932526
-0.3492633 0.1148133 1.849185 Tracked 68932558
-0.3468598 0.09513894 1.848743 Tracked 68932592
-0.3432767 0.07167658 1.853934 Tracked 68932625
-0.3427761 0.06211106 1.854756 Tracked 68932658
-0.3419242 0.05407505 1.854362 Tracked 68932692
-0.3413091 0.05126362 1.85429 Tracked 68932724
-0.3415056 0.0510077 1.854411 Tracked 68932757
-0.3414487 0.05178789 1.854582 Tracked 68932793
-0.3411584 0.06263544 1.853664 Tracked 68932825
-0.3405354 0.08018016 1.853506 Tracked 68932858
-0.3403954 0.1056541 1.85217 Tracked 68932892
-0.3380765 0.1318478 1.852192 Tracked 68932924
-0.3388984 0.1538729 1.853105 Tracked 68932957
-0.3396463 0.1834032 1.855141 Tracked 68932992
-0.3355315 0.2132949 1.859661 Tracked 68933025
-0.3258257 0.2495372 1.865235 Tracked 68933057
-0.3150544 0.2831365 1.871652 Tracked 68933096
-0.2978277 0.323905 1.878945 Tracked 68933125
-0.2912589 0.346804 1.884079 Tracked 68933159
-0.2683521 0.3883179 1.895706 Tracked 68933192
-0.260388 0.4093943 1.904521 Tracked 68933224
-0.2386554 0.4418412 1.916404 Tracked 68933258
-0.2236961 0.4586186 1.923503 Tracked 68933292
-0.2014839 0.4809508 1.934323 Tracked 68933324
-0.201204 0.4810687 1.934427 Tracked 68933358
-0.1924915 0.4871306 1.938921 Tracked 68933392
-0.1855247 0.4912913 1.941844 Tracked 68933424
-0.1401437 0.5147166 1.96378 Tracked 68933458
-0.1377485 0.5157402 1.965017 Tracked 68933493
-0.131786 0.5178282 1.967788 Tracked 68933525
-0.1266605 0.519235 1.969739 Tracked 68933558
-0.1204089 0.5202575 1.972309 Tracked 68933592
-0.1167015 0.5211619 1.973187 Tracked 68933625
-0.1147102 0.5213199 1.973464 Tracked 68933658
-0.1138217 0.5213053 1.97337 Tracked 68933692
-0.1131829 0.5211846 1.972557 Tracked 68933725
-0.1134656 0.5208079 1.971197 Tracked 68933758
-0.1166845 0.5196325 1.96683 Tracked 68933792
-0.1231026 0.5175513 1.961066 Tracked 68933825
-0.1331613 0.514719 1.955025 Tracked 68933857
-0.1475265 0.5101786 1.946587 Tracked 68933892
-0.1640785 0.5039703 1.938557 Tracked 68933925
-0.1830733 0.4965514 1.928953 Tracked 68933958
-0.2072613 0.4810374 1.91698 Tracked 68933993
-0.2330842 0.4617125 1.903208 Tracked 68934025
-0.2553983 0.4384167 1.895591 Tracked 68934058
-0.2795279 0.4026597 1.888052 Tracked 68934093
-0.3002754 0.3689258 1.876395 Tracked 68934128
-0.3148379 0.3426866 1.864584 Tracked 68934158
-0.3340625 0.3012027 1.853549 Tracked 68934193
-0.3488613 0.2531261 1.841465 Tracked 68934226
-0.3528554 0.2292804 1.837517 Tracked 68934257
-0.36044 0.1751631 1.829789 Tracked 68934291
-0.3619159 0.1521841 1.827013 Tracked 68934324
-0.3654597 0.1080015 1.82644 Tracked 68934357
-0.3660299 0.08838981 1.827579 Tracked 68934391
-0.3661999 0.07004718 1.827896 Tracked 68934425
-0.3669215 0.05709133 1.827651 Tracked 68934457
-0.3670684 0.04779551 1.826352 Tracked 68934493
-0.3663399 0.04433565 1.824951 Tracked 68934527
-0.3655054 0.04102262 1.8233 Tracked 68934559
-0.364975 0.04079812 1.822903 Tracked 68934592
-0.3641512 0.04154783 1.82315 Tracked 68934625
-0.3606713 0.04868531 1.82239 Tracked 68934658
-0.3563635 0.06557962 1.823796 Tracked 68934692
-0.3532977 0.08667184 1.822961 Tracked 68934724
-0.3488176 0.1173889 1.822186 Tracked 68934758
-0.3459299 0.1472206 1.822068 Tracked 68934792
-0.3405207 0.1828055 1.826812 Tracked 68934825
-0.3330917 0.2165126 1.830833 Tracked 68934859
-0.3214947 0.2555182 1.837771 Tracked 68934892
-0.3064522 0.2947016 1.843637 Tracked 68934924
-0.2949364 0.3225608 1.851188 Tracked 68934957
-0.2755492 0.3599541 1.863022 Tracked 68934991
-0.2631466 0.377503 1.870658 Tracked 68935025
-0.2470937 0.4063201 1.881806 Tracked 68935058
-0.2313555 0.4291455 1.888775 Tracked 68935092
-0.2117721 0.4472969 1.897625 Tracked 68935125
-0.2110087 0.4483535 1.898107 Tracked 68935161
-0.1739446 0.4793664 1.918507 Tracked 68935192
-0.1727857 0.4798841 1.919053 Tracked 68935225
-0.1699401 0.4811175 1.920265 Tracked 68935259
-0.1487662 0.4895203 1.931517 Tracked 68935292
-0.141965 0.4917117 1.934542 Tracked 68935325
-0.1361561 0.4938432 1.938604 Tracked 68935357
-0.1326476 0.4946567 1.940957 Tracked 68935392
-0.1304592 0.4951915 1.942424 Tracked 68935425
-0.1295539 0.495686 1.943651 Tracked 68935458
-0.1294625 0.4957625 1.943784 Tracked 68935492
-0.1300094 0.4957091 1.943636 Tracked 68935525
-0.1337001 0.4952337 1.942416 Tracked 68935558
-0.1350158 0.495046 1.941788 Tracked 68935592
-0.1393142 0.4937598 1.939425 Tracked 68935625
-0.1829138 0.4788582 1.918022 Tracked 68935660
-0.1851733 0.4771479 1.917356 Tracked 68935692
-0.2259628 0.4488565 1.899857 Tracked 68935725
-0.2296689 0.4445908 1.897946 Tracked 68935758
-0.265151 0.3914873 1.88158 Tracked 68935791
-0.2804752 0.3660985 1.867129 Tracked 68935825
-0.2957178 0.3322628 1.852919 Tracked 68935857
-0.3013614 0.3218292 1.849485 Tracked 68935892
-0.3292138 0.2528335 1.834485 Tracked 68935924
-0.3316086 0.229363 1.830366 Tracked 68935957
-0.335655 0.179188 1.820149 Tracked 68935992
-0.3369289 0.1592621 1.82096 Tracked 68936024
-0.3394792 0.1234238 1.823288 Tracked 68936057
-0.341367 0.09955852 1.824411 Tracked 68936093
-0.3419066 0.08451993 1.826788 Tracked 68936146
-0.3418503 0.06659391 1.827915 Tracked 68936161
-0.3428086 0.05635091 1.827097 Tracked 68936192
-0.3438196 0.05031898 1.82659 Tracked 68936225
-0.3445671 0.04668885 1.826394 Tracked 68936258
-0.3449349 0.04561223 1.826543 Tracked 68936292
-0.345371 0.04574292 1.826692 Tracked 68936325
-0.3466262 0.05126143 1.827159 Tracked 68936358
-0.3492393 0.06686948 1.825543 Tracked 68936395
-0.3495845 0.0898961 1.827401 Tracked 68936426
-0.3489834 0.1140685 1.829741 Tracked 68936458
-0.346747 0.1418659 1.827796 Tracked 68936492
-0.3439811 0.1734556 1.833828 Tracked 68936526
-0.3387816 0.2053133 1.841537 Tracked 68936557
-0.3294551 0.2398769 1.846129 Tracked 68936591
-0.3183075 0.2778327 1.855756 Tracked 68936626
-0.3009707 0.3168422 1.863054 Tracked 68936659
-0.2923382 0.3387108 1.8662 Tracked 68936692
-0.2700278 0.3768487 1.879597 Tracked 68936725
-0.2583376 0.3948464 1.889056 Tracked 68936757
-0.2412652 0.4222943 1.900586 Tracked 68936791
-0.2345055 0.4297827 1.90363 Tracked 68936824
-0.1979371 0.4632142 1.922355 Tracked 68936858
-0.187135 0.4707921 1.926708 Tracked 68936892
-0.1710442 0.4810196 1.93667 Tracked 68936925
-0.1652035 0.4842632 1.939603 Tracked 68936959
-0.1449533 0.4931004 1.949482 Tracked 68936992
-0.1394829 0.4945002 1.952469 Tracked 68937025
-0.1312767 0.4960285 1.956542 Tracked 68937058
-0.1255932 0.4969196 1.959282 Tracked 68937092
-0.1236443 0.4973206 1.96046 Tracked 68937126
-0.1199779 0.4974743 1.962255 Tracked 68937158
-0.1183235 0.4974853 1.963126 Tracked 68937192
-0.1182783 0.4975206 1.96318 Tracked 68937225
-0.1183627 0.4975351 1.963209 Tracked 68937257
-0.1188926 0.4975651 1.963189 Tracked 68937292
-0.1253379 0.4966002 1.96151 Tracked 68937326
-0.1368477 0.4940706 1.957824 Tracked 68937359
-0.1521678 0.4898948 1.951107 Tracked 68937393
-0.1713819 0.481811 1.943007 Tracked 68937426
-0.1932117 0.466485 1.931794 Tracked 68937458
-0.2159268 0.448956 1.920578 Tracked 68937492
-0.2381426 0.4239716 1.908962 Tracked 68937525
-0.2452999 0.4121904 1.905819 Tracked 68937558
-0.280258 0.3492516 1.881157 Tracked 68937592
-0.290995 0.3243724 1.871569 Tracked 68937625
-0.3085372 0.275708 1.856752 Tracked 68937658
-0.3219418 0.2338718 1.853174 Tracked 68937693
-0.3241597 0.1983027 1.843604 Tracked 68937725
-0.3280364 0.1628981 1.834649 Tracked 68937758
-0.3278367 0.1302661 1.837442 Tracked 68937792
-0.3266582 0.1026018 1.837142 Tracked 68937825
-0.327594 0.08018564 1.840684 Tracked 68937857
-0.3278745 0.06114107 1.842728 Tracked 68937891
-0.3284465 0.04967664 1.841437 Tracked 68937925
-0.3283761 0.03990117 1.841806 Tracked 68937958
-0.3289606 0.03635137 1.842008 Tracked 68937992
-0.3291913 0.03535783 1.841539 Tracked 68938025
-0.3292385 0.03554897 1.841504 Tracked 68938057
-0.3291158 0.03955338 1.841765 Tracked 68938092
-0.3291471 0.05468322 1.841985 Tracked 68938125
-0.3293591 0.07770581 1.840456 Tracked 68938162
-0.3258939 0.1034569 1.840557 Tracked 68938192
-0.3244529 0.1320325 1.841115 Tracked 68938225
-0.322428 0.1653816 1.842714 Tracked 68938257
-0.3212622 0.1965359 1.846697 Tracked 68938291
-0.3134565 0.2295754 1.849731 Tracked 68938325
-0.3034423 0.2653534 1.85765 Tracked 68938359
-0.285484 0.3059061 1.869457 Tracked 68938392
-0.2748727 0.3282155 1.874318 Tracked 68938425
-0.2579725 0.3601479 1.885092 Tracked 68938458
-0.241608 0.3862596 1.892718 Tracked 68938492
-0.2372319 0.3949146 1.894713 Tracked 68938525
-0.2038377 0.4435012 1.909885 Tracked 68938558
-0.1936266 0.4531933 1.912765 Tracked 68938593
-0.191999 0.4546396 1.913334 Tracked 68938625
-0.1519446 0.4843326 1.932713 Tracked 68938658
-0.1461233 0.4876173 1.934574 Tracked 68938692
-0.1331865 0.4934913 1.94014 Tracked 68938725
-0.1234264 0.4961804 1.94385 Tracked 68938759
-0.1139167 0.498424 1.94723 Tracked 68938793
-0.1088424 0.4996399 1.948526 Tracked 68938825
-0.1038229 0.5011672 1.950263 Tracked 68938857
-0.1014157 0.5016736 1.95106 Tracked 68938892
-0.1003718 0.5017825 1.951326 Tracked 68938925
-0.1000288 0.5019284 1.95134 Tracked 68938958
-0.1000167 0.5019418 1.951285 Tracked 68938992
-0.1008549 0.502016 1.951161 Tracked 68939025
-0.1055599 0.5012688 1.949301 Tracked 68939059
-0.1167496 0.4991089 1.945982 Tracked 68939091
-0.1312852 0.4956946 1.939373 Tracked 68939125
-0.1481041 0.4903814 1.932451 Tracked 68939157
-0.1674541 0.4815274 1.923765 Tracked 68939191
-0.1882237 0.4684208 1.914296 Tracked 68939225
-0.2128088 0.4477423 1.902912 Tracked 68939258
-0.2140666 0.4455256 1.902595 Tracked 68939293
-0.2609846 0.3808222 1.879806 Tracked 68939326
-0.2746099 0.3534228 1.868034 Tracked 68939358
-0.2749249 0.3529754 1.868088 Tracked 68939392
-0.3113109 0.2778988 1.847764 Tracked 68939425
-0.3239308 0.243492 1.842791 Tracked 68939458
-0.3278446 0.2055323 1.837573 Tracked 68939492
-0.3331895 0.1728259 1.831416 Tracked 68939525
-0.3337064 0.1365521 1.831654 Tracked 68939558
-0.3349751 0.1067495 1.832289 Tracked 68939593
-0.3357047 0.0793685 1.83577 Tracked 68939626
-0.3360865 0.06098326 1.837025 Tracked 68939658
-0.3371426 0.04545778 1.836979 Tracked 68939692
-0.3391701 0.03132344 1.837636 Tracked 68939725
-0.339692 0.02510739 1.83906 Tracked 68939758
-0.3400184 0.02298805 1.840037 Tracked 68939792
-0.3404475 0.02324353 1.84029 Tracked 68939825
-0.3418353 0.02924768 1.842838 Tracked 68939858
-0.3435717 0.04476761 1.848059 Tracked 68939892
-0.3447015 0.07067184 1.849396 Tracked 68939925
-0.3430091 0.0967839 1.851462 Tracked 68939958
-0.3396402 0.1267206 1.852928 Tracked 68939993
-0.3354406 0.1645947 1.856424 Tracked 68940027
-0.335179 0.1949649 1.860247 Tracked 68940058
-0.3265008 0.2366175 1.868272 Tracked 68940092
-0.3129229 0.2710694 1.875508 Tracked 68940125
-0.2943097 0.3128864 1.883649 Tracked 68940158
-0.2836484 0.3379458 1.888316 Tracked 68940194
-0.2595095 0.3750495 1.905607 Tracked 68940225
-0.2461338 0.3936929 1.911319 Tracked 68940257
-0.2236865 0.4207183 1.921102 Tracked 68940291
-0.2017926 0.4460238 1.928931 Tracked 68940325
-0.1808738 0.4632454 1.936052 Tracked 68940358
-0.1614018 0.4772561 1.943051 Tracked 68940392
-0.1447606 0.4848412 1.949703 Tracked 68940425
-0.1274728 0.4918223 1.956851 Tracked 68940458
-0.1157513 0.4952179 1.961891 Tracked 68940493
-0.1020551 0.4984329 1.966056 Tracked 68940526
-0.09275599 0.499142 1.969005 Tracked 68940557
-0.08307692 0.5000247 1.97218 Tracked 68940591
-0.07527797 0.5013992 1.975555 Tracked 68940625
-0.06991934 0.5014774 1.977388 Tracked 68940657
-0.06472402 0.5020372 1.979177 Tracked 68940692
-0.06227528 0.5023066 1.980147 Tracked 68940725
-0.06041512 0.5022447 1.981028 Tracked 68940757
-0.05981272 0.5024155 1.98178 Tracked 68940793
-0.05972953 0.5024768 1.981851 Tracked 68940825
-0.06065159 0.5024514 1.981458 Tracked 68940858
-0.06410804 0.5024443 1.980491 Tracked 68940893
-0.07361986 0.501711 1.977614 Tracked 68940925
-0.09003628 0.4987854 1.970814 Tracked 68940958
-0.1069982 0.493885 1.963876 Tracked 68940991
-0.1103539 0.4924255 1.962142 Tracked 68941025
-0.1587478 0.4638831 1.937856 Tracked 68941058
-0.1725451 0.4517307 1.932384 Tracked 68941092
-0.2033904 0.4231839 1.922722 Tracked 68941125
-0.2241483 0.3908085 1.913639 Tracked 68941158
-0.2450746 0.3614251 1.902443 Tracked 68941194
-0.2640606 0.3350011 1.894715 Tracked 68941226
-0.2852433 0.2991648 1.883209 Tracked 68941258
-0.3048862 0.2562217 1.874214 Tracked 68941292
-0.3130049 0.2293949 1.873073 Tracked 68941325
-0.3234177 0.1882569 1.865852 Tracked 68941358
-0.3293998 0.1563238 1.864597 Tracked 68941392
-0.3310549 0.1336461 1.86526 Tracked 68941425
-0.3377768 0.1009732 1.864046 Tracked 68941458
-0.3402781 0.08735129 1.862923 Tracked 68941492
-0.3440726 0.07452814 1.861948 Tracked 68941525
-0.3468334 0.06434891 1.861586 Tracked 68941558
-0.3479137 0.0578125 1.860432 Tracked 68941593
