-0.0105579 -0.1174431 1.804651 Tracked 76160818
-0.0105579 -0.1174431 1.804651 Tracked 76160818
-0.0105579 -0.1174431 1.804651 Tracked 76160820
-0.0105579 -0.1174431 1.804651 Tracked 76160820
-0.0105579 -0.1174431 1.804651 Tracked 76160820
-0.0105579 -0.1174431 1.804651 Tracked 76160820
-0.0105579 -0.1174431 1.804651 Tracked 76160820
-0.0105579 -0.1174431 1.804651 Tracked 76160820
-0.0105579 -0.1174431 1.804651 Tracked 76160820
-0.0105579 -0.1174431 1.804651 Tracked 76160820
-0.0105579 -0.1174431 1.804651 Tracked 76160820
-0.0105579 -0.1174431 1.804651 Tracked 76160820
-0.0105579 -0.1174431 1.804651 Tracked 76160820
-0.0105579 -0.1174431 1.804651 Tracked 76160820
-0.0105579 -0.1174431 1.804651 Tracked 76160820
-0.0105579 -0.1174431 1.804651 Tracked 76160820
-0.0105579 -0.1174431 1.804651 Tracked 76160820
-0.0105579 -0.1174431 1.804651 Tracked 76160820
-0.0105579 -0.1174431 1.804651 Tracked 76160820
-0.0105579 -0.1174431 1.804651 Tracked 76160820
-0.0105579 -0.1174431 1.804651 Tracked 76160821
-0.0105579 -0.1174431 1.804651 Tracked 76160821
-0.0105579 -0.1174431 1.804651 Tracked 76160821
-0.0105579 -0.1174431 1.804651 Tracked 76160821
-0.0105579 -0.1174431 1.804651 Tracked 76160821
-0.0105579 -0.1174431 1.804651 Tracked 76160821
-0.0105579 -0.1174431 1.804651 Tracked 76160821
-0.0129374 -0.1195277 1.802956 Tracked 76160821
-0.01299184 -0.119519 1.802987 Tracked 76160851
-0.01304324 -0.1195255 1.802899 Tracked 76160884
-0.01307222 -0.1195116 1.802896 Tracked 76160919
-0.01312717 -0.1194939 1.802864 Tracked 76160951
-0.01311933 -0.1194735 1.802834 Tracked 76160984
-0.01311506 -0.1194693 1.802832 Tracked 76161019
-0.01311146 -0.1194677 1.802831 Tracked 76161052
-0.013076 -0.1194353 1.802763 Tracked 76161084
-0.01304281 -0.1194326 1.802742 Tracked 76161118
-0.0130323 -0.1194288 1.80269 Tracked 76161151
-0.01300869 -0.1193743 1.802531 Tracked 76161184
-0.01300723 -0.1193746 1.802533 Tracked 76161219
-0.01301501 -0.1193624 1.802496 Tracked 76161251
-0.01300467 -0.1193636 1.802509 Tracked 76161284
-0.01298617 -0.1193725 1.802499 Tracked 76161318
-0.01298677 -0.1193712 1.802495 Tracked 76161352
-0.01298745 -0.1193679 1.80249 Tracked 76161384
-0.012977 -0.1193736 1.802499 Tracked 76161419
-0.01295482 -0.1193727 1.802497 Tracked 76161451
-0.01295639 -0.1193835 1.802474 Tracked 76161484
-0.01288147 -0.1194135 1.802411 Tracked 76161518
-0.01274431 -0.1194111 1.802232 Tracked 76161551
-0.01257518 -0.1194699 1.802131 Tracked 76161584
-0.01245334 -0.1196085 1.801974 Tracked 76161618
-0.01223803 -0.1197249 1.801823 Tracked 76161652
-0.01193339 -0.1198857 1.801865 Tracked 76161686
-0.01164407 -0.1200802 1.801816 Tracked 76161719
-0.01135002 -0.1201321 1.80188 Tracked 76161752
-0.01132784 -0.1201727 1.80187 Tracked 76161784
-0.01130655 -0.1202502 1.801822 Tracked 76161819
-0.01139903 -0.120381 1.801854 Tracked 76161851
-0.0114374 -0.1203842 1.801862 Tracked 76161885
-0.01144701 -0.1204093 1.801874 Tracked 76161919
-0.01156929 -0.1204374 1.801865 Tracked 76161952
-0.01161985 -0.12046 1.801949 Tracked 76161985
-0.01165566 -0.1204744 1.801974 Tracked 76162020
-0.01168492 -0.1204864 1.802008 Tracked 76162054
-0.01173359 -0.1205347 1.802107 Tracked 76162086
-0.01182505 -0.1205904 1.802269 Tracked 76162119
-0.01182685 -0.1206108 1.802277 Tracked 76162152
-0.01186424 -0.1206637 1.802268 Tracked 76162184
-0.01190679 -0.1206385 1.802381 Tracked 76162219
-0.01197429 -0.1206343 1.802521 Tracked 76162251
-0.01205334 -0.1205461 1.802794 Tracked 76162284
-0.01207847 -0.1203231 1.803616 Tracked 76162319
-0.01218849 -0.1198839 1.805036 Tracked 76162353
-0.01208767 -0.1192225 1.806492 Tracked 76162386
-0.01236945 -0.1186906 1.809573 Tracked 76162418
-0.01307572 -0.1182762 1.814611 Tracked 76162452
-0.01406824 -0.1188529 1.822724 Tracked 76162485
-0.01539529 -0.1207765 1.832366 Tracked 76162520
-0.01765582 -0.1252665 1.845865 Tracked 76162552
-0.02030607 -0.1330336 1.861239 Tracked 76162585
-0.02248146 -0.1458928 1.877141 Tracked 76162619
-0.02489022 -0.163099 1.894142 Tracked 76162651
-0.02721184 -0.1865453 1.912032 Tracked 76162685
-0.03175414 -0.213799 1.972324 Tracked 76162719
-0.03537693 -0.2609081 1.986998 Tracked 76162752
-0.03320134 -0.2801596 1.994531 Tracked 76162793
-0.03448249 -0.3213767 2.005993 Tracked 76162817
-0.03226005 -0.3525928 2.008742 Tracked 76162851
-0.03018247 -0.3865557 2.013684 Tracked 76162884
-0.03043134 -0.4109918 2.014459 Tracked 76162918
-0.03097621 -0.4383644 2.014774 Tracked 76162953
-0.02987104 -0.4534476 2.016432 Tracked 76162985
-0.02935043 -0.4728639 2.016757 Tracked 76163018
-0.02972565 -0.4814776 2.016789 Tracked 76163050
-0.02868384 -0.4933007 2.019218 Tracked 76163084
-0.02837156 -0.4994676 2.020752 Tracked 76163119
-0.02732233 -0.5044305 2.021868 Tracked 76163153
-0.0265848 -0.5083262 2.023094 Tracked 76163185
-0.02548839 -0.5121339 2.024466 Tracked 76163217
-0.02412329 -0.5161681 2.025274 Tracked 76163250
-0.02353718 -0.5202749 2.025512 Tracked 76163284
-0.0195778 -0.5263234 2.025062 Tracked 76163318
-0.01840327 -0.5299151 2.025043 Tracked 76163352
-0.01677154 -0.5340112 2.024311 Tracked 76163384
-0.01592875 -0.5366758 2.023502 Tracked 76163419
-0.01490487 -0.539553 2.022219 Tracked 76163451
-0.01409196 -0.5415406 2.021957 Tracked 76163483
-0.0130842 -0.5428059 2.021192 Tracked 76163517
-0.01171729 -0.5432252 2.021069 Tracked 76163551
-0.01113381 -0.5429533 2.020693 Tracked 76163585
-0.01172031 -0.5403513 2.021333 Tracked 76163618
-0.01169262 -0.5358496 2.022171 Tracked 76163651
-0.01095535 -0.528017 2.023601 Tracked 76163685
-0.01240937 -0.5189026 2.024425 Tracked 76163718
-0.01427699 -0.5064484 2.025155 Tracked 76163751
-0.01615513 -0.4924351 2.025872 Tracked 76163794
-0.01523295 -0.4780544 2.025094 Tracked 76163819
-0.01615015 -0.46248 2.023777 Tracked 76163852
-0.01578125 -0.4491387 2.023509 Tracked 76163884
-0.01441919 -0.4351138 2.021185 Tracked 76163917
-0.01281519 -0.4105268 2.019301 Tracked 76163951
-0.0127233 -0.3908964 2.019289 Tracked 76163984
-0.01030474 -0.3720017 2.01528 Tracked 76164018
-0.01175425 -0.35006 2.013596 Tracked 76164051
-0.01376379 -0.3305723 2.011471 Tracked 76164084
-0.01740585 -0.3086061 2.005641 Tracked 76164118
-0.01879912 -0.2884808 2.001431 Tracked 76164151
-0.02027594 -0.2725588 1.997405 Tracked 76164184
-0.0213807 -0.2498295 1.992254 Tracked 76164217
-0.02267451 -0.2330724 1.986332 Tracked 76164251
-0.02414442 -0.2179337 1.980878 Tracked 76164283
-0.02530372 -0.2043406 1.973788 Tracked 76164317
-0.02623152 -0.1930596 1.968459 Tracked 76164352
-0.02795623 -0.1795713 1.962079 Tracked 76164386
-0.02859447 -0.1701041 1.957213 Tracked 76164418
-0.02821662 -0.1612211 1.950189 Tracked 76164452
-0.02877138 -0.1548903 1.944884 Tracked 76164484
-0.02891732 -0.1486374 1.937005 Tracked 76164519
-0.02865526 -0.1445583 1.932222 Tracked 76164552
-0.02863435 -0.1393343 1.925571 Tracked 76164586
-0.03004088 -0.1378965 1.920785 Tracked 76164619
-0.03008112 -0.1331743 1.862864 Tracked 76164653
-0.02951477 -0.1235257 1.85913 Tracked 76164684
-0.02847608 -0.1192754 1.855622 Tracked 76164718
-0.02810817 -0.1171229 1.853015 Tracked 76164751
-0.02796376 -0.1157185 1.850368 Tracked 76164785
-0.02730187 -0.1142515 1.846379 Tracked 76164819
-0.02689914 -0.1137594 1.8439 Tracked 76164851
-0.02664758 -0.1136126 1.841454 Tracked 76164884
-0.02673664 -0.1133507 1.839617 Tracked 76164918
-0.02654772 -0.1131571 1.837867 Tracked 76164952
-0.02636497 -0.1128704 1.836986 Tracked 76164986
-0.02622654 -0.1127123 1.836334 Tracked 76165020
-0.0261863 -0.1126068 1.835837 Tracked 76165052
-0.02621502 -0.112591 1.835714 Tracked 76165084
-0.02620122 -0.1125222 1.835631 Tracked 76165117
-0.02627642 -0.1125546 1.835602 Tracked 76165151
-0.0262699 -0.1125443 1.835613 Tracked 76165184
-0.02624048 -0.1124945 1.83594 Tracked 76165218
-0.02637389 -0.1124846 1.83708 Tracked 76165251
-0.02664561 -0.1124888 1.839891 Tracked 76165284
-0.02686804 -0.1124519 1.844064 Tracked 76165317
-0.02853299 -0.1135326 1.850686 Tracked 76165352
-0.03004767 -0.1158163 1.85832 Tracked 76165384
-0.03124689 -0.1178992 1.865898 Tracked 76165419
-0.03394464 -0.1236298 1.875885 Tracked 76165451
-0.03594008 -0.1302545 1.884677 Tracked 76165484
-0.03786554 -0.1383024 1.894253 Tracked 76165518
-0.03907412 -0.145754 1.903745 Tracked 76165551
-0.03911387 -0.1594667 1.914592 Tracked 76165584
-0.04055791 -0.1731633 1.923001 Tracked 76165619
-0.04210396 -0.19423 1.976858 Tracked 76165652
-0.04330331 -0.2142889 1.984843 Tracked 76165684
-0.04298632 -0.2265137 1.990574 Tracked 76165719
-0.04397598 -0.2506965 1.998706 Tracked 76165752
-0.04423103 -0.2659709 2.002655 Tracked 76165786
-0.04342918 -0.2850235 2.009166 Tracked 76165818
-0.04265029 -0.3028744 2.015427 Tracked 76165853
-0.04267088 -0.3197978 2.019995 Tracked 76165885
-0.04232524 -0.3366268 2.023528 Tracked 76165917
-0.03814783 -0.3561304 2.026983 Tracked 76165950
-0.0377859 -0.372508 2.02758 Tracked 76165983
-0.03491159 -0.385215 2.030283 Tracked 76166018
-0.0375919 -0.3981043 2.03291 Tracked 76166051
-0.03612379 -0.4153352 2.0336 Tracked 76166084
-0.03489852 -0.4325473 2.033907 Tracked 76166118
-0.0348765 -0.4425465 2.034542 Tracked 76166151
-0.03603588 -0.4618721 2.031129 Tracked 76166184
-0.03572633 -0.4737013 2.029736 Tracked 76166218
-0.03552689 -0.4851581 2.028977 Tracked 76166252
-0.03528593 -0.492171 2.02774 Tracked 76166283
-0.03195248 -0.5086291 2.025409 Tracked 76166317
-0.02772703 -0.5194287 2.024066 Tracked 76166351
-0.02378039 -0.5328614 2.021298 Tracked 76166384
-0.02332532 -0.5418712 2.017968 Tracked 76166418
-0.02259399 -0.5565749 2.014957 Tracked 76166451
-0.02207581 -0.5643365 2.013796 Tracked 76166484
-0.02298105 -0.5768131 2.011259 Tracked 76166518
-0.02285768 -0.5854373 2.007736 Tracked 76166551
-0.02226034 -0.591714 2.00598 Tracked 76166584
-0.02172856 -0.597098 2.004705 Tracked 76166618
-0.02125422 -0.5999516 2.004163 Tracked 76166651
-0.02075016 -0.6006877 2.004061 Tracked 76166684
-0.01918441 -0.599022 2.003934 Tracked 76166717
-0.01384032 -0.5874659 2.004889 Tracked 76166751
-0.00522688 -0.5588497 2.008921 Tracked 76166784
-0.01125611 -0.5314448 2.013545 Tracked 76166819
-0.01247061 -0.4993508 2.015328 Tracked 76166852
-0.01275586 -0.4819825 2.007502 Tracked 76166886
-0.01262691 -0.4523404 1.987729 Tracked 76166917
-0.01171911 -0.4086691 1.971911 Tracked 76166951
0.005394037 -0.3275937 1.971891 Tracked 76166985
-0.002838765 -0.2622409 1.970901 Tracked 76167017
0.0006755029 -0.22146 1.948298 Tracked 76167051
0.002569739 -0.1806626 1.929265 Tracked 76167085
-0.0008228323 -0.1514003 1.910433 Tracked 76167119
-0.00212762 -0.128853 1.892035 Tracked 76167152
-0.00108343 -0.1197927 1.877082 Tracked 76167185
-0.003399097 -0.1075802 1.80732 Tracked 76167218
-0.003260878 -0.0962395 1.801618 Tracked 76167251
-0.003305647 -0.09446251 1.798918 Tracked 76167285
-0.003746787 -0.09441137 1.796908 Tracked 76167318
-0.004126894 -0.0948661 1.79441 Tracked 76167351
-0.005310042 -0.09549253 1.791119 Tracked 76167384
-0.0061223 -0.09571715 1.789509 Tracked 76167418
-0.006892296 -0.09586376 1.788498 Tracked 76167450
-0.007592054 -0.09601636 1.787668 Tracked 76167484
-0.008574966 -0.09632818 1.786977 Tracked 76167518
-0.009006214 -0.09663577 1.786842 Tracked 76167551
-0.009473604 -0.09680545 1.786999 Tracked 76167584
-0.009831559 -0.09690189 1.78732 Tracked 76167618
-0.01029879 -0.09723862 1.78831 Tracked 76167652
-0.01123965 -0.09751628 1.78956 Tracked 76167684
-0.01232302 -0.09766369 1.791452 Tracked 76167718
-0.01322476 -0.0980912 1.79379 Tracked 76167751
-0.01407373 -0.09804494 1.796109 Tracked 76167784
-0.01492732 -0.09813974 1.79859 Tracked 76167818
-0.0162914 -0.09832047 1.802488 Tracked 76167851
-0.01713538 -0.09827248 1.804793 Tracked 76167884
-0.01857081 -0.09836791 1.807792 Tracked 76167919
-0.0196167 -0.09814764 1.810915 Tracked 76167951
-0.02119961 -0.09779219 1.815219 Tracked 76167986
-0.02266263 -0.09803929 1.819241 Tracked 76168019
-0.02512507 -0.09846967 1.825149 Tracked 76168052
-0.02690912 -0.09927955 1.829977 Tracked 76168084
-0.02840499 -0.09988269 1.834494 Tracked 76168119
-0.03039483 -0.1010706 1.840389 Tracked 76168152
-0.03224459 -0.1028815 1.845875 Tracked 76168184
-0.03374198 -0.1048099 1.852273 Tracked 76168218
-0.03529268 -0.10718 1.858086 Tracked 76168251
-0.03766122 -0.110132 1.864895 Tracked 76168284
-0.03966761 -0.1143609 1.871845 Tracked 76168319
-0.04197273 -0.1204703 1.881517 Tracked 76168353
-0.0439093 -0.1285026 1.890948 Tracked 76168385
-0.04574444 -0.1350412 1.898207 Tracked 76168418
-0.04755354 -0.1499144 1.911618 Tracked 76168452
-0.04917428 -0.1616467 1.919566 Tracked 76168485
-0.05257191 -0.1779962 1.974129 Tracked 76168518
-0.05565295 -0.1915587 1.98007 Tracked 76168552
-0.05837518 -0.2044695 1.986069 Tracked 76168585
-0.05973609 -0.2193089 1.993167 Tracked 76168618
-0.06097965 -0.2358527 2.00044 Tracked 76168652
-0.06159359 -0.2491034 2.005248 Tracked 76168684
-0.06216845 -0.2603334 2.008618 Tracked 76168718
-0.06157978 -0.2808832 2.016693 Tracked 76168750
-0.06084304 -0.2943265 2.020888 Tracked 76168785
-0.05989013 -0.3067648 2.024601 Tracked 76168826
-0.05945723 -0.3224018 2.028414 Tracked 76168851
-0.05987195 -0.3377377 2.030514 Tracked 76168883
-0.05913538 -0.3534056 2.031922 Tracked 76168918
-0.05815694 -0.3686792 2.032387 Tracked 76168950
-0.05949093 -0.3792257 2.032156 Tracked 76168985
-0.06066769 -0.3922212 2.031827 Tracked 76169017
-0.05962969 -0.4033703 2.030841 Tracked 76169051
-0.06050237 -0.4142757 2.031209 Tracked 76169084
-0.06050949 -0.4290395 2.031245 Tracked 76169119
-0.06026328 -0.4392177 2.031018 Tracked 76169153
-0.05860364 -0.4475001 2.029483 Tracked 76169186
-0.05568615 -0.4601061 2.029392 Tracked 76169218
-0.05392164 -0.4727371 2.02815 Tracked 76169250
-0.0513178 -0.4855892 2.024306 Tracked 76169282
-0.05026199 -0.4943128 2.023145 Tracked 76169317
-0.04343843 -0.5085621 2.020366 Tracked 76169350
-0.04114322 -0.5166511 2.019528 Tracked 76169383
-0.03952323 -0.5241449 2.018515 Tracked 76169417
-0.03911247 -0.5343954 2.017522 Tracked 76169450
-0.03803945 -0.544618 2.015131 Tracked 76169484
-0.03842852 -0.5507631 2.013045 Tracked 76169517
-0.0364333 -0.5655368 2.012078 Tracked 76169552
-0.03813397 -0.5723059 2.011416 Tracked 76169584
-0.0395534 -0.5809493 2.009611 Tracked 76169618
-0.04132168 -0.5898744 2.007168 Tracked 76169650
-0.04121295 -0.5947347 2.006038 Tracked 76169683
-0.04049575 -0.5979489 2.005679 Tracked 76169718
-0.04047349 -0.5980926 2.005672 Tracked 76169751
-0.03945675 -0.5979018 2.005806 Tracked 76169784
-0.0361862 -0.5930613 2.008137 Tracked 76169819
-0.03033035 -0.5792642 2.012119 Tracked 76169850
-0.02745084 -0.5694137 2.011925 Tracked 76169883
-0.02277759 -0.5494376 2.012722 Tracked 76169917
-0.02178598 -0.5295171 2.007609 Tracked 76169951
-0.02443979 -0.5055656 1.993929 Tracked 76169984
-0.02495507 -0.4760402 1.982261 Tracked 76170018
-0.03187557 -0.3989164 2.003573 Tracked 76170051
-0.02399977 -0.3210049 2.013576 Tracked 76170084
-0.02790547 -0.2780025 2.000183 Tracked 76170118
-0.02751247 -0.2324592 1.981604 Tracked 76170151
-0.02755663 -0.1966093 1.963995 Tracked 76170184
-0.02642916 -0.1580502 1.946448 Tracked 76170218
-0.0288378 -0.1339465 1.931142 Tracked 76170251
-0.02943173 -0.1179305 1.916566 Tracked 76170284
-0.02571089 -0.112987 1.852063 Tracked 76170318
-0.02852557 -0.09421038 1.842562 Tracked 76170351
-0.03001313 -0.09276933 1.838436 Tracked 76170384
-0.03112991 -0.09326036 1.834874 Tracked 76170419
-0.03208353 -0.09376186 1.83018 Tracked 76170451
-0.03284611 -0.09429874 1.827948 Tracked 76170484
-0.03334153 -0.09446597 1.826587 Tracked 76170518
-0.03422292 -0.0945681 1.824233 Tracked 76170551
-0.0345557 -0.09467718 1.823223 Tracked 76170584
-0.03481365 -0.09500474 1.82247 Tracked 76170619
-0.035363 -0.09539696 1.821455 Tracked 76170651
-0.03572222 -0.09553529 1.820918 Tracked 76170684
-0.03586189 -0.09553853 1.820736 Tracked 76170718
-0.03597103 -0.09557047 1.820705 Tracked 76170751
-0.03612884 -0.09570378 1.82055 Tracked 76170784
-0.0363473 -0.09572671 1.820438 Tracked 76170817
-0.03635553 -0.09573908 1.820412 Tracked 76170851
-0.03641858 -0.09574613 1.820608 Tracked 76170884
-0.03669939 -0.09584707 1.821256 Tracked 76170918
-0.03695019 -0.09579723 1.822169 Tracked 76170951
-0.03747218 -0.09594444 1.824042 Tracked 76170985
-0.03755066 -0.09593864 1.825162 Tracked 76171018
-0.03773571 -0.09590925 1.826674 Tracked 76171054
-0.03759656 -0.0961913 1.828725 Tracked 76171085
-0.03772099 -0.0967029 1.831145 Tracked 76171118
-0.03833405 -0.09731797 1.834681 Tracked 76171152
-0.03899773 -0.09873996 1.839622 Tracked 76171185
-0.03992121 -0.1010169 1.845345 Tracked 76171219
-0.04093121 -0.102544 1.851383 Tracked 76171251
-0.04332466 -0.1055479 1.861247 Tracked 76171285
-0.04550605 -0.1083265 1.870339 Tracked 76171319
-0.04724407 -0.1118405 1.881851 Tracked 76171352
-0.04966217 -0.1162453 1.893369 Tracked 76171385
-0.05246889 -0.1210858 1.906958 Tracked 76171419
-0.05401078 -0.1267942 1.919714 Tracked 76171452
-0.0584025 -0.1315264 1.931361 Tracked 76171484
-0.06147076 -0.1426347 1.947175 Tracked 76171518
-0.06768841 -0.1528621 2.002287 Tracked 76171552
-0.06878043 -0.1681232 2.010142 Tracked 76171585
-0.06908161 -0.1754981 2.015673 Tracked 76171619
-0.07201929 -0.2021002 2.03108 Tracked 76171662
-0.0730964 -0.2155835 2.037561 Tracked 76171692
-0.07380262 -0.2349853 2.044585 Tracked 76171719
-0.07290226 -0.2541369 2.050247 Tracked 76171752
-0.07314643 -0.2716534 2.055659 Tracked 76171785
-0.07043639 -0.2960332 2.061285 Tracked 76171819
-0.07047625 -0.3083024 2.065084 Tracked 76171852
-0.06718656 -0.327762 2.070778 Tracked 76171894
-0.06834515 -0.3382462 2.074572 Tracked 76171926
-0.06652652 -0.3549342 2.076315 Tracked 76171952
-0.06671896 -0.3647234 2.080622 Tracked 76171985
-0.0664835 -0.3859785 2.08092 Tracked 76172017
-0.06656768 -0.3954599 2.082047 Tracked 76172050
-0.0670319 -0.4025022 2.085122 Tracked 76172084
-0.06876209 -0.4119706 2.087665 Tracked 76172118
-0.06816217 -0.4184183 2.090026 Tracked 76172151
-0.06705473 -0.4335173 2.089512 Tracked 76172184
-0.0662922 -0.4430276 2.08912 Tracked 76172219
-0.06251304 -0.4578618 2.086283 Tracked 76172251
-0.06263833 -0.461351 2.087199 Tracked 76172284
-0.06359227 -0.4652382 2.088077 Tracked 76172318
-0.06414247 -0.4688858 2.089576 Tracked 76172352
-0.06439474 -0.4735593 2.089844 Tracked 76172385
-0.06505945 -0.4786293 2.09049 Tracked 76172425
-0.06488985 -0.4811454 2.090751 Tracked 76172460
-0.06456015 -0.4846543 2.090942 Tracked 76172494
-0.0640436 -0.4863051 2.090296 Tracked 76172527
-0.06294422 -0.4894872 2.089694 Tracked 76172556
-0.06270459 -0.4911667 2.089649 Tracked 76172584
-0.06277337 -0.4922478 2.089705 Tracked 76172618
-0.06214343 -0.4935543 2.089411 Tracked 76172651
-0.06146077 -0.494811 2.08915 Tracked 76172684
-0.06091376 -0.4958035 2.088998 Tracked 76172718
-0.06050227 -0.4965106 2.08913 Tracked 76172752
-0.05958018 -0.4978964 2.088284 Tracked 76172785
-0.05922699 -0.4981635 2.087917 Tracked 76172818
-0.05901308 -0.4980983 2.087777 Tracked 76172852
-0.05810487 -0.4974633 2.087108 Tracked 76172893
-0.05698847 -0.4959366 2.08644 Tracked 76172918
-0.0538158 -0.4887815 2.084299 Tracked 76172951
-0.05113901 -0.480696 2.079216 Tracked 76172985
-0.04716919 -0.4752082 2.060186 Tracked 76173018
-0.04599533 -0.4649525 2.053675 Tracked 76173051
-0.04608664 -0.4413913 2.04583 Tracked 76173085
-0.04690719 -0.4221169 2.041106 Tracked 76173123
-0.04644109 -0.3877363 2.03372 Tracked 76173153
-0.03289631 -0.3155953 2.043468 Tracked 76173185
-0.03534722 -0.2859661 2.0367 Tracked 76173218
-0.03453478 -0.232196 2.021853 Tracked 76173252
-0.0355503 -0.2016406 2.007577 Tracked 76173286
-0.03438647 -0.1563396 1.98052 Tracked 76173318
-0.03475282 -0.1393046 1.961572 Tracked 76173352
-0.03253756 -0.1169661 1.937574 Tracked 76173385
-0.0306526 -0.1092909 1.924021 Tracked 76173418
-0.02727866 -0.1054804 1.858351 Tracked 76173452
-0.0282039 -0.0959076 1.852154 Tracked 76173485
-0.02828064 -0.09295087 1.846627 Tracked 76173518
-0.02897933 -0.0912476 1.840715 Tracked 76173551
-0.02958496 -0.08997314 1.837897 Tracked 76173584
-0.03014985 -0.08919775 1.835982 Tracked 76173618
-0.02988404 -0.08842844 1.834233 Tracked 76173652
-0.02995085 -0.08795284 1.832629 Tracked 76173684
-0.02987418 -0.08763295 1.831443 Tracked 76173719
-0.02945972 -0.08736929 1.830305 Tracked 76173751
-0.02931074 -0.08715934 1.82997 Tracked 76173784
-0.02917165 -0.08700113 1.829757 Tracked 76173818
-0.02919255 -0.08706284 1.829744 Tracked 76173851
-0.02928472 -0.08715618 1.829698 Tracked 76173884
-0.02966222 -0.08763172 1.829903 Tracked 76173918
-0.02991896 -0.08792624 1.829924 Tracked 76173951
-0.03033167 -0.08876098 1.830436 Tracked 76173984
-0.03104582 -0.08978473 1.830886 Tracked 76174018
-0.03160945 -0.0910174 1.831554 Tracked 76174051
-0.03205131 -0.09137763 1.832296 Tracked 76174084
-0.03255465 -0.09271792 1.833608 Tracked 76174118
-0.03380669 -0.095837 1.833932 Tracked 76174151
-0.03498018 -0.1007576 1.834845 Tracked 76174184
-0.03549999 -0.1042038 1.834769 Tracked 76174217
-0.03619084 -0.1071196 1.834716 Tracked 76174251
-0.03610534 -0.1098453 1.834098 Tracked 76174284
-0.03576852 -0.1113255 1.83361 Tracked 76174317
-0.03558662 -0.1121237 1.833333 Tracked 76174351
-0.0359018 -0.1126312 1.833185 Tracked 76174384
-0.03625057 -0.1132411 1.832856 Tracked 76174417
-0.03644478 -0.1133726 1.832591 Tracked 76174450
-0.03679973 -0.1133896 1.832133 Tracked 76174484
-0.0373292 -0.1132797 1.831536 Tracked 76174517
-0.03772584 -0.1131892 1.831163 Tracked 76174550
-0.0385949 -0.1135586 1.830312 Tracked 76174584
-0.03888066 -0.1134255 1.829434 Tracked 76174617
-0.03924126 -0.1134117 1.829025 Tracked 76174651
-0.03945209 -0.1133664 1.828731 Tracked 76174684
-0.03959484 -0.1133678 1.828427 Tracked 76174718
-0.03996382 -0.1133557 1.828082 Tracked 76174751
-0.04001727 -0.1133201 1.82789 Tracked 76174784
-0.04008884 -0.1133238 1.827757 Tracked 76174818
-0.04013588 -0.1132606 1.827645 Tracked 76174851
-0.04008937 -0.11324 1.827417 Tracked 76174883
-0.04008913 -0.1132406 1.827417 Tracked 76174918
-0.04006648 -0.1131862 1.827434 Tracked 76174951
-0.03992593 -0.1130782 1.827451 Tracked 76174990
-0.03984166 -0.1129922 1.827474 Tracked 76175024
-0.03964909 -0.1126713 1.827684 Tracked 76175054
-0.03920385 -0.1120799 1.828382 Tracked 76175085
-0.03895146 -0.111193 1.829906 Tracked 76175119
-0.03904004 -0.1100747 1.831765 Tracked 76175151
-0.03887953 -0.1088428 1.833603 Tracked 76175184
-0.03881931 -0.1074832 1.836063 Tracked 76175218
-0.03911107 -0.1061751 1.841484 Tracked 76175252
-0.0401999 -0.1051352 1.847194 Tracked 76175284
-0.04135752 -0.1030203 1.8564 Tracked 76175318
-0.04263859 -0.1023046 1.863663 Tracked 76175351
-0.04522902 -0.1013908 1.873547 Tracked 76175385
-0.04616383 -0.1033136 1.883163 Tracked 76175418
-0.04696537 -0.1072318 1.897222 Tracked 76175452
-0.04735279 -0.1102674 1.907685 Tracked 76175484
-0.0485011 -0.1149389 1.921438 Tracked 76175518
-0.04789116 -0.1242401 1.935754 Tracked 76175550
-0.04834076 -0.1321263 1.950963 Tracked 76175584
-0.04854958 -0.13726 2.005467 Tracked 76175618
-0.05065555 -0.1570189 2.01229 Tracked 76175651
-0.04907173 -0.1578182 2.015873 Tracked 76175683
-0.04598872 -0.1648806 2.027667 Tracked 76175718
-0.04505682 -0.1782418 2.039854 Tracked 76175751
-0.04510875 -0.1872826 2.054141 Tracked 76175785
-0.04707156 -0.1897246 2.072491 Tracked 76175818
-0.0360826 -0.2683141 2.064402 Tracked 76175852
-0.0380856 -0.2694425 2.070138 Tracked 76175885
-0.06034458 -0.2145829 2.114923 Tracked 76175919
-0.06142462 -0.2302409 2.120244 Tracked 76175960
-0.02914794 -0.3263661 2.114182 Tracked 76175984
-0.05208113 -0.2644425 2.150143 Tracked 76176018
-0.02906664 -0.404225 2.101614 Tracked 76176051
-0.02906799 -0.4099294 2.099324 Tracked 76176085
0.02944769 -0.5390359 2.14219 Tracked 76176119
-0.01199012 -0.3581097 2.170281 Tracked 76176152
-0.06065301 -0.4026324 2.142487 Tracked 76176185
-0.05946369 -0.4046002 2.142128 Tracked 76176219
-0.01377478 -0.6249202 2.007378 Tracked 76176252
-0.2435412 -0.575175 1.95908 Tracked 76176284
-0.1179214 -0.5253671 2.125663 Tracked 76176320
-0.1118545 -0.5215062 2.129475 Tracked 76176352
-0.107514 -0.5219057 2.061204 Tracked 76176384
-0.1000193 -0.5033186 2.048405 Tracked 76176419
-0.09688697 -0.4900737 2.038692 Tracked 76176452
-0.09538919 -0.4582694 2.015119 Tracked 76176484
-0.09353484 -0.4430138 2.004703 Tracked 76176519
-0.0922704 -0.4164188 1.990247 Tracked 76176552
-0.08401949 -0.3532639 2.027007 Tracked 76176584
-0.08385704 -0.3390721 2.02234 Tracked 76176619
-0.03937434 -0.2148027 2.081265 Tracked 76176651
-0.03965352 -0.2082655 2.07629 Tracked 76176685
-0.04171241 -0.1974658 2.065521 Tracked 76176718
-0.04170601 -0.185967 2.050781 Tracked 76176752
-0.04067439 -0.1761862 1.991005 Tracked 76176785
-0.03903145 -0.134001 2.003381 Tracked 76176818
-0.03973892 -0.1415203 2.000797 Tracked 76176851
-0.0401347 -0.1458228 1.992344 Tracked 76176884
-0.04253845 -0.1488462 1.978691 Tracked 76176918
-0.04263763 -0.1512164 1.967238 Tracked 76176959
-0.04301021 -0.1549672 1.950915 Tracked 76176984
-0.04206856 -0.1526483 1.878777 Tracked 76177018
-0.03405644 -0.1224808 1.86885 Tracked 76177051
-0.03399339 -0.1198781 1.86583 Tracked 76177083
-0.03373634 -0.119899 1.860711 Tracked 76177118
-0.03240746 -0.1204788 1.855266 Tracked 76177152
-0.03119084 -0.1206934 1.85129 Tracked 76177184
-0.03028581 -0.1211564 1.847541 Tracked 76177218
-0.02906008 -0.1213674 1.843944 Tracked 76177250
-0.02844489 -0.1217507 1.841708 Tracked 76177284
-0.02774554 -0.1219287 1.839588 Tracked 76177318
-0.02709266 -0.1222232 1.837769 Tracked 76177351
-0.02686753 -0.1222687 1.836693 Tracked 76177388
-0.02640076 -0.1224075 1.835436 Tracked 76177418
-0.02604838 -0.1224394 1.834448 Tracked 76177451
-0.0259577 -0.1224785 1.833921 Tracked 76177484
-0.02577891 -0.1224972 1.833424 Tracked 76177518
-0.02576585 -0.1224975 1.833365 Tracked 76177551
-0.02562945 -0.1224045 1.833005 Tracked 76177585
-0.02555383 -0.1221208 1.833194 Tracked 76177618
-0.02587099 -0.121664 1.833727 Tracked 76177652
-0.02666778 -0.1203436 1.835837 Tracked 76177686
-0.02738457 -0.1180357 1.840403 Tracked 76177725
-0.02825264 -0.1154922 1.848812 Tracked 76177761
-0.02953593 -0.112354 1.859455 Tracked 76177787
-0.03191474 -0.1102712 1.871651 Tracked 76177818
-0.03524843 -0.1091874 1.886387 Tracked 76177851
-0.03886798 -0.1115118 1.905446 Tracked 76177883
-0.04292849 -0.1156851 1.926455 Tracked 76177918
-0.04687389 -0.125264 1.94834 Tracked 76177951
-0.04915796 -0.1370004 1.968658 Tracked 76177984
-0.05098131 -0.1444865 2.027022 Tracked 76178017
-0.0536402 -0.1786602 2.0177 Tracked 76178051
-0.05759647 -0.1528343 2.068253 Tracked 76178084
-0.05677819 -0.1598995 2.070483 Tracked 76178118
-0.05899565 -0.1749988 2.081235 Tracked 76178151
-0.06140863 -0.1829208 2.091728 Tracked 76178184
-0.06331691 -0.1888603 2.103669 Tracked 76178217
-0.05028472 -0.2784978 2.088468 Tracked 76178250
-0.05566914 -0.268169 2.105342 Tracked 76178282
-0.06363086 -0.255683 2.124268 Tracked 76178318
-0.04280631 -0.2952132 2.130736 Tracked 76178351
-0.05247857 -0.3928507 2.109474 Tracked 76178384
-0.05183686 -0.389203 2.130301 Tracked 76178418
-0.05259711 -0.3899761 2.132556 Tracked 76178451
-0.06751814 -0.4541599 2.099955 Tracked 76178484
-0.09737435 -0.2992784 2.140694 Tracked 76178518
-0.06162865 -0.4305251 2.158833 Tracked 76178552
-0.05571087 -0.4243962 2.157043 Tracked 76178586
-0.05495764 -0.4228323 2.156486 Tracked 76178627
-0.0546938 -0.4224122 2.156235 Tracked 76178657
-0.0513667 -0.4192847 2.15674 Tracked 76178685
-0.05038234 -0.4184544 2.156327 Tracked 76178718
-0.05158369 -0.4168104 2.146454 Tracked 76178751
-0.04544714 -0.4124054 2.128402 Tracked 76178784
-0.04366223 -0.4118943 2.120682 Tracked 76178818
-0.04070093 -0.4148521 2.096753 Tracked 76178850
-0.03655781 -0.4135433 2.080963 Tracked 76178884
-0.03383603 -0.4031651 2.062781 Tracked 76178918
-0.03372479 -0.3898755 2.051804 Tracked 76178950
-0.03355385 -0.3641483 2.034593 Tracked 76178984
-0.04884938 -0.2346355 2.080438 Tracked 76179019
-0.04847 -0.2278484 2.077105 Tracked 76179054
-0.04871447 -0.2097918 2.064739 Tracked 76179088
-0.04832987 -0.1945084 2.049767 Tracked 76179119
-0.04915355 -0.1823373 2.035454 Tracked 76179154
-0.0481214 -0.1752731 1.973698 Tracked 76179188
-0.05072817 -0.1474046 1.976863 Tracked 76179221
-0.05255821 -0.1532306 1.974941 Tracked 76179254
-0.05346267 -0.1567987 1.965554 Tracked 76179288
-0.05015039 -0.1555346 1.955897 Tracked 76179318
-0.04729261 -0.1558473 1.942573 Tracked 76179351
-0.04252068 -0.1513688 1.926613 Tracked 76179384
-0.03955769 -0.1529557 1.862242 Tracked 76179418
-0.02859728 -0.1114851 1.848202 Tracked 76179451
-0.02793549 -0.1119709 1.84655 Tracked 76179482
-0.02708435 -0.1128704 1.842286 Tracked 76179517
-0.02655121 -0.115518 1.835777 Tracked 76179551
-0.0262025 -0.1178794 1.829459 Tracked 76179584
-0.02601077 -0.1195638 1.824281 Tracked 76179618
-0.02558191 -0.120168 1.821567 Tracked 76179657
-0.02556814 -0.1201176 1.818326 Tracked 76179691
-0.02576145 -0.1202457 1.815716 Tracked 76179721
-0.02569276 -0.1200488 1.813576 Tracked 76179751
-0.02565027 -0.1199387 1.811715 Tracked 76179786
-0.02555388 -0.1196565 1.810992 Tracked 76179820
-0.02552332 -0.1192791 1.810602 Tracked 76179857
-0.02553294 -0.119025 1.810598 Tracked 76179891
-0.02560285 -0.118466 1.811046 Tracked 76179926
-0.02592211 -0.116756 1.813531 Tracked 76179962
-0.02656068 -0.1137308 1.819474 Tracked 76179987
-0.0284455 -0.1085246 1.828808 Tracked 76180018
-0.03054868 -0.1074095 1.840569 Tracked 76180051
-0.03426545 -0.1064097 1.85526 Tracked 76180084
-0.03687125 -0.1074583 1.869728 Tracked 76180119
-0.04114528 -0.1130905 1.890284 Tracked 76180154
-0.04323184 -0.1181986 1.907768 Tracked 76180186
-0.04541643 -0.1291499 1.930788 Tracked 76180219
-0.04628072 -0.1403676 1.949162 Tracked 76180252
-0.04897639 -0.1495108 2.005739 Tracked 76180286
-0.04959217 -0.173481 2.0023 Tracked 76180319
-0.05189074 -0.1639554 2.030225 Tracked 76180353
-0.05257245 -0.1691307 2.036813 Tracked 76180386
-0.05373924 -0.1872792 2.051075 Tracked 76180418
-0.05532359 -0.1929063 2.062284 Tracked 76180451
-0.0586583 -0.2051752 2.071434 Tracked 76180484
-0.04108617 -0.2843152 2.058364 Tracked 76180517
-0.04334078 -0.2808913 2.068834 Tracked 76180551
-0.04443842 -0.2743105 2.085791 Tracked 76180583
-0.04109313 -0.2831065 2.093222 Tracked 76180618
-0.03639531 -0.3604713 2.094668 Tracked 76180650
-0.04034216 -0.366891 2.0916 Tracked 76180684
-0.04463131 -0.3882401 2.091496 Tracked 76180718
-0.08733027 -0.3766846 2.094425 Tracked 76180751
-0.05440161 -0.4006649 2.100023 Tracked 76180784
-0.0463661 -0.4567007 2.081919 Tracked 76180818
-0.07209025 -0.4205147 2.09145 Tracked 76180858
-0.07213198 -0.4207142 2.091436 Tracked 76180891
-0.07608555 -0.4230022 2.089258 Tracked 76180922
-0.07797618 -0.4245776 2.088156 Tracked 76180954
-0.07831392 -0.4254877 2.087399 Tracked 76180989
-0.07869816 -0.4267541 2.085588 Tracked 76181020
-0.07898863 -0.4279296 2.081668 Tracked 76181051
-0.07906393 -0.4298379 2.069478 Tracked 76181084
-0.07824555 -0.4330712 2.039776 Tracked 76181118
-0.07756414 -0.4313517 2.036475 Tracked 76181152
-0.07647476 -0.42105 2.023488 Tracked 76181184
-0.0367307 -0.3383174 2.045768 Tracked 76181218
-0.03746609 -0.3273545 2.041165 Tracked 76181251
-0.03889712 -0.2395648 2.056483 Tracked 76181284
-0.03967401 -0.2278604 2.053303 Tracked 76181317
-0.03815979 -0.2092867 2.044744 Tracked 76181351
-0.03703315 -0.1919052 2.031219 Tracked 76181384
-0.03735024 -0.1811599 2.021152 Tracked 76181417
-0.03837249 -0.1703167 1.958007 Tracked 76181450
-0.03428423 -0.1253517 1.971684 Tracked 76181484
-0.03726499 -0.1436945 1.966926 Tracked 76181518
-0.03995999 -0.1477192 1.960351 Tracked 76181552
-0.04195165 -0.151295 1.948507 Tracked 76181584
-0.04069204 -0.1512585 1.93619 Tracked 76181618
-0.03870355 -0.151019 1.925746 Tracked 76181651
-0.0310703 -0.1547856 1.85647 Tracked 76181684
-0.02266524 -0.1057042 1.844079 Tracked 76181718
-0.02241412 -0.106238 1.842388 Tracked 76181751
-0.02133429 -0.1076064 1.83731 Tracked 76181785
-0.0202275 -0.1093674 1.832466 Tracked 76181818
-0.01940195 -0.1112676 1.827914 Tracked 76181850
-0.01872019 -0.1128566 1.824543 Tracked 76181883
-0.01779943 -0.114476 1.820941 Tracked 76181918
-0.01743259 -0.1152903 1.818346 Tracked 76181951
-0.01699292 -0.1160395 1.816181 Tracked 76181984
-0.01621415 -0.1165702 1.814433 Tracked 76182017
-0.01589754 -0.1170543 1.813452 Tracked 76182051
-0.01565611 -0.1174163 1.812488 Tracked 76182084
-0.01565951 -0.1175567 1.812354 Tracked 76182118
-0.01580131 -0.1175729 1.81193 Tracked 76182151
-0.01586542 -0.1175907 1.811821 Tracked 76182184
-0.01586193 -0.1175176 1.811743 Tracked 76182218
-0.01613906 -0.117169 1.81209 Tracked 76182250
-0.01663994 -0.1158258 1.813706 Tracked 76182284
-0.01767367 -0.1138332 1.817165 Tracked 76182318
-0.02011115 -0.1106305 1.823441 Tracked 76182350
-0.0220948 -0.1069791 1.832784 Tracked 76182384
-0.02421088 -0.1040347 1.84404 Tracked 76182418
-0.02638469 -0.1031708 1.856393 Tracked 76182459
-0.02894792 -0.1049605 1.874144 Tracked 76182495
-0.03396164 -0.1128791 1.895293 Tracked 76182522
-0.03691521 -0.1213183 1.915414 Tracked 76182553
-0.03824796 -0.1318317 1.935875 Tracked 76182586
-0.04063972 -0.1378417 1.997455 Tracked 76182620
-0.04433718 -0.1581332 2.005521 Tracked 76182653
-0.04364594 -0.1469217 2.031377 Tracked 76182687
-0.04384492 -0.1552802 2.038217 Tracked 76182720
-0.04523451 -0.1742885 2.050009 Tracked 76182753
-0.04692779 -0.1849217 2.059293 Tracked 76182786
-0.04790566 -0.1956183 2.07148 Tracked 76182818
-0.03737028 -0.2759544 2.059267 Tracked 76182852
-0.04008867 -0.2941597 2.061794 Tracked 76182886
-0.0370379 -0.2846289 2.083282 Tracked 76182920
-0.02796399 -0.3377405 2.085927 Tracked 76182952
-0.04208419 -0.3944695 2.075414 Tracked 76182986
-0.03843769 -0.4005466 2.081396 Tracked 76183020
-0.05330651 -0.3424191 2.120912 Tracked 76183053
-0.04206609 -0.474137 2.078886 Tracked 76183086
-0.09326972 -0.3384357 2.110097 Tracked 76183121
-0.09867235 -0.4041078 2.114152 Tracked 76183153
-0.04294603 -0.4004062 2.092909 Tracked 76183187
-0.05025413 -0.4495314 2.112416 Tracked 76183219
-0.08294772 -0.2163998 2.112563 Tracked 76183253
-0.1017466 -0.2114918 2.111149 Tracked 76183286
-0.1095839 -0.3052067 2.126652 Tracked 76183320
-0.0640952 -0.3264228 2.108985 Tracked 76183352
-0.06311389 -0.3283085 2.11095 Tracked 76183385
-0.04233641 -0.3330178 2.113293 Tracked 76183420
-0.03920381 -0.3774479 2.093737 Tracked 76183453
-0.04449138 -0.2806872 2.106538 Tracked 76183486
-0.03111976 -0.3253281 2.072093 Tracked 76183520
-0.03059296 -0.3133678 2.066609 Tracked 76183553
-0.03537305 -0.280613 2.058124 Tracked 76183585
-0.03387217 -0.2474887 2.061437 Tracked 76183618
-0.03317057 -0.2310089 2.058134 Tracked 76183651
-0.03317398 -0.2139571 2.050131 Tracked 76183684
-0.03484914 -0.1957155 2.038058 Tracked 76183719
-0.03445387 -0.1861834 2.030407 Tracked 76183754
-0.03706226 -0.1762483 1.974494 Tracked 76183786
-0.03227849 -0.1316548 1.982826 Tracked 76183819
-0.03689661 -0.14442 1.980506 Tracked 76183852
-0.03574177 -0.1458901 1.974453 Tracked 76183885
-0.03442199 -0.1485808 1.963431 Tracked 76183919
-0.03508986 -0.1502808 1.948504 Tracked 76183961
-0.03613499 -0.1509672 1.933689 Tracked 76183990
-0.03357401 -0.1605551 1.862996 Tracked 76184018
-0.02608213 -0.1056102 1.84982 Tracked 76184050
-0.02620955 -0.1059751 1.848231 Tracked 76184083
-0.02634959 -0.1086719 1.843597 Tracked 76184118
-0.02601368 -0.1102737 1.838585 Tracked 76184150
-0.02606742 -0.1115145 1.83431 Tracked 76184184
-0.02572424 -0.1125484 1.829509 Tracked 76184217
-0.02528576 -0.1125344 1.826125 Tracked 76184250
-0.02486509 -0.1125581 1.822993 Tracked 76184284
-0.02470411 -0.11264 1.821252 Tracked 76184318
-0.02495768 -0.113285 1.818727 Tracked 76184350
-0.02478724 -0.113244 1.817597 Tracked 76184384
-0.0246968 -0.1131592 1.816509 Tracked 76184418
-0.02463354 -0.1131375 1.815713 Tracked 76184450
-0.02464805 -0.1131724 1.815608 Tracked 76184484
-0.02462935 -0.1131275 1.815587 Tracked 76184517
-0.02484194 -0.1129946 1.816066 Tracked 76184551
-0.02518952 -0.1126165 1.81758 Tracked 76184584
-0.02567849 -0.1113527 1.821489 Tracked 76184617
-0.02698239 -0.1085797 1.828316 Tracked 76184651
-0.02925771 -0.1068544 1.837317 Tracked 76184684
-0.03262581 -0.1060746 1.853333 Tracked 76184718
-0.0358573 -0.1058877 1.8699 Tracked 76184751
-0.04045669 -0.1082368 1.890954 Tracked 76184784
-0.04392758 -0.1161861 1.91255 Tracked 76184818
-0.04681046 -0.1243476 1.934561 Tracked 76184850
-0.0494027 -0.1356193 1.954287 Tracked 76184884
-0.0503336 -0.145796 2.010364 Tracked 76184918
-0.05313108 -0.1791224 2.009453 Tracked 76184951
-0.05228394 -0.1736157 2.032461 Tracked 76184984
-0.0517255 -0.1886794 2.042371 Tracked 76185025
-0.05533877 -0.1950184 2.065679 Tracked 76185051
-0.05827078 -0.2084581 2.075359 Tracked 76185083
-0.04195007 -0.2995889 2.062917 Tracked 76185118
-0.04537734 -0.2670766 2.095819 Tracked 76185151
-0.0313097 -0.3290311 2.092486 Tracked 76185184
-0.05374049 -0.386189 2.082334 Tracked 76185218
-0.05357966 -0.4011893 2.088075 Tracked 76185250
-0.05344808 -0.4438468 2.098019 Tracked 76185284
-0.05092979 -0.4676212 2.105494 Tracked 76185317
-0.05039071 -0.4795222 2.103624 Tracked 76185350
-0.04319526 -0.4443078 2.133036 Tracked 76185384
-0.03697731 -0.5094672 2.103823 Tracked 76185417
-0.03497817 -0.5091525 2.099019 Tracked 76185450
0.16758 -0.4930201 2.072577 Tracked 76185484
0.1612594 -0.4976878 2.090671 Tracked 76185518
0.1586272 -0.4941771 2.09565 Tracked 76185551
0.1453363 -0.4838752 2.093206 Tracked 76185584
0.1355306 -0.4722135 2.093768 Tracked 76185618
-0.03412497 -0.4558838 2.081328 Tracked 76185651
-0.04520336 -0.3992346 2.091974 Tracked 76185684
-0.04953586 -0.3911106 2.086722 Tracked 76185718
-0.05938809 -0.3285588 2.088566 Tracked 76185751
-0.06013585 -0.3267628 2.084061 Tracked 76185784
-0.0490749 -0.2987401 2.065509 Tracked 76185819
-0.04753746 -0.2653309 2.062891 Tracked 76185857
-0.04462167 -0.2392367 2.060976 Tracked 76185888
-0.04512011 -0.2228117 2.055649 Tracked 76185920
-0.04428384 -0.2056603 2.047354 Tracked 76185953
-0.0454302 -0.1916095 2.035844 Tracked 76185987
-0.0449058 -0.1801658 2.02192 Tracked 76186020
-0.04668145 -0.1735191 1.963756 Tracked 76186053
-0.04160252 -0.1248077 1.972113 Tracked 76186084
-0.04628433 -0.1425867 1.970307 Tracked 76186120
-0.04820221 -0.1469718 1.963545 Tracked 76186154
-0.04888554 -0.1486114 1.951384 Tracked 76186187
-0.0472749 -0.1460214 1.937085 Tracked 76186221
-0.04474608 -0.1454277 1.922026 Tracked 76186254
-0.04052885 -0.1544526 1.85634 Tracked 76186287
-0.03125316 -0.1009156 1.840578 Tracked 76186318
-0.03120144 -0.1020668 1.838842 Tracked 76186353
-0.03190391 -0.1044366 1.833471 Tracked 76186387
-0.0306242 -0.1069381 1.827292 Tracked 76186420
-0.03031116 -0.1094048 1.821168 Tracked 76186453
-0.03037156 -0.1101474 1.817604 Tracked 76186488
-0.03073616 -0.1107763 1.813392 Tracked 76186518
-0.03070773 -0.1107811 1.810872 Tracked 76186551
-0.03053891 -0.1109632 1.808133 Tracked 76186583
-0.03045691 -0.1113275 1.805743 Tracked 76186618
-0.03051198 -0.1115309 1.804571 Tracked 76186651
-0.03073699 -0.1115162 1.803621 Tracked 76186684
-0.03094962 -0.111422 1.803305 Tracked 76186717
-0.03105513 -0.1113704 1.803315 Tracked 76186751
-0.03154184 -0.1110612 1.80407 Tracked 76186784
-0.03214687 -0.1095109 1.806386 Tracked 76186819
-0.0343365 -0.1072032 1.813564 Tracked 76186851
-0.03702566 -0.1047932 1.822493 Tracked 76186884
-0.03927944 -0.1035839 1.834139 Tracked 76186918
-0.04206229 -0.1025246 1.849374 Tracked 76186951
-0.04366526 -0.1057845 1.866451 Tracked 76186984
-0.04439878 -0.1107995 1.885826 Tracked 76187018
-0.04559295 -0.1197821 1.908275 Tracked 76187058
-0.04595336 -0.1293898 1.925927 Tracked 76187083
-0.04657931 -0.1391893 1.9872 Tracked 76187118
-0.04984726 -0.1759404 1.983907 Tracked 76187150
-0.05176717 -0.1492744 2.028411 Tracked 76187184
-0.05084814 -0.1584541 2.030982 Tracked 76187218
-0.0521597 -0.1694281 2.048312 Tracked 76187252
-0.05397411 -0.1791658 2.059477 Tracked 76187284
-0.05153087 -0.2684376 2.048287 Tracked 76187323
-0.04739897 -0.2811128 2.050832 Tracked 76187353
-0.05622119 -0.2955544 2.059556 Tracked 76187385
-0.05561642 -0.3543238 2.064751 Tracked 76187420
-0.05888035 -0.365918 2.088166 Tracked 76187455
-0.05357765 -0.402593 2.099051 Tracked 76187489
-0.08971643 -0.2698797 2.123326 Tracked 76187522
-0.08842823 -0.2718175 2.12363 Tracked 76187555
-0.09348639 -0.3675557 2.116722 Tracked 76187585
-0.07183195 -0.5128724 2.088736 Tracked 76187618
0.142593 -0.5732519 2.052242 Tracked 76187655
0.1365065 -0.5790029 2.054325 Tracked 76187691
0.1384684 -0.5788843 2.053524 Tracked 76187721
-0.1002921 -0.5899608 2.025864 Tracked 76187755
0.1177467 -0.5388941 2.071182 Tracked 76187785
0.07176182 -0.5933551 2.088603 Tracked 76187818
0.07065183 -0.5928428 2.086977 Tracked 76187851
0.07074555 -0.5805716 2.074364 Tracked 76187884
0.06968914 -0.5401669 2.024574 Tracked 76187918
0.06923116 -0.5322313 2.020896 Tracked 76187951
0.06031004 -0.5076256 2.004541 Tracked 76187985
0.05783816 -0.4957752 1.99651 Tracked 76188018
0.0539426 -0.468982 1.978187 Tracked 76188051
0.04862206 -0.4470384 1.956941 Tracked 76188084
0.01173271 -0.3618131 2.011595 Tracked 76188118
0.01173691 -0.3465974 2.007893 Tracked 76188151
-0.0487825 -0.229015 2.042293 Tracked 76188182
-0.04944369 -0.2216891 2.040394 Tracked 76188218
-0.04881259 -0.1998009 2.032495 Tracked 76188251
-0.04838777 -0.1837803 2.021032 Tracked 76188284
-0.04867504 -0.1781991 1.968694 Tracked 76188317
-0.04193276 -0.1409381 1.947002 Tracked 76188351
-0.04140306 -0.128641 1.95521 Tracked 76188384
-0.04507984 -0.1391362 1.956333 Tracked 76188418
-0.04568104 -0.1398487 1.954109 Tracked 76188452
-0.04292068 -0.1433986 1.941723 Tracked 76188484
-0.04216211 -0.1417496 1.930443 Tracked 76188518
-0.04092848 -0.1407562 1.917192 Tracked 76188550
-0.03959744 -0.1538369 1.850786 Tracked 76188584
-0.03044148 -0.09933167 1.837554 Tracked 76188617
-0.03041602 -0.1010992 1.835256 Tracked 76188651
-0.03043376 -0.1038914 1.830966 Tracked 76188684
-0.03066635 -0.1059446 1.826706 Tracked 76188718
-0.03026485 -0.1075938 1.82331 Tracked 76188751
-0.02997492 -0.108557 1.820337 Tracked 76188784
-0.02981538 -0.1090718 1.81791 Tracked 76188818
-0.02966285 -0.1100123 1.814975 Tracked 76188851
-0.02942817 -0.1103796 1.813915 Tracked 76188884
-0.02921105 -0.1108798 1.812295 Tracked 76188918
-0.02886137 -0.111342 1.811002 Tracked 76188951
-0.02867283 -0.1114776 1.810176 Tracked 76188983
-0.0286397 -0.1114627 1.809782 Tracked 76189017
-0.02864673 -0.1114303 1.809787 Tracked 76189051
-0.02874976 -0.1113144 1.809885 Tracked 76189082
-0.02866456 -0.1107367 1.811365 Tracked 76189122
-0.02909619 -0.1096725 1.815219 Tracked 76189156
-0.02935128 -0.1070205 1.822298 Tracked 76189187
-0.03007568 -0.1047376 1.833795 Tracked 76189218
-0.03118357 -0.1041822 1.846384 Tracked 76189251
-0.03178529 -0.104328 1.865618 Tracked 76189283
-0.03386949 -0.1090593 1.885924 Tracked 76189318
-0.03391048 -0.1166486 1.908403 Tracked 76189350
-0.03427576 -0.1232209 1.926255 Tracked 76189384
-0.03523252 -0.1335181 1.991442 Tracked 76189419
-0.03796091 -0.1712804 1.989744 Tracked 76189455
-0.03827594 -0.1433762 2.037255 Tracked 76189485
-0.03727738 -0.1548601 2.040651 Tracked 76189518
-0.03895766 -0.1766814 2.050789 Tracked 76189550
-0.04406331 -0.1881523 2.062049 Tracked 76189584
-0.04005231 -0.2626285 2.059592 Tracked 76189618
-0.03900595 -0.2791892 2.060985 Tracked 76189652
-0.03543605 -0.312039 2.065205 Tracked 76189684
-0.04563442 -0.2924033 2.092138 Tracked 76189718
-0.02990477 -0.3489471 2.097778 Tracked 76189751
-0.0486845 -0.3786522 2.098648 Tracked 76189784
-0.03526441 -0.3905461 2.102476 Tracked 76189818
-0.03357969 -0.4304642 2.09902 Tracked 76189852
-0.04033581 -0.4352752 2.096904 Tracked 76189884
-0.05431043 -0.4480909 2.096794 Tracked 76189918
-0.09274056 -0.4099274 2.0895 Tracked 76189951
-0.09030308 -0.4081402 2.090325 Tracked 76189984
-0.0716395 -0.3979247 2.102973 Tracked 76190018
-0.06034226 -0.3910328 2.107445 Tracked 76190051
-0.06019302 -0.3912154 2.106898 Tracked 76190084
-0.05978005 -0.3972861 2.094163 Tracked 76190118
-0.05933188 -0.3981257 2.088356 Tracked 76190151
-0.05870225 -0.3969169 2.081456 Tracked 76190184
-0.05748227 -0.3914476 2.070684 Tracked 76190218
-0.05687092 -0.3835207 2.058663 Tracked 76190251
-0.05486648 -0.3738867 2.050062 Tracked 76190284
-0.0535287 -0.3591032 2.038978 Tracked 76190318
-0.05729739 -0.2932269 2.04629 Tracked 76190350
-0.04135004 -0.2227398 2.064022 Tracked 76190384
-0.0421456 -0.2185542 2.061542 Tracked 76190418
-0.04317541 -0.2030764 2.050645 Tracked 76190452
-0.04363957 -0.1900641 2.039994 Tracked 76190484
