-0.09576771 0.5084292 2.034681 Tracked 68240213
-0.09576771 0.5084292 2.034681 Tracked 68240214
-0.09576771 0.5084292 2.034681 Tracked 68240215
-0.09576771 0.5084292 2.034681 Tracked 68240215
-0.09576771 0.5084292 2.034681 Tracked 68240215
-0.09576771 0.5084292 2.034681 Tracked 68240215
-0.09576771 0.5084292 2.034681 Tracked 68240215
-0.09576771 0.5084292 2.034681 Tracked 68240215
-0.09576771 0.5084292 2.034681 Tracked 68240215
-0.09576771 0.5084292 2.034681 Tracked 68240215
-0.09576771 0.5084292 2.034681 Tracked 68240215
-0.09576771 0.5084292 2.034681 Tracked 68240215
-0.09576771 0.5084292 2.034681 Tracked 68240215
-0.09576771 0.5084292 2.034681 Tracked 68240215
-0.09576771 0.5084292 2.034681 Tracked 68240215
-0.09576771 0.5084292 2.034681 Tracked 68240215
-0.09576771 0.5084292 2.034681 Tracked 68240215
-0.09576771 0.5084292 2.034681 Tracked 68240215
-0.09576771 0.5084292 2.034681 Tracked 68240215
-0.09576771 0.5084292 2.034681 Tracked 68240215
-0.09576771 0.5084292 2.034681 Tracked 68240215
-0.09576771 0.5084292 2.034681 Tracked 68240215
-0.09576771 0.5084292 2.034681 Tracked 68240215
-0.09576771 0.5084292 2.034681 Tracked 68240215
-0.09576771 0.5084292 2.034681 Tracked 68240215
-0.09576771 0.5084292 2.034681 Tracked 68240215
-0.1514234 0.108825 1.747674 Tracked 68240215
-0.1517393 0.1083891 1.747682 Tracked 68240223
-0.1519722 0.1145744 1.749868 Tracked 68240256
-0.121878 0.1304024 1.766008 Tracked 68240289
-0.1208354 0.1379294 1.765395 Tracked 68240324
-0.09935497 0.1843496 1.77411 Tracked 68240357
-0.1062126 0.2053759 1.780177 Tracked 68240390
-0.1114072 0.2529753 1.794814 Tracked 68240424
-0.1162981 0.2899472 1.805825 Tracked 68240456
-0.1166915 0.3242733 1.820419 Tracked 68240490
-0.1141971 0.3598107 1.835076 Tracked 68240524
-0.1145061 0.3785192 1.840291 Tracked 68240558
-0.118423 0.4121731 1.8634 Tracked 68240590
-0.1188907 0.4103061 1.904565 Tracked 68240624
-0.1177414 0.423326 1.912115 Tracked 68240657
-0.1180334 0.4421114 1.924799 Tracked 68240690
-0.1185742 0.4492248 1.929428 Tracked 68240724
-0.1187248 0.4554447 1.934391 Tracked 68240757
-0.1195331 0.4841765 1.963206 Tracked 68240791
-0.1194747 0.4853137 1.964863 Tracked 68240823
-0.1191821 0.4866703 1.966723 Tracked 68240857
-0.1190671 0.4880062 1.968832 Tracked 68240890
-0.1189949 0.4895077 1.97077 Tracked 68240924
-0.1188938 0.4906698 1.97208 Tracked 68240957
-0.1186611 0.4914083 1.972904 Tracked 68240990
-0.1169938 0.4982167 1.986906 Tracked 68241026
-0.1166468 0.4994823 1.989515 Tracked 68241057
-0.1166113 0.49878 1.987793 Tracked 68241090
-0.1166358 0.4982468 1.986525 Tracked 68241124
-0.1165806 0.4978762 1.985382 Tracked 68241157
-0.1164367 0.4976737 1.984779 Tracked 68241190
-0.1163374 0.497508 1.983996 Tracked 68241224
-0.1162102 0.4974722 1.983549 Tracked 68241257
-0.1159554 0.4973487 1.982953 Tracked 68241291
-0.115927 0.4972441 1.982338 Tracked 68241324
-0.1158431 0.497078 1.980971 Tracked 68241358
-0.1157743 0.4964523 1.979 Tracked 68241390
-0.1158174 0.4951137 1.975795 Tracked 68241424
-0.1160374 0.4933777 1.972387 Tracked 68241457
-0.112633 0.4790086 1.951449 Tracked 68241490
-0.1131878 0.4778254 1.951322 Tracked 68241525
-0.1142172 0.4600359 1.940403 Tracked 68241557
-0.1162433 0.3985999 1.900708 Tracked 68241591
-0.1153991 0.3885056 1.851189 Tracked 68241624
-0.1143966 0.367538 1.845042 Tracked 68241657
-0.1131118 0.3094667 1.830483 Tracked 68241689
-0.1147618 0.2921098 1.82522 Tracked 68241723
-0.1255173 0.2180955 1.80713 Tracked 68241756
-0.1217976 0.187223 1.803846 Tracked 68241789
-0.127023 0.136752 1.793886 Tracked 68241823
-0.1386071 0.1195364 1.783557 Tracked 68241858
-0.1587932 0.09637265 1.792297 Tracked 68241891
-0.1597089 0.08740103 1.777098 Tracked 68241924
-0.1487814 0.05259934 1.777158 Tracked 68241957
-0.1444604 0.04525455 1.776865 Tracked 68241989
-0.09368634 0.01618996 1.77961 Tracked 68242024
-0.08088183 0.02660008 1.783943 Tracked 68242057
-0.07906388 0.02927518 1.782903 Tracked 68242089
-0.07734951 0.03801279 1.782536 Tracked 68242123
-0.07086328 0.06941164 1.786282 Tracked 68242156
-0.06608956 0.0971669 1.777525 Tracked 68242190
-0.1001756 0.1193753 1.77961 Tracked 68242223
-0.09909657 0.1750631 1.791799 Tracked 68242257
-0.1001598 0.1937241 1.794856 Tracked 68242290
-0.1016703 0.2469187 1.810618 Tracked 68242324
-0.1050787 0.2859339 1.820317 Tracked 68242356
-0.1061385 0.3272595 1.833912 Tracked 68242389
-0.1065472 0.3646485 1.850022 Tracked 68242423
-0.1081695 0.3847422 1.856755 Tracked 68242457
-0.1152182 0.4011892 1.912779 Tracked 68242490
-0.1135966 0.4174654 1.924839 Tracked 68242524
-0.1127407 0.4417673 1.940221 Tracked 68242556
-0.1152143 0.4586081 1.950495 Tracked 68242589
-0.1172031 0.4712319 1.959071 Tracked 68242625
-0.1178347 0.4826905 1.968671 Tracked 68242657
-0.1178941 0.4829274 1.96853 Tracked 68242691
-0.1183434 0.4867686 1.972437 Tracked 68242724
-0.1187052 0.4891995 1.975838 Tracked 68242759
-0.1185382 0.490832 1.978392 Tracked 68242791
-0.1185022 0.4954616 1.987083 Tracked 68242824
-0.1185122 0.4971428 1.990265 Tracked 68242857
-0.1184399 0.4980547 1.992361 Tracked 68242891
-0.1184255 0.503471 2.005107 Tracked 68242924
-0.1184039 0.5032828 2.004374 Tracked 68242957
-0.1183389 0.5030891 2.003623 Tracked 68242990
-0.1184247 0.5037913 2.004646 Tracked 68243025
-0.1183007 0.5029228 2.002564 Tracked 68243057
-0.1182321 0.5022207 2.000431 Tracked 68243090
-0.1181088 0.5013258 1.99803 Tracked 68243125
-0.1181854 0.4996305 1.993996 Tracked 68243157
-0.1181221 0.4936569 1.979631 Tracked 68243190
-0.1182683 0.4927385 1.978437 Tracked 68243224
-0.116232 0.4661602 1.938646 Tracked 68243257
-0.1161149 0.4638714 1.937036 Tracked 68243290
-0.1158307 0.4202649 1.908497 Tracked 68243324
-0.114803 0.4254181 1.874829 Tracked 68243358
-0.1117859 0.385938 1.841459 Tracked 68243391
-0.1131691 0.3663909 1.835266 Tracked 68243423
-0.1186074 0.3108955 1.815189 Tracked 68243456
-0.1155492 0.2726193 1.807005 Tracked 68243489
-0.1239983 0.2214444 1.795396 Tracked 68243523
-0.1206873 0.1868873 1.785126 Tracked 68243556
-0.1552285 0.1487821 1.775123 Tracked 68243589
-0.1530158 0.1241107 1.766879 Tracked 68243623
-0.1583177 0.08860438 1.764523 Tracked 68243656
-0.1571987 0.07816751 1.76451 Tracked 68243689
-0.06087751 0.0654996 1.768287 Tracked 68243723
-0.06188853 0.05921322 1.769497 Tracked 68243756
-0.06337901 0.03115715 1.771374 Tracked 68243789
-0.06520259 0.02365547 1.771338 Tracked 68243823
-0.06820063 0.01944725 1.771327 Tracked 68243856
-0.0695629 0.02852518 1.782739 Tracked 68243889
-0.05797905 0.08289845 1.767329 Tracked 68243923
-0.05838424 0.08832297 1.768423 Tracked 68243957
-0.06190066 0.1082952 1.769531 Tracked 68243990
-0.07598311 0.1180684 1.776631 Tracked 68244025
-0.09065036 0.1419476 1.785079 Tracked 68244058
-0.1198494 0.1868826 1.795433 Tracked 68244090
-0.1210499 0.2108926 1.806606 Tracked 68244124
-0.121035 0.2609564 1.825156 Tracked 68244156
-0.1194308 0.2882007 1.834416 Tracked 68244190
-0.1221552 0.3334351 1.849671 Tracked 68244224
-0.1200318 0.3620892 1.85699 Tracked 68244257
-0.1172683 0.4070016 1.874555 Tracked 68244290
-0.1193691 0.4291973 1.892179 Tracked 68244324
-0.1151659 0.4286346 1.950879 Tracked 68244357
-0.1145443 0.435981 1.954024 Tracked 68244391
-0.1161759 0.4545384 1.961275 Tracked 68244425
-0.115914 0.4543149 1.960738 Tracked 68244459
-0.1149006 0.4584249 1.962632 Tracked 68244490
-0.1141132 0.4616909 1.964217 Tracked 68244524
-0.1126078 0.4716944 1.971795 Tracked 68244557
-0.1119154 0.474958 1.973838 Tracked 68244590
-0.109644 0.4891421 1.988936 Tracked 68244624
-0.1096712 0.4881911 1.987667 Tracked 68244657
-0.1097933 0.4916902 1.991186 Tracked 68244690
-0.1097071 0.4926777 1.991799 Tracked 68244724
-0.1099443 0.4902339 1.988464 Tracked 68244757
-0.1099562 0.4885172 1.985778 Tracked 68244790
-0.1102262 0.4871332 1.983624 Tracked 68244823
-0.1102653 0.4856257 1.981053 Tracked 68244856
-0.110735 0.4843065 1.978331 Tracked 68244890
-0.1114159 0.4842379 1.972479 Tracked 68244924
-0.1117253 0.4808149 1.969096 Tracked 68244957
-0.112858 0.4749315 1.96354 Tracked 68244991
-0.118571 0.4411326 1.922497 Tracked 68245024
-0.1194698 0.4291863 1.91454 Tracked 68245057
-0.116643 0.4348963 1.861905 Tracked 68245090
-0.1167837 0.3858613 1.841909 Tracked 68245124
-0.1162998 0.3566299 1.828413 Tracked 68245157
-0.1181381 0.3036712 1.811235 Tracked 68245190
-0.1187821 0.2652099 1.802429 Tracked 68245224
-0.09254445 0.2395624 1.798614 Tracked 68245258
-0.09094759 0.1914013 1.792635 Tracked 68245289
-0.1203971 0.13057 1.784905 Tracked 68245323
-0.1480459 0.111132 1.777155 Tracked 68245356
-0.1567625 0.08839507 1.772255 Tracked 68245389
-0.1449878 0.04863029 1.775089 Tracked 68245424
-0.1411203 0.02834719 1.775708 Tracked 68245456
-0.1402722 0.02818086 1.777742 Tracked 68245490
-0.1438249 0.02270327 1.782033 Tracked 68245523
-0.1381259 0.01811096 1.786217 Tracked 68245557
-0.1244691 0.01248103 1.787002 Tracked 68245590
-0.1055479 0.03043517 1.793967 Tracked 68245624
-0.09749885 0.06072077 1.795782 Tracked 68245656
-0.08704109 0.1024858 1.810105 Tracked 68245689
-0.1031762 0.1421795 1.817608 Tracked 68245724
-0.1044443 0.1774329 1.826626 Tracked 68245756
-0.1190788 0.2239429 1.83556 Tracked 68245790
-0.1149218 0.2592468 1.849036 Tracked 68245824
-0.1166051 0.3017817 1.861883 Tracked 68245857
-0.120572 0.3323344 1.876965 Tracked 68245890
-0.1211432 0.3668673 1.892527 Tracked 68245924
-0.1174784 0.3926633 1.904567 Tracked 68245957
-0.1169144 0.4143533 1.913368 Tracked 68245990
-0.1180573 0.439032 1.930156 Tracked 68246023
-0.117637 0.4356069 1.987327 Tracked 68246059
-0.1168913 0.4392533 1.987725 Tracked 68246090
-0.1176401 0.4512651 1.987792 Tracked 68246124
-0.1172547 0.4538197 1.987815 Tracked 68246156
-0.1167191 0.4564638 1.988037 Tracked 68246190
-0.1166218 0.4586673 1.988324 Tracked 68246223
-0.1165574 0.4607538 1.988724 Tracked 68246257
-0.1163835 0.4626262 1.989151 Tracked 68246290
-0.1161636 0.4639296 1.989408 Tracked 68246325
-0.1160112 0.4650773 1.989872 Tracked 68246357
-0.1161285 0.4696537 1.992045 Tracked 68246389
-0.1162236 0.4725995 1.993627 Tracked 68246423
-0.1169013 0.4783309 1.996214 Tracked 68246456
-0.1168683 0.4783629 1.99623 Tracked 68246490
-0.1168401 0.4783835 1.996188 Tracked 68246524
-0.1167383 0.4782359 1.995693 Tracked 68246557
-0.1166675 0.4784261 1.991849 Tracked 68246591
-0.1165888 0.4773443 1.990794 Tracked 68246625
-0.1164027 0.4744753 1.988338 Tracked 68246659
-0.1147907 0.4846349 1.933488 Tracked 68246691
-0.1189608 0.4321187 1.942036 Tracked 68246724
-0.1170659 0.4443408 1.902017 Tracked 68246757
-0.117608 0.4297962 1.889687 Tracked 68246790
-0.1159016 0.4122702 1.875042 Tracked 68246824
-0.1151682 0.4025994 1.867004 Tracked 68246856
-0.1143714 0.3823705 1.859069 Tracked 68246890
-0.1161904 0.356599 1.853263 Tracked 68246924
-0.1168788 0.3465978 1.848547 Tracked 68246957
-0.1165327 0.3305224 1.844332 Tracked 68246990
-0.1190592 0.2779493 1.829625 Tracked 68247023
-0.1187351 0.2664537 1.827945 Tracked 68247056
-0.1203503 0.2455584 1.823155 Tracked 68247089
-0.1217084 0.2323238 1.820643 Tracked 68247125
-0.1212629 0.2216961 1.819147 Tracked 68247157
-0.1211941 0.2158291 1.818485 Tracked 68247190
-0.1221588 0.2136876 1.81714 Tracked 68247223
-0.1221787 0.2137558 1.816975 Tracked 68247256
-0.1229719 0.2170578 1.816666 Tracked 68247291
-0.1231605 0.229485 1.817203 Tracked 68247324
-0.1235439 0.2482333 1.818835 Tracked 68247357
-0.1228522 0.2740991 1.822343 Tracked 68247390
-0.1235034 0.2990938 1.828022 Tracked 68247425
-0.1225035 0.3226074 1.834296 Tracked 68247457
-0.1225698 0.3486763 1.842064 Tracked 68247490
-0.1232741 0.3508406 1.862451 Tracked 68247524
-0.1266604 0.3760552 1.883583 Tracked 68247557
-0.125997 0.3902714 1.889203 Tracked 68247590
-0.1230931 0.4227624 1.905403 Tracked 68247624
-0.1236076 0.4340343 1.909988 Tracked 68247657
-0.1235992 0.4563839 1.920358 Tracked 68247690
-0.1237234 0.4579276 1.920739 Tracked 68247725
-0.124706 0.4822056 1.943226 Tracked 68247758
-0.1242629 0.4846934 1.945407 Tracked 68247791
-0.1237374 0.4867753 1.94725 Tracked 68247824
-0.1232894 0.4885334 1.949018 Tracked 68247856
-0.1228298 0.4895182 1.949768 Tracked 68247890
-0.1224844 0.4902408 1.950418 Tracked 68247924
-0.1200783 0.4939956 1.955365 Tracked 68247957
-0.1199933 0.4940078 1.954971 Tracked 68247989
-0.1187247 0.4949471 1.955631 Tracked 68248024
-0.1187057 0.4946872 1.95485 Tracked 68248076
-0.1186075 0.4944254 1.953909 Tracked 68248091
-0.1183885 0.4939108 1.95257 Tracked 68248124
-0.1183095 0.493222 1.950789 Tracked 68248156
-0.1180607 0.4920646 1.948203 Tracked 68248191
-0.1178292 0.4901817 1.944813 Tracked 68248224
-0.1175718 0.4866532 1.940027 Tracked 68248257
-0.1176528 0.480267 1.933851 Tracked 68248289
-0.1097375 0.4317962 1.886327 Tracked 68248324
-0.1106059 0.4285699 1.83423 Tracked 68248356
-0.111094 0.402926 1.817386 Tracked 68248391
-0.1120148 0.3653055 1.799451 Tracked 68248424
-0.1116254 0.3209911 1.791687 Tracked 68248458
-0.1112235 0.2958752 1.785344 Tracked 68248491
-0.1181996 0.2202601 1.768957 Tracked 68248524
-0.1229641 0.1766565 1.756254 Tracked 68248556
-0.1579135 0.1427343 1.745866 Tracked 68248590
-0.1601849 0.09658898 1.736474 Tracked 68248623
-0.1703686 0.04886822 1.749571 Tracked 68248656
-0.1623629 0.01263322 1.736101 Tracked 68248689
-0.06664968 -0.001342751 1.737976 Tracked 68248723
-0.02133653 -0.03239043 1.872595 Tracked 68248757
-0.07161206 -0.01454523 1.738204 Tracked 68248790
-0.07214767 -0.01092599 1.742098 Tracked 68248824
-0.07319197 -0.003515409 1.742939 Tracked 68248857
-0.07777598 0.02889882 1.745796 Tracked 68248889
-0.08078724 0.04353109 1.745261 Tracked 68248923
-0.09817968 0.0579465 1.739266 Tracked 68248956
-0.0833667 0.1355233 1.751666 Tracked 68248989
-0.1098787 0.149461 1.755016 Tracked 68249025
-0.1109659 0.1798945 1.762118 Tracked 68249057
-0.1182488 0.2217338 1.774056 Tracked 68249089
-0.1212885 0.2558634 1.782811 Tracked 68249124
-0.1194228 0.3068598 1.79353 Tracked 68249157
-0.1173357 0.3388586 1.806827 Tracked 68249190
-0.1153307 0.3629736 1.812202 Tracked 68249224
-0.1170266 0.3975323 1.831797 Tracked 68249257
-0.1170859 0.4180277 1.846369 Tracked 68249290
-0.1158959 0.4283463 1.901868 Tracked 68249324
-0.1158452 0.4281258 1.9013 Tracked 68249357
-0.1151382 0.4349525 1.905072 Tracked 68249389
-0.113115 0.4510998 1.915352 Tracked 68249423
-0.1125349 0.4559492 1.918613 Tracked 68249457
-0.1115475 0.4687609 1.928316 Tracked 68249489
-0.1096271 0.4902261 1.94863 Tracked 68249524
-0.109295 0.4921866 1.950885 Tracked 68249557
-0.1088039 0.4937385 1.952856 Tracked 68249589
-0.1078066 0.4968069 1.957945 Tracked 68249624
-0.1077053 0.497165 1.95842 Tracked 68249658
-0.1075076 0.4974371 1.958803 Tracked 68249690
-0.107326 0.4975873 1.959171 Tracked 68249724
-0.1073047 0.4975972 1.959185 Tracked 68249757
-0.1068548 0.4976258 1.959504 Tracked 68249789
-0.106597 0.4974137 1.959357 Tracked 68249823
-0.1064902 0.4966027 1.95893 Tracked 68249857
-0.1062561 0.4943835 1.95744 Tracked 68249890
-0.1026744 0.4690526 1.935669 Tracked 68249924
-0.1024847 0.462981 1.9312 Tracked 68249957
-0.1039647 0.418017 1.902647 Tracked 68249990
-0.1034837 0.4126981 1.854057 Tracked 68250025
-0.1041181 0.3955456 1.84662 Tracked 68250058
-0.1027634 0.3428109 1.823398 Tracked 68250108
-0.1083037 0.2961939 1.810133 Tracked 68250124
-0.1116182 0.2525194 1.806053 Tracked 68250157
-0.1230123 0.2061411 1.797707 Tracked 68250189
-0.1154516 0.1671353 1.785398 Tracked 68250224
-0.08506756 0.1289328 1.786113 Tracked 68250257
-0.1620095 0.09704952 1.789202 Tracked 68250290
-0.1465047 0.03461333 1.753737 Tracked 68250324
-0.1466917 0.02973035 1.75384 Tracked 68250356
-0.05481575 0.01284949 1.763851 Tracked 68250389
-0.07309287 -0.004892766 1.770477 Tracked 68250423
-0.0746581 -0.004104496 1.771916 Tracked 68250456
-0.08071081 0.003300917 1.774091 Tracked 68250489
-0.08883438 0.01404804 1.768603 Tracked 68250523
-0.09119622 0.02109319 1.762797 Tracked 68250556
-0.1083094 0.05489513 1.755389 Tracked 68250590
-0.1179035 0.07927223 1.753537 Tracked 68250624
-0.1033655 0.1374079 1.762821 Tracked 68250657
-0.1157098 0.1676001 1.76603 Tracked 68250689
-0.1339967 0.2136397 1.774458 Tracked 68250724
-0.1353959 0.2431814 1.780715 Tracked 68250757
-0.1365406 0.2892705 1.794069 Tracked 68250790
-0.139588 0.3183952 1.80507 Tracked 68250825
-0.1428844 0.3537112 1.817456 Tracked 68250858
-0.1454799 0.3711924 1.855873 Tracked 68250890
-0.1445765 0.3931956 1.871673 Tracked 68250924
-0.1433005 0.4159998 1.890019 Tracked 68250957
-0.1439571 0.4370892 1.905917 Tracked 68250990
-0.1438344 0.4418879 1.90783 Tracked 68251024
-0.1464346 0.4772817 1.930644 Tracked 68251057
-0.1461356 0.4790668 1.932255 Tracked 68251091
-0.1457956 0.4815215 1.934884 Tracked 68251126
-0.14524 0.4839958 1.938116 Tracked 68251158
-0.1444011 0.4863357 1.941691 Tracked 68251190
-0.1424506 0.492163 1.952642 Tracked 68251224
-0.1419382 0.4943413 1.956929 Tracked 68251257
-0.1413533 0.4956888 1.95963 Tracked 68251290
-0.1408646 0.496521 1.961824 Tracked 68251324
-0.1395091 0.5001541 1.970708 Tracked 68251357
-0.1387385 0.5012665 1.973997 Tracked 68251390
-0.1380867 0.5019467 1.976229 Tracked 68251424
-0.1376987 0.5022737 1.978179 Tracked 68251458
-0.1375174 0.5023906 1.978823 Tracked 68251490
-0.136142 0.5026227 1.981994 Tracked 68251524
-0.1361503 0.5025375 1.981962 Tracked 68251557
-0.1362421 0.5021152 1.981608 Tracked 68251590
-0.1352524 0.4977447 1.977858 Tracked 68251624
-0.1357155 0.4966693 1.976571 Tracked 68251657
-0.1359022 0.49292 1.973033 Tracked 68251690
-0.1340537 0.4759665 1.959211 Tracked 68251724
-0.1291431 0.4256394 1.92214 Tracked 68251757
-0.1284836 0.4312542 1.88711 Tracked 68251790
-0.1263666 0.3896274 1.854917 Tracked 68251824
-0.1248134 0.3692344 1.847456 Tracked 68251857
-0.1241403 0.3118065 1.833387 Tracked 68251889
-0.1251324 0.2944692 1.827696 Tracked 68251923
-0.1277443 0.2194379 1.805685 Tracked 68251957
-0.1281947 0.1759911 1.794234 Tracked 68251990
-0.1245321 0.1260407 1.793228 Tracked 68252024
-0.163118 0.1006383 1.779393 Tracked 68252057
-0.1648189 0.05618311 1.768889 Tracked 68252090
-0.09396736 0.02322611 1.783502 Tracked 68252125
-0.09160845 0.01925529 1.784821 Tracked 68252158
-0.09000763 0.01516583 1.78592 Tracked 68252190
-0.08859097 0.01302476 1.786224 Tracked 68252224
-0.08902574 0.009461593 1.784723 Tracked 68252257
-0.09433269 0.02336365 1.785477 Tracked 68252289
-0.09654206 0.03242128 1.78198 Tracked 68252323
-0.105453 0.06212432 1.773479 Tracked 68252356
-0.1154173 0.08944655 1.77537 Tracked 68252390
-0.09606013 0.1547055 1.785071 Tracked 68252424
-0.1045739 0.1859428 1.791343 Tracked 68252457
-0.120201 0.2300335 1.807949 Tracked 68252490
-0.1224358 0.258164 1.813051 Tracked 68252524
-0.1204802 0.3030375 1.823046 Tracked 68252557
-0.120388 0.3550867 1.844003 Tracked 68252592
-0.1186384 0.3697304 1.845527 Tracked 68252623
-0.119447 0.4036129 1.860248 Tracked 68252657
-0.1182352 0.4281945 1.880384 Tracked 68252690
-0.1147432 0.4286697 1.940855 Tracked 68252724
-0.113126 0.4345546 1.94211 Tracked 68252757
-0.1144497 0.4549433 1.949267 Tracked 68252792
-0.114053 0.4558868 1.949342 Tracked 68252825
-0.1135192 0.4578342 1.949965 Tracked 68252857
-0.1121599 0.4794163 1.967959 Tracked 68252890
-0.1116678 0.4820237 1.970795 Tracked 68252924
-0.1116539 0.4833854 1.971933 Tracked 68252957
-0.1116727 0.4845341 1.973113 Tracked 68252990
-0.1117345 0.4853418 1.973832 Tracked 68253024
-0.1116517 0.4861433 1.974608 Tracked 68253057
-0.111632 0.4866075 1.97493 Tracked 68253089
-0.1116201 0.4869184 1.975089 Tracked 68253124
-0.1116546 0.4871107 1.975064 Tracked 68253157
-0.111674 0.4871803 1.975014 Tracked 68253190
-0.1117035 0.487153 1.973657 Tracked 68253224
-0.1115343 0.4866369 1.972476 Tracked 68253257
-0.1110644 0.4849362 1.969719 Tracked 68253290
-0.1107063 0.4813781 1.965414 Tracked 68253325
-0.1057965 0.4810016 1.899623 Tracked 68253357
-0.1037355 0.4428523 1.87078 Tracked 68253391
-0.1041494 0.4222769 1.857599 Tracked 68253424
-0.1032202 0.3929222 1.841001 Tracked 68253458
-0.1013077 0.3470491 1.817149 Tracked 68253490
-0.1047914 0.3020602 1.805068 Tracked 68253523
-0.1058886 0.2551573 1.793537 Tracked 68253557
-0.118665 0.2041713 1.78743 Tracked 68253590
-0.114588 0.1624152 1.776192 Tracked 68253624
-0.1317464 0.1226716 1.758725 Tracked 68253657
-0.1343142 0.1096544 1.758048 Tracked 68253690
-0.1245473 0.05797178 1.759739 Tracked 68253723
-0.1270955 0.04969136 1.757798 Tracked 68253757
0.002062564 0.1484847 1.937098 Tracked 68253789
-0.08964942 -0.227616 2.212385 Tracked 68253825
-0.1205493 0.1650975 2.111873 Tracked 68253857
-0.005631297 0.1484772 1.932166 Tracked 68253889
-0.1828395 -0.03749504 1.884041 Tracked 68253923
-0.1790265 -0.0230367 1.887144 Tracked 68253957
-0.1899594 0.01464109 1.872778 Tracked 68253990
-0.184309 0.06290419 1.858613 Tracked 68254023
-0.1274798 0.131488 1.770155 Tracked 68254056
-0.1175123 0.1537182 1.78269 Tracked 68254090
-0.1135091 0.1958958 1.794661 Tracked 68254124
-0.1061066 0.2385296 1.79871 Tracked 68254157
-0.1058256 0.2721191 1.808059 Tracked 68254191
-0.105723 0.3227013 1.822446 Tracked 68254223
-0.1013837 0.3484266 1.829209 Tracked 68254258
-0.1020914 0.3695455 1.834209 Tracked 68254291
-0.1020228 0.4036608 1.849694 Tracked 68254324
-0.1034719 0.4225525 1.861603 Tracked 68254357
-0.1038542 0.4330072 1.870833 Tracked 68254390
-0.1061619 0.4411304 1.929295 Tracked 68254424
-0.1064127 0.4376219 1.926389 Tracked 68254457
-0.1065916 0.4392319 1.926441 Tracked 68254490
-0.1074943 0.4421084 1.926988 Tracked 68254524
-0.1101396 0.4724292 1.942236 Tracked 68254557
-0.1102731 0.4717122 1.941828 Tracked 68254590
-0.1104107 0.4713797 1.941671 Tracked 68254623
-0.1104857 0.4712062 1.941629 Tracked 68254657
-0.1108958 0.4723514 1.942579 Tracked 68254690
-0.1114112 0.4732973 1.943443 Tracked 68254724
-0.111639 0.4738085 1.943811 Tracked 68254759
-0.111778 0.4739981 1.943908 Tracked 68254791
-0.1119577 0.4740789 1.943812 Tracked 68254824
-0.1121425 0.4739439 1.943432 Tracked 68254858
-0.1135323 0.470712 1.936266 Tracked 68254891
-0.114039 0.4585605 1.922671 Tracked 68254924
-0.1115864 0.4733453 1.88265 Tracked 68254957
-0.1134597 0.4331824 1.85296 Tracked 68254991
-0.1126866 0.4266415 1.846722 Tracked 68255024
-0.1089021 0.3823642 1.826501 Tracked 68255059
-0.1087532 0.3525589 1.812004 Tracked 68255091
-0.1107917 0.3036056 1.795113 Tracked 68255124
-0.1108314 0.2678033 1.78944 Tracked 68255174
-0.1179822 0.2227764 1.782526 Tracked 68255191
-0.1198534 0.1887796 1.777229 Tracked 68255226
-0.1152184 0.1408129 1.77436 Tracked 68255257
-0.115688 0.1169926 1.775433 Tracked 68255289
-0.138535 0.1002661 1.759552 Tracked 68255323
