-0.1131263 0.5238498 2.030415 Tracked 69380216
-0.1131671 0.5238796 2.030351 Tracked 69380226
-0.1132612 0.5238934 2.030402 Tracked 69380258
-0.1132917 0.5240461 2.030304 Tracked 69380292
-0.1133558 0.52405 2.030246 Tracked 69380326
-0.1136093 0.52408 2.030141 Tracked 69380358
-0.1138195 0.5242442 2.029786 Tracked 69380393
-0.115306 0.5239573 2.02885 Tracked 69380426
-0.118791 0.5238565 2.02761 Tracked 69380458
-0.1232097 0.5241053 2.024967 Tracked 69380494
-0.1297454 0.5236955 2.019684 Tracked 69380527
-0.139839 0.5228188 2.013733 Tracked 69380559
-0.1520896 0.51981 2.006614 Tracked 69380593
-0.170831 0.5141894 1.998438 Tracked 69380626
-0.1892456 0.5032938 1.985848 Tracked 69380658
-0.2102725 0.4868487 1.97361 Tracked 69380693
-0.2343633 0.463768 1.95921 Tracked 69380726
-0.2420189 0.454418 1.955765 Tracked 69380760
-0.2831039 0.3938222 1.930838 Tracked 69380794
-0.3002773 0.3561227 1.923579 Tracked 69380826
-0.3149352 0.3176386 1.912328 Tracked 69380858
-0.3257775 0.28105 1.900801 Tracked 69380893
-0.339161 0.2349401 1.892901 Tracked 69380926
-0.3419039 0.206305 1.888638 Tracked 69380959
-0.3467934 0.1720254 1.882319 Tracked 69380992
-0.348095 0.1472137 1.876611 Tracked 69381026
-0.3480916 0.1270435 1.875865 Tracked 69381060
-0.3491167 0.1071079 1.873384 Tracked 69381093
-0.3491881 0.09803361 1.872818 Tracked 69381126
-0.3486035 0.09362262 1.872624 Tracked 69381158
-0.3481464 0.08983953 1.872607 Tracked 69381193
-0.3481415 0.08993298 1.872482 Tracked 69381227
-0.3486599 0.09191138 1.872524 Tracked 69381259
-0.3500988 0.1082254 1.873045 Tracked 69381292
-0.3517595 0.1378194 1.87555 Tracked 69381326
-0.3536162 0.1688676 1.876431 Tracked 69381371
-0.3497775 0.2049139 1.882961 Tracked 69381393
-0.3408823 0.2545568 1.89511 Tracked 69381426
-0.3324214 0.2871908 1.901688 Tracked 69381459
-0.3204844 0.3348663 1.908706 Tracked 69381494
-0.3139983 0.3552684 1.913758 Tracked 69381526
-0.2923668 0.3992149 1.931307 Tracked 69381558
-0.2932886 0.3985831 1.930983 Tracked 69381593
-0.2642801 0.4461183 1.949135 Tracked 69381625
-0.2567138 0.4549503 1.952675 Tracked 69381659
-0.2380111 0.4727571 1.9618 Tracked 69381693
-0.2259561 0.4839026 1.967238 Tracked 69381726
-0.2247435 0.4848922 1.967625 Tracked 69381760
-0.2053331 0.4974074 1.97633 Tracked 69381793
-0.1992962 0.5003426 1.97814 Tracked 69381825
-0.194648 0.5026222 1.979253 Tracked 69381858
-0.1905327 0.503857 1.9809 Tracked 69381894
-0.1877684 0.5049505 1.982252 Tracked 69381926
-0.1865004 0.5054486 1.982571 Tracked 69381958
-0.185805 0.5055664 1.98275 Tracked 69381993
-0.1858058 0.5055829 1.982661 Tracked 69382026
-0.1867275 0.5052988 1.981841 Tracked 69382058
-0.1907325 0.5042303 1.979355 Tracked 69382094
-0.1985438 0.5021238 1.973837 Tracked 69382126
-0.2156547 0.495053 1.964615 Tracked 69382159
-0.2360708 0.4824398 1.951309 Tracked 69382193
-0.2546981 0.4667487 1.937972 Tracked 69382226
-0.2742373 0.4453481 1.923344 Tracked 69382258
-0.2952846 0.4107653 1.91288 Tracked 69382293
-0.3108539 0.3733797 1.900411 Tracked 69382326
-0.3241756 0.3330032 1.889622 Tracked 69382359
-0.3325515 0.3101156 1.880056 Tracked 69382394
-0.3445902 0.2625691 1.864693 Tracked 69382427
-0.3528233 0.2270816 1.858123 Tracked 69382459
-0.3515438 0.195578 1.855391 Tracked 69382492
-0.3541922 0.1715564 1.850339 Tracked 69382526
-0.3555437 0.1425637 1.848428 Tracked 69382558
-0.3535137 0.1250059 1.849586 Tracked 69382593
-0.3526879 0.0979432 1.851797 Tracked 69382627
-0.3526515 0.08954763 1.85273 Tracked 69382658
-0.3518772 0.07535935 1.855812 Tracked 69382694
-0.3510676 0.06637528 1.85776 Tracked 69382726
-0.3510543 0.06238357 1.858766 Tracked 69382759
-0.351388 0.06177022 1.859364 Tracked 69382793
-0.3518034 0.06328609 1.859764 Tracked 69382827
-0.3540773 0.07484517 1.861005 Tracked 69382857
-0.3560571 0.1004557 1.862746 Tracked 69382893
-0.3572997 0.1351677 1.863435 Tracked 69382925
-0.3589461 0.1729513 1.864497 Tracked 69382959
-0.3578355 0.201924 1.869845 Tracked 69382992
-0.3491858 0.2511995 1.878035 Tracked 69383026
-0.3447297 0.2785479 1.882855 Tracked 69383057
-0.3335492 0.3234256 1.887825 Tracked 69383093
-0.3187063 0.3543631 1.896882 Tracked 69383126
-0.2993121 0.3879932 1.9108 Tracked 69383159
-0.2931031 0.4069356 1.919016 Tracked 69383194
-0.2710845 0.4431948 1.931976 Tracked 69383226
-0.2582543 0.4570804 1.936302 Tracked 69383258
-0.2371908 0.4754045 1.944187 Tracked 69383293
-0.2307734 0.4799324 1.946843 Tracked 69383326
-0.2101064 0.4949077 1.957692 Tracked 69383358
-0.2006244 0.5003025 1.961629 Tracked 69383393
-0.1925685 0.503198 1.964785 Tracked 69383426
-0.1861589 0.5052115 1.966749 Tracked 69383458
-0.1854061 0.5055834 1.966996 Tracked 69383494
-0.1785298 0.5073557 1.968631 Tracked 69383526
-0.1785548 0.5073591 1.968597 Tracked 69383559
-0.1786404 0.5073859 1.968559 Tracked 69383593
-0.1784453 0.5073854 1.968335 Tracked 69383626
-0.1792305 0.5073282 1.967404 Tracked 69383660
-0.183328 0.5067272 1.965065 Tracked 69383693
-0.1941779 0.5035864 1.959367 Tracked 69383727
-0.2119086 0.4960032 1.949222 Tracked 69383759
-0.2330583 0.4843912 1.94032 Tracked 69383793
-0.2577107 0.4678032 1.930289 Tracked 69383826
-0.2816436 0.446296 1.921861 Tracked 69383858
-0.2909625 0.4336759 1.917654 Tracked 69383893
-0.328168 0.3691821 1.895354 Tracked 69383926
-0.3386235 0.3498507 1.889953 Tracked 69383960
-0.3564116 0.2919832 1.880097 Tracked 69383993
-0.3679999 0.2536623 1.872632 Tracked 69384026
-0.3723844 0.2076303 1.866272 Tracked 69384059
-0.3760262 0.1664726 1.861534 Tracked 69384093
-0.3750508 0.1297758 1.857966 Tracked 69384126
-0.3732445 0.09264243 1.859777 Tracked 69384161
-0.3706134 0.07486728 1.858403 Tracked 69384194
-0.3694307 0.05338886 1.859428 Tracked 69384226
-0.3692368 0.04322511 1.857503 Tracked 69384258
-0.368983 0.03694247 1.857361 Tracked 69384294
-0.3690152 0.03519868 1.857097 Tracked 69384325
-0.3690419 0.03519547 1.857076 Tracked 69384359
-0.3699715 0.03942509 1.856875 Tracked 69384393
-0.3716502 0.05840794 1.85734 Tracked 69384426
-0.3711277 0.08418545 1.856581 Tracked 69384458
-0.3679044 0.122878 1.856667 Tracked 69384494
-0.3665292 0.1633829 1.855549 Tracked 69384526
-0.3611853 0.1949414 1.861898 Tracked 69384558
-0.350024 0.2434847 1.86998 Tracked 69384593
-0.3341614 0.2850047 1.875186 Tracked 69384625
-0.3144536 0.3326907 1.883156 Tracked 69384657
-0.3054418 0.3518549 1.887081 Tracked 69384693
-0.2789913 0.3874702 1.902869 Tracked 69384726
-0.2697728 0.4054986 1.911125 Tracked 69384760
-0.2681636 0.4082439 1.910911 Tracked 69384793
-0.2233129 0.4599103 1.92769 Tracked 69384825
-0.2124484 0.4692555 1.93115 Tracked 69384858
-0.1967163 0.4803825 1.935964 Tracked 69384893
-0.1852613 0.4873157 1.940848 Tracked 69384926
-0.1768062 0.4910005 1.945316 Tracked 69384958
-0.1763163 0.4912254 1.94534 Tracked 69384993
-0.1622963 0.4955064 1.950758 Tracked 69385027
-0.1579049 0.4967729 1.952894 Tracked 69385061
-0.1553424 0.4973101 1.953765 Tracked 69385093
-0.1543605 0.4976372 1.95437 Tracked 69385126
-0.1543441 0.4976692 1.954391 Tracked 69385158
-0.1553176 0.4977203 1.954431 Tracked 69385193
-0.1604605 0.4974422 1.952359 Tracked 69385225
-0.1709624 0.4956985 1.948448 Tracked 69385258
-0.1856808 0.491084 1.941047 Tracked 69385293
-0.194784 0.4871337 1.937098 Tracked 69385327
-0.2382608 0.4637307 1.915986 Tracked 69385360
-0.2498296 0.4518004 1.912014 Tracked 69385394
-0.2783201 0.4144394 1.900558 Tracked 69385438
-0.2968647 0.379681 1.888291 Tracked 69385460
-0.3083219 0.3513617 1.87747 Tracked 69385492
-0.3252617 0.3058921 1.863248 Tracked 69385525
-0.3382157 0.267999 1.854071 Tracked 69385558
-0.343233 0.2261338 1.846338 Tracked 69385593
-0.3483335 0.1854338 1.841063 Tracked 69385626
-0.3496955 0.1511217 1.838138 Tracked 69385658
-0.3482739 0.1145313 1.838969 Tracked 69385693
-0.347423 0.08980782 1.841319 Tracked 69385725
-0.3458071 0.07089226 1.841182 Tracked 69385759
-0.3449956 0.05622285 1.84113 Tracked 69385792
-0.3447088 0.04854777 1.841314 Tracked 69385826
-0.3444699 0.04508754 1.841942 Tracked 69385858
-0.3445862 0.04486699 1.842306 Tracked 69385893
-0.344663 0.04746848 1.842929 Tracked 69385926
-0.3453203 0.06443692 1.845321 Tracked 69385959
-0.3442223 0.0925251 1.845087 Tracked 69385993
-0.3404004 0.1276325 1.846851 Tracked 69386027
-0.3381172 0.1662935 1.849586 Tracked 69386060
-0.3339115 0.2038016 1.856397 Tracked 69386094
-0.3197443 0.2537368 1.863406 Tracked 69386126
-0.3041984 0.2982029 1.866048 Tracked 69386160
-0.2869627 0.341732 1.875874 Tracked 69386194
-0.278445 0.3662445 1.882721 Tracked 69386227
-0.2558247 0.3978034 1.895446 Tracked 69386260
-0.2514845 0.4057727 1.897447 Tracked 69386293
-0.2144978 0.4528627 1.913595 Tracked 69386325
-0.1999481 0.4651613 1.918492 Tracked 69386358
-0.1789126 0.4814757 1.926513 Tracked 69386393
-0.16563 0.4897611 1.932043 Tracked 69386425
-0.1530195 0.4947373 1.936917 Tracked 69386458
-0.1415245 0.4985418 1.942814 Tracked 69386493
-0.1325494 0.5007063 1.947379 Tracked 69386527
-0.1255101 0.5020698 1.951528 Tracked 69386560
-0.1213755 0.5033081 1.954174 Tracked 69386593
-0.1185914 0.504157 1.956329 Tracked 69386625
-0.1175308 0.5046209 1.957158 Tracked 69386658
-0.1174123 0.5048807 1.957349 Tracked 69386692
-0.1185112 0.5055418 1.957758 Tracked 69386725
-0.1228612 0.5056007 1.956257 Tracked 69386758
-0.1282022 0.5058121 1.954159 Tracked 69386793
-0.1496583 0.5079536 1.950745 Tracked 69386825
-0.1505979 0.5071204 1.950173 Tracked 69386860
-0.1688201 0.5017529 1.94445 Tracked 69386892
-0.2307779 0.4828953 1.928802 Tracked 69386925
-0.2475813 0.4697179 1.923365 Tracked 69386958
-0.2808838 0.4427384 1.915046 Tracked 69386992
-0.3070477 0.4121624 1.90484 Tracked 69387025
-0.3333724 0.3669552 1.894989 Tracked 69387057
-0.3444016 0.3408736 1.89188 Tracked 69387094
-0.365116 0.2878711 1.88765 Tracked 69387126
-0.3749003 0.250715 1.88251 Tracked 69387160
-0.3803724 0.21129 1.876329 Tracked 69387193
-0.3860891 0.1779758 1.872381 Tracked 69387225
-0.3857024 0.1467199 1.869717 Tracked 69387260
-0.3836669 0.1244764 1.869529 Tracked 69387294
-0.3834693 0.1037667 1.869428 Tracked 69387326
-0.3834969 0.09278909 1.870456 Tracked 69387358
-0.3824197 0.08641354 1.870003 Tracked 69387392
-0.3825577 0.0842777 1.869929 Tracked 69387426
-0.3824022 0.08371598 1.870204 Tracked 69387458
-0.3818296 0.08473057 1.87019 Tracked 69387494
-0.3798369 0.09814809 1.869605 Tracked 69387525
-0.3760704 0.1224243 1.869406 Tracked 69387559
-0.3741501 0.1524316 1.870837 Tracked 69387594
-0.3714312 0.182025 1.874171 Tracked 69387626
-0.3634502 0.2148573 1.88031 Tracked 69387658
-0.3491377 0.2582095 1.88565 Tracked 69387693
-0.3357925 0.2973156 1.887704 Tracked 69387725
-0.318577 0.3412325 1.894711 Tracked 69387758
-0.3052158 0.371833 1.901403 Tracked 69387793
-0.281866 0.4009832 1.912935 Tracked 69387826
-0.2640789 0.4241569 1.920416 Tracked 69387858
-0.2387973 0.4529643 1.92975 Tracked 69387893
-0.2162203 0.4697872 1.937601 Tracked 69387926
-0.1955527 0.4853013 1.945221 Tracked 69387958
-0.1790024 0.4934959 1.949842 Tracked 69387993
-0.1650646 0.4982577 1.955944 Tracked 69388025
-0.1628851 0.4986954 1.956545 Tracked 69388058
-0.1362704 0.5018262 1.968542 Tracked 69388094
-0.1297851 0.5024858 1.97077 Tracked 69388126
-0.1250405 0.5024788 1.972723 Tracked 69388158
-0.1213677 0.5030282 1.974598 Tracked 69388193
-0.1197745 0.5032362 1.975297 Tracked 69388226
-0.11959 0.5034986 1.975611 Tracked 69388258
-0.120008 0.5039563 1.975778 Tracked 69388293
-0.1245598 0.5052704 1.974705 Tracked 69388330
-0.1276152 0.5053742 1.973926 Tracked 69388360
-0.1341956 0.5048761 1.972066 Tracked 69388395
-0.1421584 0.5031862 1.969018 Tracked 69388426
-0.2044167 0.4870077 1.946307 Tracked 69388458
-0.2169598 0.4770495 1.942273 Tracked 69388493
-0.2485273 0.4493109 1.930481 Tracked 69388526
-0.2692676 0.4273546 1.921199 Tracked 69388558
-0.2997652 0.3850645 1.9081 Tracked 69388593
-0.314034 0.3559877 1.898572 Tracked 69388625
-0.332835 0.3024063 1.891643 Tracked 69388657
-0.3474687 0.259038 1.886291 Tracked 69388694
-0.3539411 0.2188726 1.879249 Tracked 69388727
-0.363885 0.1776198 1.874327 Tracked 69388759
-0.3681438 0.1459325 1.875499 Tracked 69388793
-0.3699852 0.1172834 1.87475 Tracked 69388827
-0.3739453 0.09603349 1.875564 Tracked 69388860
-0.3751933 0.0832422 1.875903 Tracked 69388894
-0.3770366 0.07585533 1.876844 Tracked 69388925
-0.3780583 0.07378504 1.877228 Tracked 69388958
-0.3786166 0.07374473 1.877568 Tracked 69388992
-0.3815313 0.08097974 1.878158 Tracked 69389025
-0.3828212 0.1053793 1.877792 Tracked 69389059
-0.3814889 0.1324853 1.87668 Tracked 69389093
-0.3800822 0.1610105 1.87657 Tracked 69389126
-0.3726528 0.1963413 1.879452 Tracked 69389159
-0.3622574 0.2299413 1.883162 Tracked 69389193
-0.3518305 0.269912 1.885732 Tracked 69389225
-0.3388762 0.3097348 1.888867 Tracked 69389258
-0.3239325 0.345233 1.892748 Tracked 69389293
-0.3054826 0.3810575 1.901277 Tracked 69389326
-0.2861328 0.4009473 1.908861 Tracked 69389360
-0.2652209 0.4279384 1.918466 Tracked 69389393
-0.2426309 0.4506964 1.923701 Tracked 69389426
-0.2173751 0.4709446 1.929834 Tracked 69389458
-0.1993118 0.4840064 1.934606 Tracked 69389493
-0.1811952 0.4936309 1.940314 Tracked 69389525
-0.1646463 0.4994839 1.945392 Tracked 69389558
-0.1521209 0.5018969 1.949021 Tracked 69389594
-0.1381846 0.5032673 1.951552 Tracked 69389626
-0.1299142 0.5046502 1.955464 Tracked 69389658
-0.1278908 0.504821 1.955962 Tracked 69389693
-0.1231252 0.5054606 1.958127 Tracked 69389726
-0.1222438 0.505909 1.959025 Tracked 69389760
-0.1224857 0.5065628 1.959651 Tracked 69389795
-0.1258038 0.5084472 1.960906 Tracked 69389826
-0.1347072 0.5109909 1.962036 Tracked 69389857
-0.1366596 0.5105329 1.961187 Tracked 69389893
-0.1430647 0.5087731 1.95988 Tracked 69389926
-0.1728495 0.5036295 1.957381 Tracked 69389958
-0.238462 0.4841087 1.951337 Tracked 69389993
-0.2558341 0.4711072 1.949327 Tracked 69390025
-0.2867988 0.441098 1.945635 Tracked 69390059
-0.3111821 0.4089125 1.941689 Tracked 69390093
-0.3320895 0.3700436 1.937408 Tracked 69390126
-0.3456531 0.3353484 1.934156 Tracked 69390158
-0.3595917 0.2933081 1.929696 Tracked 69390193
-0.373531 0.2495767 1.929223 Tracked 69390226
-0.3742737 0.2274036 1.925724 Tracked 69390260
-0.3789448 0.1894258 1.919701 Tracked 69390294
-0.3799452 0.1699577 1.918654 Tracked 69390326
-0.3802833 0.1485341 1.916848 Tracked 69390360
-0.3806648 0.1290098 1.915174 Tracked 69390394
-0.3796789 0.1241889 1.914385 Tracked 69390426
-0.3786916 0.1210787 1.913776 Tracked 69390459
-0.3769234 0.1222892 1.91378 Tracked 69390503
-0.3719891 0.1316576 1.913322 Tracked 69390526
-0.3651263 0.1516755 1.913644 Tracked 69390557
-0.3540356 0.1837726 1.913904 Tracked 69390594
-0.343518 0.2176988 1.91658 Tracked 69390627
-0.3267172 0.2651792 1.921304 Tracked 69390660
-0.3187854 0.2941833 1.924111 Tracked 69390694
-0.2990031 0.3433077 1.929714 Tracked 69390727
-0.2866723 0.3695374 1.932475 Tracked 69390760
-0.2697247 0.4010273 1.942892 Tracked 69390793
-0.2602457 0.4165817 1.949359 Tracked 69390827
-0.2345131 0.4467528 1.956528 Tracked 69390860
-0.2209876 0.4579053 1.960417 Tracked 69390893
-0.2019386 0.4718161 1.965075 Tracked 69390926
-0.1880909 0.4824147 1.968969 Tracked 69390959
-0.1762386 0.4890997 1.973168 Tracked 69390993
-0.1660371 0.4934797 1.976694 Tracked 69391026
-0.1569375 0.4975728 1.979705 Tracked 69391059
-0.1485387 0.5008757 1.981458 Tracked 69391093
-0.1422753 0.5026043 1.982826 Tracked 69391126
-0.142277 0.5025913 1.982808 Tracked 69391157
-0.138374 0.502976 1.983106 Tracked 69391193
-0.137205 0.5032806 1.98325 Tracked 69391227
-0.1370887 0.5033983 1.983197 Tracked 69391259
-0.1409685 0.5028792 1.981608 Tracked 69391293
-0.1459252 0.5023437 1.979434 Tracked 69391325
-0.1514607 0.5014012 1.976934 Tracked 69391358
-0.174676 0.4967225 1.962825 Tracked 69391393
-0.1927849 0.488806 1.953817 Tracked 69391425
-0.2196627 0.4712912 1.941819 Tracked 69391460
-0.2458642 0.4501896 1.934068 Tracked 69391502
-0.253729 0.4385138 1.931081 Tracked 69391526
-0.2923475 0.3766234 1.909884 Tracked 69391558
-0.3056955 0.3517903 1.899446 Tracked 69391593
-0.3225152 0.3063055 1.890335 Tracked 69391625
-0.3350019 0.262086 1.883918 Tracked 69391659
-0.3394185 0.2273168 1.877357 Tracked 69391693
-0.345072 0.1855763 1.868073 Tracked 69391725
-0.3444171 0.1611653 1.864475 Tracked 69391759
-0.3433627 0.1199985 1.86232 Tracked 69391794
-0.3427514 0.1051869 1.861842 Tracked 69391827
-0.341441 0.08600681 1.863236 Tracked 69391860
-0.3407722 0.07899967 1.863261 Tracked 69391893
-0.3404355 0.07419646 1.863424 Tracked 69391926
-0.3399849 0.07307795 1.863617 Tracked 69391958
-0.3393511 0.07473793 1.864306 Tracked 69391994
-0.3357249 0.08977609 1.864601 Tracked 69392026
-0.3317056 0.1231386 1.870615 Tracked 69392059
-0.3292384 0.1517782 1.870507 Tracked 69392094
-0.3250358 0.1942773 1.87284 Tracked 69392127
-0.3192123 0.2310978 1.877736 Tracked 69392160
-0.3082692 0.2755271 1.8835 Tracked 69392193
-0.2957007 0.319867 1.885222 Tracked 69392226
-0.2856327 0.3506763 1.889781 Tracked 69392259
-0.2707559 0.3818198 1.901076 Tracked 69392293
-0.2581632 0.4032663 1.911379 Tracked 69392326
-0.2456811 0.4268192 1.917537 Tracked 69392359
-0.2291001 0.4496516 1.923453 Tracked 69392394
-0.2149684 0.4638345 1.929298 Tracked 69392426
-0.201598 0.4774171 1.934955 Tracked 69392459
-0.1919446 0.4843084 1.938539 Tracked 69392504
-0.1826486 0.4907439 1.941667 Tracked 69392526
-0.176028 0.4939759 1.943352 Tracked 69392558
-0.1734229 0.4955128 1.943964 Tracked 69392593
-0.1714281 0.496489 1.944668 Tracked 69392626
-0.1696726 0.4972662 1.94529 Tracked 69392659
-0.1682753 0.4978837 1.945793 Tracked 69392694
-0.1675351 0.4982731 1.946053 Tracked 69392726
-0.167237 0.498516 1.946085 Tracked 69392759
-0.1671579 0.4986453 1.946069 Tracked 69392794
-0.1674966 0.4987758 1.945997 Tracked 69392825
-0.168845 0.4986836 1.945377 Tracked 69392858
-0.1731717 0.4977222 1.943427 Tracked 69392893
-0.2076695 0.4823906 1.925649 Tracked 69392926
-0.2208406 0.4725989 1.919223 Tracked 69392958
-0.2447754 0.4507132 1.909758 Tracked 69392993
-0.2517837 0.4414303 1.908786 Tracked 69393026
-0.2902489 0.3829518 1.896861 Tracked 69393058
-0.3013031 0.3615569 1.888396 Tracked 69393094
-0.3213758 0.3110608 1.875153 Tracked 69393127
-0.3339033 0.2708407 1.871415 Tracked 69393159
-0.3413292 0.2262539 1.865272 Tracked 69393193
-0.3453346 0.1886313 1.86292 Tracked 69393226
-0.3439657 0.1530048 1.862459 Tracked 69393258
-0.3419668 0.1183539 1.864364 Tracked 69393293
-0.3389356 0.08926789 1.86595 Tracked 69393326
-0.3401477 0.07592859 1.865866 Tracked 69393359
-0.3403486 0.06467783 1.867031 Tracked 69393393
-0.3400773 0.05809103 1.867695 Tracked 69393425
-0.3399941 0.05688241 1.868637 Tracked 69393458
-0.3397 0.05767588 1.86938 Tracked 69393493
-0.3387101 0.06779257 1.873188 Tracked 69393526
-0.3362579 0.09378213 1.87914 Tracked 69393560
-0.3325554 0.1286896 1.881596 Tracked 69393594
-0.3288741 0.1701501 1.88451 Tracked 69393626
-0.3283085 0.1960792 1.889268 Tracked 69393659
-0.3206616 0.2486261 1.894824 Tracked 69393693
-0.3107988 0.2812178 1.900149 Tracked 69393725
-0.2940027 0.3317548 1.906347 Tracked 69393761
-0.2851881 0.3530574 1.912361 Tracked 69393793
-0.2658391 0.3876612 1.922105 Tracked 69393826
-0.2633033 0.3931535 1.92347 Tracked 69393858
-0.2331702 0.4422115 1.930978 Tracked 69393893
-0.2210938 0.4519918 1.935475 Tracked 69393927
-0.2044573 0.4679327 1.941581 Tracked 69393961
-0.1899303 0.4797886 1.944579 Tracked 69393994
-0.1883752 0.4805351 1.944879 Tracked 69394026
-0.1854375 0.4816286 1.945576 Tracked 69394059
-0.1537328 0.4946624 1.955145 Tracked 69394093
-0.1502537 0.4956755 1.956563 Tracked 69394126
-0.1463826 0.4960466 1.956805 Tracked 69394158
-0.1483291 0.4950954 1.955724 Tracked 69394193
-0.1479052 0.4950636 1.955477 Tracked 69394226
-0.1450242 0.4958242 1.954848 Tracked 69394258
-0.1454248 0.4957488 1.954307 Tracked 69394293
-0.1460131 0.4962157 1.952575 Tracked 69394326
-0.1496012 0.4962376 1.948732 Tracked 69394358
-0.1595128 0.4953323 1.941784 Tracked 69394394
-0.1746062 0.4922554 1.934131 Tracked 69394425
-0.194682 0.4833159 1.924006 Tracked 69394458
-0.2169123 0.4687254 1.914724 Tracked 69394493
-0.2418905 0.4496691 1.907146 Tracked 69394537
-0.2649632 0.4222898 1.898733 Tracked 69394558
-0.2898525 0.3873417 1.889368 Tracked 69394594
-0.3075903 0.3518406 1.880442 Tracked 69394625
-0.3198181 0.3304322 1.873966 Tracked 69394657
-0.3365524 0.2782493 1.86489 Tracked 69394693
-0.3451306 0.2496391 1.861535 Tracked 69394725
-0.3510538 0.2107367 1.853888 Tracked 69394758
-0.3545444 0.1742065 1.851079 Tracked 69394793
-0.3547913 0.1458452 1.849979 Tracked 69394825
-0.3528844 0.1134429 1.852209 Tracked 69394858
-0.3530813 0.09652691 1.85473 Tracked 69394893
-0.3537664 0.08510637 1.856274 Tracked 69394926
-0.3517714 0.07321283 1.859083 Tracked 69394960
-0.3508689 0.0684063 1.860342 Tracked 69394994
-0.3507042 0.06798918 1.860837 Tracked 69395026
-0.3505794 0.06950579 1.861924 Tracked 69395058
-0.3491846 0.08613781 1.863126 Tracked 69395093
-0.3456046 0.117691 1.867032 Tracked 69395126
-0.3430101 0.1550886 1.870191 Tracked 69395158
-0.3402472 0.1858873 1.875797 Tracked 69395193
-0.3362947 0.2255138 1.879163 Tracked 69395227
-0.3283428 0.2657103 1.882058 Tracked 69395258
-0.317246 0.3051813 1.886919 Tracked 69395293
-0.3008461 0.347843 1.890975 Tracked 69395326
-0.2928405 0.3671946 1.895091 Tracked 69395360
-0.2726008 0.3970984 1.903827 Tracked 69395393
-0.2605964 0.4179359 1.90933 Tracked 69395425
-0.2372964 0.4453123 1.913873 Tracked 69395458
-0.2185133 0.4600689 1.916127 Tracked 69395493
-0.198055 0.4766846 1.919531 Tracked 69395526
-0.182674 0.4867864 1.923236 Tracked 69395560
-0.1703114 0.4928458 1.926316 Tracked 69395593
-0.1702063 0.492799 1.926182 Tracked 69395626
-0.1436083 0.500138 1.929166 Tracked 69395658
-0.1376349 0.5014772 1.930998 Tracked 69395693
-0.1328112 0.5020875 1.93136 Tracked 69395726
-0.1288913 0.5025658 1.931781 Tracked 69395757
-0.1264377 0.5029248 1.931606 Tracked 69395793
-0.1257142 0.5029749 1.931252 Tracked 69395826
-0.1257336 0.5031429 1.93116 Tracked 69395859
-0.1265169 0.5034269 1.930603 Tracked 69395893
-0.1270771 0.503468 1.93039 Tracked 69395926
-0.1380887 0.5035135 1.927049 Tracked 69395957
-0.1553065 0.5012173 1.922713 Tracked 69395993
-0.1638352 0.4991377 1.920657 Tracked 69396025
-0.2037159 0.4825701 1.909995 Tracked 69396058
-0.2169631 0.4726968 1.906069 Tracked 69396094
-0.2466399 0.4498665 1.899825 Tracked 69396126
-0.26764 0.4249061 1.893975 Tracked 69396157
-0.2906685 0.3912226 1.883885 Tracked 69396194
-0.3038193 0.3703842 1.880356 Tracked 69396227
-0.3191018 0.3356647 1.876322 Tracked 69396260
-0.3270355 0.3109266 1.873832 Tracked 69396293
-0.3410779 0.2748232 1.871449 Tracked 69396326
-0.3421371 0.2699591 1.871864 Tracked 69396359
-0.3521612 0.2303908 1.871781 Tracked 69396393
