-0.0339271 0.4622196 1.758191 Tracked 76466385
-0.03366618 0.4623526 1.758239 Tracked 76466418
-0.03357782 0.4624261 1.758261 Tracked 76466452
-0.03344628 0.4624842 1.75835 Tracked 76466484
-0.0332689 0.4627007 1.758649 Tracked 76466518
-0.03322703 0.4627248 1.758652 Tracked 76466552
-0.03315325 0.4627986 1.758662 Tracked 76466584
-0.03297807 0.4628894 1.758887 Tracked 76466618
-0.03289516 0.4629602 1.758937 Tracked 76466652
-0.03285746 0.4630358 1.759029 Tracked 76466684
-0.03265091 0.4630363 1.759035 Tracked 76466724
-0.03260151 0.4630839 1.759029 Tracked 76466759
-0.03256294 0.4631088 1.759027 Tracked 76466787
-0.03255425 0.4631434 1.75903 Tracked 76466822
-0.03253888 0.4631845 1.759025 Tracked 76466861
-0.03249237 0.4632538 1.759034 Tracked 76466890
-0.03228229 0.4632717 1.758844 Tracked 76466920
-0.03219443 0.4633546 1.758781 Tracked 76466952
-0.03207483 0.4634464 1.7587 Tracked 76466984
-0.03189779 0.4634853 1.758625 Tracked 76467018
-0.03172174 0.4635592 1.758481 Tracked 76467051
-0.03150101 0.4636214 1.758343 Tracked 76467084
-0.03111302 0.4636948 1.758188 Tracked 76467118
-0.03088083 0.4637548 1.757957 Tracked 76467156
-0.03067298 0.4637684 1.757775 Tracked 76467189
-0.0304225 0.4637536 1.757358 Tracked 76467222
-0.03029269 0.4638294 1.757225 Tracked 76467256
-0.03013276 0.4638827 1.757032 Tracked 76467289
-0.02970466 0.4639342 1.756216 Tracked 76467320
-0.02943349 0.4641067 1.755648 Tracked 76467352
-0.0289943 0.4644797 1.754941 Tracked 76467384
-0.02799972 0.4648194 1.753647 Tracked 76467418
-0.02690078 0.4652044 1.751736 Tracked 76467451
-0.02525775 0.4658324 1.750123 Tracked 76467485
-0.02184612 0.4669937 1.746062 Tracked 76467518
-0.0163127 0.4668495 1.741117 Tracked 76467551
-0.009883935 0.4661219 1.734119 Tracked 76467585
-0.001806755 0.4654867 1.72621 Tracked 76467618
0.008147854 0.4625725 1.717225 Tracked 76467652
0.02239094 0.4545212 1.704854 Tracked 76467685
0.03722204 0.4457419 1.692373 Tracked 76467725
0.03730515 0.4452896 1.692347 Tracked 76467753
0.07667929 0.404019 1.658839 Tracked 76467785
0.07885455 0.3995211 1.656959 Tracked 76467818
0.1072973 0.3470071 1.632897 Tracked 76467852
0.1183776 0.320649 1.621765 Tracked 76467884
0.1332182 0.278959 1.608099 Tracked 76467919
0.1430055 0.2467746 1.599656 Tracked 76467952
0.1512555 0.2131731 1.591439 Tracked 76467985
0.1583015 0.1762492 1.582783 Tracked 76468019
0.1632299 0.1460585 1.578167 Tracked 76468052
0.1653525 0.1269302 1.573261 Tracked 76468084
0.1663234 0.1026091 1.56749 Tracked 76468118
0.1694053 0.08040131 1.563594 Tracked 76468151
0.1704212 0.06205627 1.560781 Tracked 76468185
0.169374 0.04729018 1.559409 Tracked 76468218
0.1690905 0.02663641 1.557509 Tracked 76468252
0.1683105 0.01358052 1.556312 Tracked 76468285
0.1689923 0.001614097 1.555014 Tracked 76468318
0.1696047 -0.004805389 1.554688 Tracked 76468352
0.1703599 -0.009905076 1.554393 Tracked 76468384
0.1709147 -0.01196167 1.553882 Tracked 76468418
0.1711438 -0.01229152 1.55364 Tracked 76468451
0.1713774 -0.01056235 1.55347 Tracked 76468484
0.1722091 0.002169648 1.553814 Tracked 76468518
0.171938 0.02130147 1.555886 Tracked 76468552
0.1753013 0.04762602 1.557823 Tracked 76468584
0.1786181 0.07686818 1.566275 Tracked 76468618
0.1763647 0.1004769 1.568289 Tracked 76468652
0.1723686 0.1454839 1.57474 Tracked 76468684
0.1673341 0.1796537 1.580573 Tracked 76468719
0.1626132 0.2094216 1.585268 Tracked 76468751
0.1617031 0.2180136 1.587523 Tracked 76468785
0.1455984 0.2827521 1.601839 Tracked 76468818
0.1394054 0.3047059 1.608713 Tracked 76468852
0.1277424 0.3349606 1.617708 Tracked 76468885
0.1132481 0.3647341 1.62659 Tracked 76468924
0.1018467 0.3863032 1.635871 Tracked 76468959
0.09026711 0.4051596 1.645198 Tracked 76468990
0.07850058 0.4211772 1.652304 Tracked 76469020
0.06715737 0.4344358 1.661025 Tracked 76469052
0.05764163 0.444741 1.667513 Tracked 76469085
0.04989927 0.4525233 1.673988 Tracked 76469119
0.04321212 0.4581005 1.679144 Tracked 76469155
0.03768069 0.4621586 1.683152 Tracked 76469185
0.03414339 0.4641446 1.685994 Tracked 76469218
0.03046382 0.4656723 1.689243 Tracked 76469252
0.02820367 0.466451 1.691012 Tracked 76469285
0.02668486 0.46699 1.692254 Tracked 76469318
0.02513619 0.4682091 1.694268 Tracked 76469351
0.02433557 0.4687981 1.694973 Tracked 76469383
0.02379208 0.4693245 1.695817 Tracked 76469418
0.02373318 0.4694905 1.69598 Tracked 76469451
0.02407728 0.4696497 1.69591 Tracked 76469484
0.02529687 0.469925 1.694882 Tracked 76469521
0.02931495 0.46993 1.691938 Tracked 76469554
0.0357521 0.4690678 1.687287 Tracked 76469586
0.04639369 0.4663235 1.679035 Tracked 76469619
0.05830396 0.4610998 1.671187 Tracked 76469652
0.07336707 0.4522304 1.658846 Tracked 76469684
0.08969879 0.4382835 1.647554 Tracked 76469719
0.1054056 0.4218288 1.635023 Tracked 76469753
0.1206964 0.3984607 1.620346 Tracked 76469785
0.1413206 0.3632842 1.605612 Tracked 76469819
0.1550011 0.3357479 1.596069 Tracked 76469851
0.1675622 0.2910292 1.582439 Tracked 76469884
0.1751998 0.2590068 1.572976 Tracked 76469918
0.1786222 0.2178076 1.561731 Tracked 76469951
0.1824631 0.1818553 1.555443 Tracked 76469984
0.1833993 0.1417416 1.552832 Tracked 76470018
0.1831348 0.1240031 1.547112 Tracked 76470051
0.1810352 0.09711736 1.540923 Tracked 76470084
0.1785682 0.07029009 1.539352 Tracked 76470118
0.1752401 0.05036812 1.539159 Tracked 76470151
0.1729005 0.02920166 1.537737 Tracked 76470184
0.1688294 0.01690072 1.53841 Tracked 76470218
0.1669814 0.005217251 1.538981 Tracked 76470251
0.1659209 -8.173775E-07 1.539789 Tracked 76470285
0.1652445 -0.002059801 1.54049 Tracked 76470318
0.1646923 -0.002069842 1.541035 Tracked 76470352
0.1631564 0.00261082 1.543653 Tracked 76470384
0.1616068 0.01601304 1.547388 Tracked 76470418
0.15886 0.03774967 1.553775 Tracked 76470452
0.1607739 0.0586488 1.559858 Tracked 76470485
0.159093 0.08943276 1.567883 Tracked 76470518
0.1556082 0.1271046 1.575916 Tracked 76470551
0.1500222 0.1628187 1.583417 Tracked 76470584
0.1449376 0.209712 1.591866 Tracked 76470619
0.1421972 0.2288139 1.597747 Tracked 76470652
0.1308599 0.2791905 1.608679 Tracked 76470685
0.1222286 0.3048894 1.618188 Tracked 76470719
0.1110444 0.3367603 1.628249 Tracked 76470752
0.09821762 0.362749 1.638722 Tracked 76470785
0.0861986 0.3859555 1.648211 Tracked 76470819
0.07431993 0.40455 1.658296 Tracked 76470852
0.06366745 0.4183918 1.665352 Tracked 76470885
0.05315267 0.431272 1.673553 Tracked 76470919
0.04300671 0.4406495 1.679908 Tracked 76470952
0.03682008 0.4463035 1.683827 Tracked 76470985
0.02932062 0.4514681 1.68853 Tracked 76471019
0.02274166 0.4547534 1.693194 Tracked 76471052
0.01753172 0.4569067 1.69626 Tracked 76471085
0.01190693 0.459001 1.699427 Tracked 76471118
0.008570687 0.4601888 1.700574 Tracked 76471152
0.005957959 0.4610114 1.702199 Tracked 76471185
0.004135281 0.4612827 1.702776 Tracked 76471219
0.002687034 0.4619491 1.703588 Tracked 76471252
0.001280139 0.4625934 1.704227 Tracked 76471289
0.0007974953 0.4628966 1.704263 Tracked 76471321
0.0006920617 0.4630646 1.704206 Tracked 76471352
0.0008436796 0.4635035 1.703672 Tracked 76471385
0.001950779 0.464149 1.702407 Tracked 76471422
0.006227463 0.4646336 1.69809 Tracked 76471458
0.01294575 0.4645913 1.692642 Tracked 76471487
0.02523072 0.4612584 1.683845 Tracked 76471523
0.03873883 0.4540165 1.673641 Tracked 76471555
0.05642679 0.4416445 1.66091 Tracked 76471588
0.07226594 0.4274049 1.648018 Tracked 76471623
0.08859118 0.4066599 1.634476 Tracked 76471658
0.1028412 0.3780653 1.619704 Tracked 76471692
0.1173006 0.3401492 1.607365 Tracked 76471723
0.1290195 0.3071504 1.598995 Tracked 76471753
0.1387568 0.2641185 1.587833 Tracked 76471785
0.144328 0.2301895 1.581684 Tracked 76471818
0.1492443 0.1948361 1.57191 Tracked 76471852
0.1513266 0.161402 1.567711 Tracked 76471885
0.1537625 0.1232743 1.562994 Tracked 76471918
0.1524207 0.1089485 1.561612 Tracked 76471951
0.1503393 0.07986439 1.561088 Tracked 76471984
0.1498359 0.05955961 1.560039 Tracked 76472018
0.1477459 0.04275129 1.559126 Tracked 76472051
0.1456641 0.02969804 1.560103 Tracked 76472084
0.1435983 0.01812909 1.561198 Tracked 76472118
0.1422015 0.01132132 1.560923 Tracked 76472151
0.1412436 0.00803951 1.561491 Tracked 76472185
0.1408375 0.007068154 1.562021 Tracked 76472219
0.1405157 0.007381944 1.562908 Tracked 76472252
0.1396229 0.01075079 1.564726 Tracked 76472284
0.1388787 0.02189017 1.568073 Tracked 76472318
0.1387357 0.04097096 1.573012 Tracked 76472351
0.139365 0.06530136 1.578721 Tracked 76472384
0.1358066 0.1009605 1.585518 Tracked 76472418
0.1325064 0.1313767 1.58973 Tracked 76472452
0.1299669 0.173975 1.596402 Tracked 76472484
0.1260645 0.2070689 1.600896 Tracked 76472518
0.1219145 0.2387413 1.611716 Tracked 76472552
0.1121012 0.2851714 1.621373 Tracked 76472585
0.1055537 0.3079708 1.628198 Tracked 76472619
0.09180084 0.3483809 1.649031 Tracked 76472652
0.08374202 0.3630586 1.652025 Tracked 76472685
0.06586143 0.3986568 1.666431 Tracked 76472719
0.05736408 0.4116311 1.671834 Tracked 76472752
0.04277577 0.4297725 1.679918 Tracked 76472785
0.03304574 0.4393027 1.68577 Tracked 76472819
0.02352369 0.446942 1.692114 Tracked 76472852
0.01644244 0.4508464 1.695752 Tracked 76472885
0.007422633 0.4541165 1.699965 Tracked 76472918
0.0005797227 0.4565668 1.702561 Tracked 76472952
-0.005823951 0.4580155 1.704814 Tracked 76472984
-0.0108462 0.4590248 1.707494 Tracked 76473019
-0.01586997 0.4598432 1.70906 Tracked 76473051
-0.01876232 0.4602786 1.710255 Tracked 76473084
-0.02082388 0.4605372 1.711217 Tracked 76473119
-0.02252033 0.4608852 1.711692 Tracked 76473152
-0.02354185 0.4611175 1.71187 Tracked 76473186
-0.02405255 0.4612593 1.711725 Tracked 76473218
-0.02418093 0.461431 1.711673 Tracked 76473252
-0.02371782 0.4618815 1.710497 Tracked 76473284
-0.02145525 0.4627327 1.707953 Tracked 76473319
-0.01524441 0.4632728 1.702561 Tracked 76473352
-0.006262628 0.4620053 1.69631 Tracked 76473384
0.005166522 0.4596784 1.689301 Tracked 76473419
0.01979463 0.4547995 1.679211 Tracked 76473452
0.03649259 0.4448288 1.667778 Tracked 76473484
0.05949877 0.4268485 1.6543 Tracked 76473518
0.07713679 0.4073283 1.640044 Tracked 76473552
0.1012379 0.3783683 1.624089 Tracked 76473585
0.1238228 0.3417448 1.604073 Tracked 76473618
0.1409563 0.3052483 1.592147 Tracked 76473652
0.1565344 0.251758 1.579794 Tracked 76473684
0.1622988 0.2224472 1.572857 Tracked 76473719
0.1718051 0.1702574 1.560371 Tracked 76473754
0.17434 0.1459368 1.556317 Tracked 76473791
0.1754351 0.1037982 1.546925 Tracked 76473827
0.1768316 0.0771604 1.543003 Tracked 76473855
0.1759377 0.04653642 1.538485 Tracked 76473885
0.1747533 0.0199918 1.54125 Tracked 76473919
0.1752979 -0.005718404 1.538316 Tracked 76473952
0.174648 -0.02009417 1.536337 Tracked 76473986
0.1737154 -0.03570014 1.535221 Tracked 76474019
0.1730612 -0.04251748 1.534626 Tracked 76474052
0.1727851 -0.04530724 1.534569 Tracked 76474085
0.1727121 -0.04579708 1.534528 Tracked 76474119
0.1724148 -0.04502875 1.534784 Tracked 76474157
0.1707532 -0.03524972 1.536142 Tracked 76474192
0.167775 -0.01079714 1.539955 Tracked 76474227
0.1655216 0.02062665 1.541271 Tracked 76474261
0.1671845 0.05116047 1.550787 Tracked 76474287
0.167105 0.09163111 1.557781 Tracked 76474318
0.1641033 0.126662 1.565898 Tracked 76474352
0.1550545 0.1804016 1.571116 Tracked 76474384
0.1492396 0.2189559 1.578717 Tracked 76474421
0.1428595 0.2507499 1.591521 Tracked 76474455
0.1283849 0.3040218 1.603655 Tracked 76474486
0.117263 0.3296314 1.61324 Tracked 76474519
0.09767549 0.3742703 1.635912 Tracked 76474552
0.09057467 0.3826487 1.640789 Tracked 76474585
0.06898016 0.4211281 1.657244 Tracked 76474618
0.06104376 0.4298472 1.662036 Tracked 76474654
0.046075 0.4446075 1.673004 Tracked 76474688
0.03647898 0.4554711 1.68222 Tracked 76474719
0.02756771 0.4615988 1.688837 Tracked 76474752
0.01957117 0.4655933 1.695077 Tracked 76474785
0.01228996 0.4672308 1.700467 Tracked 76474819
0.008291083 0.4679026 1.703673 Tracked 76474852
0.004072894 0.4682514 1.706285 Tracked 76474885
0.0007963276 0.4684454 1.708819 Tracked 76474918
-0.0008064017 0.4685037 1.709869 Tracked 76474952
-0.001944587 0.4685523 1.71049 Tracked 76474984
-0.002333311 0.4686322 1.710676 Tracked 76475019
-0.002468001 0.4687222 1.7105 Tracked 76475056
-0.002258089 0.4687365 1.709812 Tracked 76475091
-0.0005586464 0.4688347 1.708031 Tracked 76475126
0.004795593 0.4685037 1.702891 Tracked 76475153
0.01342594 0.4681093 1.696552 Tracked 76475186
0.02623023 0.4665359 1.687033 Tracked 76475219
0.04286841 0.4599885 1.674277 Tracked 76475253
0.05919411 0.4515442 1.663688 Tracked 76475286
0.08072191 0.4354001 1.649805 Tracked 76475320
0.09993166 0.4165906 1.636974 Tracked 76475353
0.1214207 0.3909188 1.617347 Tracked 76475386
0.1425147 0.3577145 1.601613 Tracked 76475419
0.1637419 0.3180149 1.586111 Tracked 76475453
0.1794778 0.2680641 1.575678 Tracked 76475486
0.1864042 0.2367655 1.564671 Tracked 76475520
0.1956875 0.1859509 1.550793 Tracked 76475554
0.1990295 0.1457362 1.547605 Tracked 76475586
0.2001785 0.119217 1.540395 Tracked 76475619
0.199652 0.09031666 1.535477 Tracked 76475653
0.1977993 0.0630576 1.532688 Tracked 76475686
0.1976553 0.0303503 1.532286 Tracked 76475719
0.1972302 0.006065995 1.532846 Tracked 76475753
0.1967304 -0.01066535 1.53031 Tracked 76475785
0.1951918 -0.02383147 1.528304 Tracked 76475818
0.1942738 -0.03450117 1.529041 Tracked 76475851
0.1933801 -0.0402744 1.53028 Tracked 76475885
0.1926357 -0.04281575 1.530327 Tracked 76475918
0.1921732 -0.04304155 1.530414 Tracked 76475952
0.1908244 -0.04092811 1.530916 Tracked 76475984
0.1878812 -0.02887015 1.53254 Tracked 76476029
0.1824306 -0.0043869 1.535169 Tracked 76476058
0.1785849 0.02219282 1.534471 Tracked 76476091
0.1786129 0.04444348 1.538263 Tracked 76476124
0.1766737 0.08040174 1.543754 Tracked 76476158
0.1746418 0.11063 1.5503 Tracked 76476188
0.1665735 0.1550784 1.559505 Tracked 76476219
0.1634423 0.1930711 1.564888 Tracked 76476253
0.1570547 0.2197011 1.572427 Tracked 76476286
0.1458538 0.2732389 1.584739 Tracked 76476319
0.1370984 0.2997158 1.592636 Tracked 76476353
0.1206806 0.338552 1.605153 Tracked 76476386
0.1089239 0.3641442 1.612762 Tracked 76476420
0.09301116 0.3922467 1.626301 Tracked 76476454
0.08035426 0.4099379 1.633671 Tracked 76476486
0.06499334 0.4273962 1.644769 Tracked 76476520
0.05386897 0.4386938 1.652571 Tracked 76476553
0.04313781 0.4475698 1.657541 Tracked 76476586
0.03250799 0.454097 1.663791 Tracked 76476621
0.02303566 0.4588661 1.668475 Tracked 76476652
0.01544483 0.460717 1.672468 Tracked 76476684
0.009346381 0.4619487 1.675643 Tracked 76476719
0.004273552 0.4624753 1.678108 Tracked 76476752
-2.851204E-05 0.4627155 1.680308 Tracked 76476785
-0.003574532 0.4628419 1.68133 Tracked 76476819
-0.006110614 0.4626924 1.682356 Tracked 76476853
-0.007958069 0.4625998 1.683026 Tracked 76476886
-0.008942336 0.4624686 1.683044 Tracked 76476919
-0.009263743 0.4625075 1.682931 Tracked 76476952
-0.009339351 0.462662 1.682659 Tracked 76476985
-0.008639541 0.4629838 1.681565 Tracked 76477018
-0.003955144 0.4639894 1.67603 Tracked 76477052
0.004553401 0.4639036 1.668472 Tracked 76477085
0.0161071 0.4623269 1.66076 Tracked 76477119
0.03224347 0.4569283 1.64875 Tracked 76477152
0.0513588 0.4461752 1.635305 Tracked 76477185
0.07190805 0.4301055 1.622132 Tracked 76477218
0.0919902 0.4099403 1.607813 Tracked 76477252
0.1107154 0.3839042 1.58978 Tracked 76477285
0.1355965 0.344056 1.574371 Tracked 76477319
0.1514434 0.3075533 1.560388 Tracked 76477352
0.1662553 0.2597282 1.548108 Tracked 76477385
0.1736665 0.2257849 1.539292 Tracked 76477419
0.1835282 0.1749337 1.528062 Tracked 76477451
0.1855837 0.1491002 1.524551 Tracked 76477485
0.187052 0.1064879 1.517464 Tracked 76477518
0.1900274 0.08297341 1.514088 Tracked 76477552
0.1913277 0.04616997 1.516618 Tracked 76477585
0.1915202 0.02752924 1.513971 Tracked 76477619
0.1959508 -0.004337402 1.506295 Tracked 76477652
0.1966253 -0.01752258 1.504656 Tracked 76477684
0.1960681 -0.03265379 1.504764 Tracked 76477719
0.1965188 -0.04264925 1.503737 Tracked 76477751
0.1968029 -0.04694318 1.503091 Tracked 76477784
0.1971009 -0.04980893 1.502103 Tracked 76477818
0.196924 -0.05025085 1.501861 Tracked 76477852
0.1969364 -0.0492401 1.50144 Tracked 76477884
0.1956061 -0.04155651 1.502023 Tracked 76477918
0.1920752 -0.02675324 1.503362 Tracked 76477952
0.1863289 0.001779036 1.509675 Tracked 76477984
0.1833223 0.02928607 1.511139 Tracked 76478018
0.1833783 0.05907014 1.518383 Tracked 76478052
0.1785165 0.09434948 1.521973 Tracked 76478085
0.1742819 0.128856 1.529724 Tracked 76478118
0.166406 0.1782202 1.538392 Tracked 76478152
0.159471 0.2133233 1.546149 Tracked 76478185
0.1529221 0.2413511 1.554667 Tracked 76478219
0.1350172 0.2930952 1.567143 Tracked 76478252
0.1214949 0.3255545 1.574552 Tracked 76478285
0.1087126 0.3525967 1.583321 Tracked 76478319
0.09223556 0.3793696 1.595308 Tracked 76478352
0.07880615 0.3967492 1.60442 Tracked 76478386
0.06177902 0.4154083 1.61631 Tracked 76478419
0.04801523 0.4287011 1.626047 Tracked 76478452
0.03506497 0.4378234 1.633329 Tracked 76478486
0.02630262 0.4432116 1.638573 Tracked 76478518
0.01775886 0.4478633 1.643997 Tracked 76478553
0.009743405 0.4510357 1.648756 Tracked 76478588
0.003082056 0.4527794 1.6526 Tracked 76478622
-0.002623077 0.4544046 1.655912 Tracked 76478655
-0.007189612 0.455525 1.658183 Tracked 76478689
-0.01065462 0.4562781 1.66003 Tracked 76478720
-0.01289814 0.4568224 1.660888 Tracked 76478753
-0.01439101 0.4571894 1.661448 Tracked 76478786
-0.01474068 0.4572345 1.66121 Tracked 76478819
-0.01479263 0.4573573 1.660917 Tracked 76478852
-0.01412711 0.4574572 1.660088 Tracked 76478885
-0.01075459 0.4574009 1.657416 Tracked 76478919
-0.004328173 0.4567992 1.652685 Tracked 76478952
0.006006764 0.4544327 1.64451 Tracked 76478985
0.01866353 0.4509564 1.636602 Tracked 76479018
0.03543676 0.4435544 1.625314 Tracked 76479053
0.05743788 0.429386 1.612446 Tracked 76479085
0.07957408 0.4093542 1.599484 Tracked 76479119
0.1033719 0.3846278 1.583435 Tracked 76479152
0.1280358 0.3537398 1.568509 Tracked 76479186
0.1506805 0.3053291 1.554829 Tracked 76479218
0.1688277 0.2581174 1.548538 Tracked 76479252
0.1788894 0.2230572 1.538214 Tracked 76479286
0.1924776 0.1716958 1.527015 Tracked 76479319
0.2019095 0.1369262 1.52062 Tracked 76479352
0.2060064 0.09931706 1.517103 Tracked 76479385
0.2094571 0.07340333 1.509777 Tracked 76479418
0.2132247 0.03130986 1.509654 Tracked 76479452
0.2181343 0.004735669 1.508788 Tracked 76479484
0.2186861 -0.01675345 1.507838 Tracked 76479518
0.2199161 -0.03239834 1.506242 Tracked 76479551
0.2210812 -0.0500562 1.505787 Tracked 76479584
0.2214194 -0.05569443 1.505225 Tracked 76479618
0.2219723 -0.05947533 1.504809 Tracked 76479652
0.2225483 -0.06073671 1.504686 Tracked 76479684
0.2225717 -0.06075137 1.504693 Tracked 76479718
0.2234624 -0.05698467 1.504452 Tracked 76479752
0.2233681 -0.04578303 1.505916 Tracked 76479785
0.222468 -0.02907809 1.507714 Tracked 76479818
0.2211488 -0.01060095 1.508031 Tracked 76479852
0.2173741 0.017237 1.51015 Tracked 76479885
0.2158773 0.04528964 1.514947 Tracked 76479918
0.2135178 0.07491606 1.516027 Tracked 76479952
0.211057 0.1011231 1.5241 Tracked 76479985
0.2007663 0.1381135 1.533766 Tracked 76480019
0.1926409 0.1866888 1.544924 Tracked 76480064
0.1841379 0.2203485 1.550839 Tracked 76480085
0.1774719 0.2423321 1.559177 Tracked 76480118
0.1609832 0.2919362 1.571233 Tracked 76480152
0.1485708 0.3228878 1.577367 Tracked 76480186
0.1350603 0.3528621 1.585064 Tracked 76480219
0.1289303 0.3626627 1.588308 Tracked 76480252
0.09787276 0.4047196 1.610759 Tracked 76480285
0.09047483 0.4117938 1.615743 Tracked 76480318
0.07333757 0.4273409 1.625031 Tracked 76480352
0.06090351 0.436597 1.633978 Tracked 76480385
0.0513526 0.4431849 1.639413 Tracked 76480419
0.04055675 0.4478147 1.645707 Tracked 76480452
0.03167783 0.4509094 1.650367 Tracked 76480485
0.02491625 0.4532593 1.653674 Tracked 76480519
0.01862995 0.4545414 1.656245 Tracked 76480552
0.01380388 0.4552712 1.659102 Tracked 76480585
0.009440994 0.4559243 1.661304 Tracked 76480618
0.006694114 0.4562765 1.662744 Tracked 76480652
0.005004552 0.4564949 1.663632 Tracked 76480685
0.004433885 0.4567863 1.663909 Tracked 76480718
0.004388657 0.4568972 1.663855 Tracked 76480752
0.00485621 0.4570042 1.663327 Tracked 76480785
0.00767658 0.4571939 1.660759 Tracked 76480819
0.01517447 0.4563546 1.654837 Tracked 76480852
0.02735919 0.4528159 1.647267 Tracked 76480885
0.04137415 0.4464734 1.636824 Tracked 76480919
0.05999771 0.435349 1.624214 Tracked 76480952
0.08112606 0.4172451 1.611552 Tracked 76480985
0.1003218 0.3966806 1.599196 Tracked 76481019
0.1251726 0.360983 1.580318 Tracked 76481063
0.1432741 0.3286167 1.568705 Tracked 76481085
0.161359 0.2791889 1.559325 Tracked 76481119
0.1695681 0.2459211 1.550587 Tracked 76481156
0.180618 0.1999235 1.539195 Tracked 76481189
0.1856049 0.1548276 1.534813 Tracked 76481223
0.1854995 0.1552823 1.534697 Tracked 76481253
0.1915229 0.08855388 1.524589 Tracked 76481286
0.189029 0.07486226 1.522547 Tracked 76481318
0.1895149 0.03491834 1.524837 Tracked 76481356
0.1915482 0.003097869 1.520951 Tracked 76481389
0.1907361 -0.01472197 1.519434 Tracked 76481423
0.1889991 -0.03443019 1.519343 Tracked 76481457
0.1906763 -0.0493522 1.521163 Tracked 76481491
0.1896011 -0.05792384 1.522542 Tracked 76481519
0.1888344 -0.06174606 1.523319 Tracked 76481554
0.1886091 -0.06413704 1.523966 Tracked 76481586
0.1883435 -0.06464577 1.524531 Tracked 76481624
0.188236 -0.06373935 1.524976 Tracked 76481656
0.187667 -0.0564792 1.526582 Tracked 76481688
0.1860392 -0.03962975 1.53091 Tracked 76481719
0.1843151 -0.02057324 1.533806 Tracked 76481752
0.1796773 0.01307311 1.534824 Tracked 76481787
0.1793142 0.03985434 1.53898 Tracked 76481822
0.1777889 0.06889135 1.547307 Tracked 76481855
0.1760774 0.1040176 1.550703 Tracked 76481889
0.1690238 0.1373802 1.554923 Tracked 76481920
0.1603157 0.186406 1.564464 Tracked 76481952
0.1547901 0.2109441 1.569689 Tracked 76481986
0.1458944 0.245365 1.581564 Tracked 76482020
0.1320068 0.2861034 1.592851 Tracked 76482052
0.1197284 0.3152909 1.600352 Tracked 76482097
0.1028948 0.3529982 1.618445 Tracked 76482118
0.09195201 0.3696512 1.623803 Tracked 76482153
0.07233156 0.4033728 1.637851 Tracked 76482185
0.06122234 0.4178627 1.645808 Tracked 76482219
0.04655934 0.4351767 1.65795 Tracked 76482252
0.03548955 0.444356 1.664917 Tracked 76482285
0.02407914 0.4520864 1.671401 Tracked 76482319
0.01319927 0.4579273 1.67868 Tracked 76482352
0.005008491 0.4606367 1.683204 Tracked 76482385
-0.00248065 0.4618026 1.6882 Tracked 76482421
-0.00865585 0.4619796 1.692461 Tracked 76482455
-0.01475059 0.461366 1.697676 Tracked 76482488
