-0.1334072 -0.09566201 2.044755 Tracked 69380216
-0.1337485 -0.09560011 2.044516 Tracked 69380226
-0.1341042 -0.09550984 2.044358 Tracked 69380258
-0.1342677 -0.09542155 2.044169 Tracked 69380292
-0.1346278 -0.09574417 2.044018 Tracked 69380326
-0.1347601 -0.09576516 2.043897 Tracked 69380358
-0.1347877 -0.09576781 2.043869 Tracked 69380393
-0.1348093 -0.09577872 2.043867 Tracked 69380426
-0.1349217 -0.0958142 2.044031 Tracked 69380458
-0.1347167 -0.09531417 2.044512 Tracked 69380494
-0.1346328 -0.09449365 2.045592 Tracked 69380527
-0.1335616 -0.09237161 2.04793 Tracked 69380559
-0.1309901 -0.09130184 2.052029 Tracked 69380593
-0.127302 -0.09013974 2.060006 Tracked 69380626
-0.1236434 -0.09341545 2.068207 Tracked 69380658
-0.1164962 -0.103253 2.079937 Tracked 69380693
-0.1106616 -0.1167705 2.091311 Tracked 69380726
-0.1082276 -0.1238889 2.101971 Tracked 69380760
-0.0900338 -0.1480806 2.120438 Tracked 69380794
-0.07983368 -0.1615376 2.133239 Tracked 69380826
-0.05513765 -0.1761495 2.145518 Tracked 69380858
-0.04631892 -0.1787996 2.158221 Tracked 69380893
-0.03451048 -0.1935648 2.156844 Tracked 69380926
-0.02049921 -0.2001523 2.158129 Tracked 69380959
-0.006728306 -0.2049211 2.160895 Tracked 69380992
0.01957835 -0.2015147 2.162542 Tracked 69381026
0.02800201 -0.2015887 2.163838 Tracked 69381060
0.03443536 -0.2076457 2.164112 Tracked 69381093
0.04583216 -0.196528 2.168845 Tracked 69381126
0.05633942 -0.1749942 2.17679 Tracked 69381158
0.05842358 -0.1762164 2.175135 Tracked 69381193
0.0601467 -0.1695596 2.176871 Tracked 69381227
0.0577141 -0.1729997 2.175281 Tracked 69381259
0.05118534 -0.1767451 2.173673 Tracked 69381292
0.04046611 -0.1783123 2.170889 Tracked 69381326
0.01141435 -0.187625 2.160422 Tracked 69381371
0.005944747 -0.1854417 2.159159 Tracked 69381393
-0.01225208 -0.1637879 2.157103 Tracked 69381426
-0.02360048 -0.1432228 2.154917 Tracked 69381459
-0.03884688 -0.1300742 2.149292 Tracked 69381494
-0.08592862 -0.1529803 2.125479 Tracked 69381526
-0.08912558 -0.1469188 2.12426 Tracked 69381558
-0.09227133 -0.1449466 2.120121 Tracked 69381593
-0.09778874 -0.1411109 2.111923 Tracked 69381625
-0.1048308 -0.1295711 2.100705 Tracked 69381659
-0.1092897 -0.1245657 2.095525 Tracked 69381693
-0.1125343 -0.1193194 2.089857 Tracked 69381726
-0.1153227 -0.1170431 2.085844 Tracked 69381760
-0.1190926 -0.1137029 2.080415 Tracked 69381793
-0.1229974 -0.1110497 2.075142 Tracked 69381825
-0.1260113 -0.1100387 2.071009 Tracked 69381858
-0.1286603 -0.1089417 2.067779 Tracked 69381894
-0.1302133 -0.1089255 2.065575 Tracked 69381926
-0.1318127 -0.1085116 2.063087 Tracked 69381958
-0.1328598 -0.108603 2.06131 Tracked 69381993
-0.1344077 -0.1080492 2.059874 Tracked 69382026
-0.1348216 -0.1077992 2.059452 Tracked 69382058
-0.1350567 -0.107786 2.059534 Tracked 69382094
-0.1355827 -0.1075082 2.060573 Tracked 69382126
-0.1359416 -0.10724 2.064885 Tracked 69382159
-0.1348947 -0.1095557 2.070836 Tracked 69382193
-0.1325013 -0.1147315 2.080675 Tracked 69382226
-0.1283733 -0.123542 2.089744 Tracked 69382258
-0.1223204 -0.1328035 2.100772 Tracked 69382293
-0.1146531 -0.1453833 2.11548 Tracked 69382326
-0.1052431 -0.1592232 2.127711 Tracked 69382359
-0.09164436 -0.1713404 2.137662 Tracked 69382394
-0.08079588 -0.1896564 2.147589 Tracked 69382427
-0.07485881 -0.2043454 2.153446 Tracked 69382459
-0.04328248 -0.2052798 2.16318 Tracked 69382492
-0.03224042 -0.2029612 2.165235 Tracked 69382526
-0.01045587 -0.1942259 2.174351 Tracked 69382558
0.01536538 -0.1741755 2.177545 Tracked 69382593
0.02023275 -0.1786199 2.179168 Tracked 69382627
0.03586495 -0.1609686 2.184432 Tracked 69382658
0.04049924 -0.1622887 2.18344 Tracked 69382694
0.04741076 -0.1643582 2.183025 Tracked 69382726
0.05416267 -0.1705212 2.179944 Tracked 69382759
0.05536146 -0.1717843 2.179482 Tracked 69382793
0.05537536 -0.1722883 2.179385 Tracked 69382827
0.05325671 -0.1728223 2.179098 Tracked 69382857
0.04408573 -0.1737582 2.179672 Tracked 69382893
0.03582338 -0.1676483 2.177736 Tracked 69382925
0.01942393 -0.150014 2.173535 Tracked 69382959
-0.01886122 -0.1653236 2.166906 Tracked 69382992
-0.01987705 -0.1574651 2.163248 Tracked 69383026
-0.07729339 -0.1691257 2.142089 Tracked 69383057
-0.07975081 -0.1671566 2.140903 Tracked 69383093
-0.08985408 -0.1534927 2.137345 Tracked 69383126
-0.09577435 -0.1471884 2.130132 Tracked 69383159
-0.1069206 -0.1418338 2.117523 Tracked 69383194
-0.1152635 -0.1332981 2.105578 Tracked 69383226
-0.1202206 -0.1266802 2.094203 Tracked 69383258
-0.1253085 -0.1206835 2.081903 Tracked 69383293
-0.1280443 -0.1181919 2.073416 Tracked 69383326
-0.1340488 -0.1118442 2.062961 Tracked 69383358
-0.1371505 -0.1089271 2.056859 Tracked 69383393
-0.139463 -0.1085356 2.053277 Tracked 69383426
-0.1407023 -0.1078637 2.048806 Tracked 69383458
-0.1420513 -0.1073667 2.045819 Tracked 69383494
-0.1433948 -0.1073835 2.043082 Tracked 69383526
-0.1440936 -0.1073728 2.041476 Tracked 69383559
-0.1444248 -0.1070831 2.040877 Tracked 69383593
-0.1445493 -0.107027 2.04053 Tracked 69383626
-0.1446746 -0.1065321 2.040252 Tracked 69383660
-0.1445482 -0.1059029 2.040787 Tracked 69383693
-0.1444613 -0.1052692 2.042623 Tracked 69383727
-0.1425421 -0.1057998 2.045624 Tracked 69383759
-0.1359254 -0.112219 2.055509 Tracked 69383793
-0.1303451 -0.1171576 2.06396 Tracked 69383826
-0.1226846 -0.1270107 2.077893 Tracked 69383858
-0.1176351 -0.1341473 2.08811 Tracked 69383893
-0.1041899 -0.1439693 2.101087 Tracked 69383926
-0.08378761 -0.1504642 2.118024 Tracked 69383960
-0.07425957 -0.1874239 2.132463 Tracked 69383993
-0.06538383 -0.1862487 2.13623 Tracked 69384026
-0.04393273 -0.1847034 2.144433 Tracked 69384059
-0.02174441 -0.1876645 2.152103 Tracked 69384093
0.009337281 -0.1763235 2.158196 Tracked 69384126
0.03046162 -0.1808558 2.159915 Tracked 69384161
0.04884941 -0.1625508 2.16453 Tracked 69384194
0.05151874 -0.1658442 2.164975 Tracked 69384226
0.05749674 -0.1696638 2.163575 Tracked 69384258
0.06015699 -0.1718346 2.163504 Tracked 69384294
0.06218398 -0.172649 2.162957 Tracked 69384325
0.06377712 -0.1736754 2.161752 Tracked 69384359
0.06368651 -0.1738333 2.161432 Tracked 69384393
0.06036781 -0.1741469 2.159616 Tracked 69384426
0.05759248 -0.1733823 2.157222 Tracked 69384458
0.03176657 -0.1619513 2.155311 Tracked 69384494
0.02561978 -0.1509189 2.150268 Tracked 69384526
0.002978503 -0.1596613 2.145169 Tracked 69384558
-0.003828207 -0.1588989 2.140981 Tracked 69384593
-0.02240455 -0.1445579 2.13457 Tracked 69384625
-0.04252729 -0.1326658 2.12797 Tracked 69384657
-0.0672508 -0.1395527 2.111114 Tracked 69384693
-0.07444534 -0.1375741 2.105712 Tracked 69384726
-0.09439649 -0.1378985 2.091534 Tracked 69384760
-0.1035805 -0.1314308 2.081961 Tracked 69384793
-0.1105661 -0.1229043 2.069704 Tracked 69384825
-0.1158352 -0.1169633 2.060737 Tracked 69384858
-0.1197618 -0.1120737 2.051797 Tracked 69384893
-0.1219498 -0.1095938 2.046925 Tracked 69384926
-0.1245694 -0.1085669 2.043049 Tracked 69384958
-0.1259679 -0.1078538 2.039056 Tracked 69384993
-0.1272635 -0.1076312 2.036216 Tracked 69385027
-0.1289951 -0.1062682 2.033647 Tracked 69385061
-0.1295355 -0.1062536 2.032268 Tracked 69385093
-0.1299647 -0.1061019 2.031669 Tracked 69385126
-0.1301804 -0.1060248 2.031146 Tracked 69385158
-0.1301393 -0.1059359 2.03112 Tracked 69385193
-0.1298618 -0.1060018 2.031251 Tracked 69385225
-0.1281241 -0.1063476 2.033653 Tracked 69385258
-0.124948 -0.1077299 2.039249 Tracked 69385293
-0.1204049 -0.1106099 2.049681 Tracked 69385327
-0.1151751 -0.114412 2.059599 Tracked 69385360
-0.1074025 -0.1231142 2.073262 Tracked 69385394
-0.1027873 -0.1304813 2.088665 Tracked 69385438
-0.08912788 -0.1429091 2.101093 Tracked 69385460
-0.07339987 -0.1523722 2.112252 Tracked 69385492
-0.06991113 -0.1619652 2.119781 Tracked 69385525
-0.04870491 -0.1854598 2.137376 Tracked 69385558
-0.03040756 -0.1805174 2.144602 Tracked 69385593
-0.01583891 -0.183339 2.146342 Tracked 69385626
0.01013522 -0.1766453 2.154489 Tracked 69385658
0.03367823 -0.1762526 2.155645 Tracked 69385693
0.04393322 -0.1684179 2.162115 Tracked 69385725
0.05273297 -0.1653416 2.162989 Tracked 69385759
0.06447241 -0.1711877 2.159993 Tracked 69385792
0.06816383 -0.1723863 2.160321 Tracked 69385826
0.0727616 -0.1732284 2.159505 Tracked 69385858
0.07473212 -0.1732799 2.158382 Tracked 69385893
0.07500613 -0.1737974 2.156121 Tracked 69385926
0.07412726 -0.172441 2.155123 Tracked 69385959
0.07145711 -0.1696959 2.153116 Tracked 69385993
0.06490115 -0.1705429 2.147275 Tracked 69386027
0.03866329 -0.1644965 2.143311 Tracked 69386060
0.01267655 -0.1749352 2.131147 Tracked 69386094
0.009186035 -0.1691179 2.129854 Tracked 69386126
0.002049229 -0.1426007 2.120287 Tracked 69386160
-0.01998098 -0.1338741 2.113415 Tracked 69386194
-0.06331068 -0.1413824 2.109315 Tracked 69386227
-0.0689216 -0.1384282 2.102502 Tracked 69386260
-0.07920103 -0.1341789 2.090567 Tracked 69386293
-0.09145828 -0.1233174 2.077641 Tracked 69386325
-0.09923447 -0.118108 2.068217 Tracked 69386358
-0.10608 -0.1114495 2.057075 Tracked 69386393
-0.1105994 -0.108015 2.050239 Tracked 69386425
-0.1152812 -0.107452 2.042999 Tracked 69386458
-0.1178707 -0.1073296 2.038224 Tracked 69386493
-0.1210552 -0.1062494 2.033285 Tracked 69386527
-0.1238787 -0.1059283 2.029181 Tracked 69386560
-0.1255341 -0.1063645 2.026132 Tracked 69386593
-0.1268934 -0.1065331 2.023634 Tracked 69386625
-0.128211 -0.1066749 2.021707 Tracked 69386658
-0.128751 -0.1068417 2.020402 Tracked 69386692
-0.1288212 -0.1067171 2.020182 Tracked 69386725
-0.1286146 -0.1065802 2.020035 Tracked 69386758
-0.1282885 -0.1062178 2.020056 Tracked 69386793
-0.1265991 -0.1058832 2.021276 Tracked 69386825
-0.1252574 -0.1056765 2.024247 Tracked 69386860
-0.1236508 -0.1066265 2.028063 Tracked 69386892
-0.1201177 -0.1098667 2.039003 Tracked 69386925
-0.1131699 -0.1192312 2.049945 Tracked 69386958
-0.1071652 -0.1259814 2.060761 Tracked 69386992
-0.09936243 -0.1358902 2.071972 Tracked 69387025
-0.08968008 -0.1508057 2.085032 Tracked 69387057
-0.08011454 -0.1583119 2.091908 Tracked 69387094
-0.07363067 -0.1652819 2.098719 Tracked 69387126
-0.06220619 -0.1782479 2.106838 Tracked 69387160
-0.02279951 -0.1977504 2.115378 Tracked 69387193
-0.01251665 -0.1985613 2.116247 Tracked 69387225
0.03986669 -0.1748371 2.123914 Tracked 69387260
0.04976761 -0.1745157 2.125252 Tracked 69387294
0.06453949 -0.1681128 2.125793 Tracked 69387326
0.06958611 -0.1628662 2.130619 Tracked 69387358
0.07759712 -0.1573467 2.133845 Tracked 69387392
0.07737534 -0.1516119 2.13197 Tracked 69387426
0.07606223 -0.1618516 2.130915 Tracked 69387458
0.07682645 -0.1646448 2.131122 Tracked 69387494
0.07255851 -0.164884 2.128847 Tracked 69387525
0.06902604 -0.1634025 2.125916 Tracked 69387559
0.05044099 -0.1548182 2.119085 Tracked 69387594
0.02134483 -0.1747568 2.119788 Tracked 69387626
0.004443632 -0.1794657 2.114478 Tracked 69387658
-0.003041572 -0.1769599 2.113304 Tracked 69387693
-0.02993946 -0.1597287 2.103473 Tracked 69387725
-0.04165256 -0.1538734 2.100257 Tracked 69387758
-0.06187026 -0.1520067 2.10025 Tracked 69387793
-0.07398994 -0.1445305 2.095723 Tracked 69387826
-0.0810748 -0.145467 2.089783 Tracked 69387858
-0.09395763 -0.1345658 2.080322 Tracked 69387893
-0.1014228 -0.1272041 2.072726 Tracked 69387926
-0.1072648 -0.1217732 2.063591 Tracked 69387958
-0.1110899 -0.117317 2.054212 Tracked 69387993
-0.1154004 -0.1146516 2.048125 Tracked 69388025
-0.1185259 -0.1157404 2.042603 Tracked 69388058
-0.1219648 -0.1165128 2.037792 Tracked 69388094
-0.1249815 -0.117204 2.033904 Tracked 69388126
-0.1270399 -0.1182008 2.031033 Tracked 69388158
-0.1288265 -0.1184615 2.02878 Tracked 69388193
-0.1300832 -0.1190762 2.027178 Tracked 69388226
-0.1305511 -0.1188315 2.026691 Tracked 69388258
-0.1305702 -0.1188273 2.026613 Tracked 69388293
-0.1308818 -0.1173231 2.02675 Tracked 69388330
-0.1292705 -0.1164354 2.027749 Tracked 69388360
-0.1273382 -0.1136442 2.030542 Tracked 69388395
-0.1244286 -0.1120423 2.033849 Tracked 69388426
-0.1212743 -0.1131808 2.041686 Tracked 69388458
-0.1148977 -0.117585 2.053156 Tracked 69388493
-0.1068793 -0.1286074 2.065782 Tracked 69388526
-0.09377649 -0.1396738 2.076319 Tracked 69388558
-0.08316405 -0.1512997 2.092156 Tracked 69388593
-0.06353181 -0.1594552 2.102445 Tracked 69388625
-0.0440633 -0.1908686 2.114433 Tracked 69388657
-0.03616427 -0.1977778 2.119112 Tracked 69388694
-0.02024941 -0.1975742 2.122 Tracked 69388727
-0.002660282 -0.1976115 2.125565 Tracked 69388759
0.04215168 -0.1845605 2.129592 Tracked 69388793
0.05030312 -0.1950643 2.130911 Tracked 69388827
0.05643862 -0.1898938 2.130873 Tracked 69388860
0.07099286 -0.1804321 2.127895 Tracked 69388894
0.07203384 -0.1808581 2.128052 Tracked 69388925
0.07272853 -0.1811361 2.12762 Tracked 69388958
0.07333411 -0.1817229 2.127097 Tracked 69388992
0.07100692 -0.1796761 2.12581 Tracked 69389025
0.06835923 -0.175878 2.123119 Tracked 69389059
0.06562217 -0.1705155 2.119698 Tracked 69389093
0.04058398 -0.1746514 2.112687 Tracked 69389126
0.02773667 -0.1774054 2.111737 Tracked 69389159
0.02305926 -0.1714523 2.107691 Tracked 69389193
-0.004810584 -0.1631136 2.101173 Tracked 69389225
-0.01955778 -0.1568772 2.095606 Tracked 69389258
-0.04091258 -0.1476065 2.088075 Tracked 69389293
-0.05605873 -0.1493983 2.088393 Tracked 69389326
-0.06819537 -0.1424256 2.079823 Tracked 69389360
-0.08262238 -0.139869 2.070615 Tracked 69389393
-0.09390268 -0.1283952 2.06023 Tracked 69389426
-0.1019679 -0.1186114 2.05061 Tracked 69389458
-0.1065392 -0.1137457 2.043027 Tracked 69389493
-0.1149016 -0.1065163 2.03259 Tracked 69389525
-0.119857 -0.105378 2.027292 Tracked 69389558
-0.1250191 -0.1049709 2.022161 Tracked 69389594
-0.1306921 -0.1039074 2.017565 Tracked 69389626
-0.1337227 -0.1037345 2.015775 Tracked 69389658
-0.1364777 -0.1035125 2.013895 Tracked 69389693
-0.138835 -0.1037319 2.011847 Tracked 69389726
-0.1399608 -0.1037216 2.010938 Tracked 69389760
-0.1403788 -0.1034459 2.01037 Tracked 69389795
-0.1403933 -0.1033932 2.010385 Tracked 69389826
-0.1397097 -0.102913 2.010787 Tracked 69389857
-0.1356829 -0.1024928 2.012152 Tracked 69389893
-0.1313042 -0.0999665 2.017645 Tracked 69389926
-0.1278748 -0.09996839 2.025292 Tracked 69389958
-0.1224824 -0.1064161 2.036041 Tracked 69389993
-0.1131993 -0.1198934 2.047899 Tracked 69390025
-0.1043091 -0.1274976 2.057044 Tracked 69390059
-0.09727777 -0.130599 2.06379 Tracked 69390093
-0.07678179 -0.1523506 2.081899 Tracked 69390126
-0.06566189 -0.1604392 2.086714 Tracked 69390158
-0.06086327 -0.1681388 2.09126 Tracked 69390193
-0.05341461 -0.1819265 2.10161 Tracked 69390226
-0.01940138 -0.1746085 2.105411 Tracked 69390260
-0.005138291 -0.1817633 2.101596 Tracked 69390294
0.02163325 -0.1752358 2.104461 Tracked 69390326
0.03134304 -0.1764678 2.106159 Tracked 69390360
0.03617762 -0.1973184 2.102808 Tracked 69390394
0.04078104 -0.19572 2.104863 Tracked 69390426
0.04165898 -0.1982072 2.104655 Tracked 69390459
0.05239796 -0.1766965 2.109479 Tracked 69390503
0.05123512 -0.1769613 2.10962 Tracked 69390526
0.04363635 -0.1809726 2.107909 Tracked 69390557
0.03161048 -0.1907941 2.103477 Tracked 69390594
0.02486868 -0.1829642 2.101285 Tracked 69390627
0.01961768 -0.1725589 2.103464 Tracked 69390660
-0.02330889 -0.1506455 2.101874 Tracked 69390694
-0.02809577 -0.1500645 2.101223 Tracked 69390727
-0.03936965 -0.1470077 2.102062 Tracked 69390760
-0.06116953 -0.1334299 2.099922 Tracked 69390793
-0.0682614 -0.1328831 2.09468 Tracked 69390827
-0.08144747 -0.1251188 2.085607 Tracked 69390860
-0.08362418 -0.1261746 2.080192 Tracked 69390893
-0.08982143 -0.1245698 2.071995 Tracked 69390926
-0.09970118 -0.1176592 2.064062 Tracked 69390959
-0.1055703 -0.1151454 2.058921 Tracked 69390993
-0.1092025 -0.1148305 2.054581 Tracked 69391026
-0.114754 -0.1121463 2.049173 Tracked 69391059
-0.1206379 -0.1115155 2.044945 Tracked 69391093
-0.1251416 -0.1115614 2.041833 Tracked 69391126
-0.1286974 -0.1120651 2.039116 Tracked 69391157
-0.1320233 -0.1128923 2.036785 Tracked 69391193
-0.1335507 -0.1131368 2.035949 Tracked 69391227
-0.1340188 -0.1129507 2.035551 Tracked 69391259
-0.1340398 -0.1128505 2.035343 Tracked 69391293
-0.1338173 -0.1127131 2.0353 Tracked 69391325
-0.1319056 -0.1116927 2.036391 Tracked 69391358
-0.1276796 -0.1112481 2.040088 Tracked 69391393
-0.1216017 -0.1121709 2.049369 Tracked 69391425
-0.1153415 -0.1144219 2.059159 Tracked 69391460
-0.1054177 -0.123642 2.07459 Tracked 69391502
-0.09358895 -0.1333816 2.085317 Tracked 69391526
-0.07959324 -0.1473406 2.100254 Tracked 69391558
-0.06130654 -0.1592849 2.113913 Tracked 69391593
-0.04030664 -0.1729092 2.139811 Tracked 69391625
-0.03340792 -0.182012 2.139378 Tracked 69391659
-0.02564839 -0.1865088 2.142031 Tracked 69391693
0.0009086876 -0.1903808 2.142411 Tracked 69391725
0.06106921 -0.1544388 2.148228 Tracked 69391759
0.06527056 -0.1581358 2.148084 Tracked 69391794
0.07592323 -0.1550661 2.151808 Tracked 69391827
0.08343449 -0.1606441 2.150991 Tracked 69391860
0.08803985 -0.162955 2.15066 Tracked 69391893
0.0905524 -0.1700616 2.146377 Tracked 69391926
0.0929711 -0.1729344 2.14467 Tracked 69391958
0.09296654 -0.1724115 2.144125 Tracked 69391994
0.09099351 -0.1670738 2.140926 Tracked 69392026
0.07738587 -0.1385676 2.178374 Tracked 69392059
0.05867549 -0.1503012 2.144238 Tracked 69392094
0.04751694 -0.160704 2.134543 Tracked 69392127
0.03102326 -0.1642355 2.124546 Tracked 69392160
0.009829182 -0.157276 2.11726 Tracked 69392193
-0.01678279 -0.1542232 2.109377 Tracked 69392226
-0.03261469 -0.1481346 2.110746 Tracked 69392259
-0.04771851 -0.1469989 2.105737 Tracked 69392293
-0.06111536 -0.1413264 2.096435 Tracked 69392326
-0.07675782 -0.1388416 2.085764 Tracked 69392359
-0.0892323 -0.1314548 2.076629 Tracked 69392394
-0.0992479 -0.1246574 2.067219 Tracked 69392426
-0.1047015 -0.1204267 2.06021 Tracked 69392459
-0.1082533 -0.1180437 2.052012 Tracked 69392504
-0.1130234 -0.1163461 2.045897 Tracked 69392526
-0.117197 -0.1152005 2.040083 Tracked 69392558
-0.1194194 -0.1158958 2.035299 Tracked 69392593
-0.1228764 -0.1161408 2.032726 Tracked 69392626
-0.1247081 -0.1156788 2.030636 Tracked 69392659
-0.1261081 -0.1151578 2.029058 Tracked 69392694
-0.1270841 -0.1146825 2.02816 Tracked 69392726
-0.1272208 -0.1144283 2.02758 Tracked 69392759
-0.1268517 -0.113966 2.027255 Tracked 69392794
-0.1263463 -0.113577 2.027664 Tracked 69392825
-0.1246493 -0.1129443 2.029218 Tracked 69392858
-0.1224202 -0.1129257 2.033191 Tracked 69392893
-0.1172989 -0.1133522 2.039856 Tracked 69392926
-0.1107099 -0.1173058 2.049397 Tracked 69392958
-0.1033126 -0.1243675 2.060645 Tracked 69392993
-0.09447353 -0.1314632 2.072269 Tracked 69393026
-0.07611506 -0.1495747 2.087278 Tracked 69393058
-0.0614028 -0.1581212 2.097813 Tracked 69393094
-0.05206402 -0.1792072 2.109561 Tracked 69393127
-0.04059573 -0.1853886 2.115569 Tracked 69393159
-0.02702412 -0.1921665 2.12526 Tracked 69393193
-0.00175446 -0.1981328 2.130516 Tracked 69393226
0.04650098 -0.1673682 2.144168 Tracked 69393258
0.06146979 -0.1608085 2.146875 Tracked 69393293
0.07297466 -0.1712956 2.147472 Tracked 69393326
0.07538976 -0.1718356 2.147863 Tracked 69393359
0.07897496 -0.1738394 2.14824 Tracked 69393393
0.08322706 -0.1765886 2.14769 Tracked 69393425
0.08464313 -0.1779517 2.147429 Tracked 69393458
0.0902951 -0.1772733 2.146138 Tracked 69393493
0.09034195 -0.1768598 2.145672 Tracked 69393526
0.08985838 -0.1749622 2.141227 Tracked 69393560
0.08900014 -0.1715008 2.140113 Tracked 69393594
0.07387619 -0.1489191 2.139502 Tracked 69393626
0.03457101 -0.1741375 2.136255 Tracked 69393659
0.02366527 -0.1721976 2.130963 Tracked 69393693
-0.007401256 -0.1646427 2.119907 Tracked 69393725
-0.02224854 -0.1573181 2.114552 Tracked 69393761
-0.03626019 -0.1577032 2.1143 Tracked 69393793
-0.05574209 -0.1463374 2.102938 Tracked 69393826
-0.06895395 -0.1452678 2.093363 Tracked 69393858
-0.08861121 -0.1313798 2.077547 Tracked 69393893
-0.09457663 -0.1266618 2.070328 Tracked 69393927
-0.1024864 -0.1204865 2.060131 Tracked 69393961
-0.1074414 -0.1137272 2.050265 Tracked 69393994
-0.1115809 -0.1136975 2.041942 Tracked 69394026
-0.1148099 -0.1130804 2.035813 Tracked 69394059
-0.118505 -0.1105087 2.030981 Tracked 69394093
-0.1216434 -0.1087579 2.027733 Tracked 69394126
-0.1246026 -0.1076847 2.024884 Tracked 69394158
-0.1262898 -0.1078784 2.022725 Tracked 69394193
-0.1274997 -0.1080654 2.021351 Tracked 69394226
-0.1283406 -0.1078479 2.020452 Tracked 69394258
-0.1285589 -0.1078208 2.019885 Tracked 69394293
-0.128666 -0.1066407 2.019465 Tracked 69394326
-0.128364 -0.1060526 2.019571 Tracked 69394358
-0.1278657 -0.1055674 2.020567 Tracked 69394394
-0.1244647 -0.1046346 2.024897 Tracked 69394425
-0.1210149 -0.1060458 2.031652 Tracked 69394458
-0.115136 -0.1097824 2.043006 Tracked 69394493
-0.1081534 -0.1199288 2.055652 Tracked 69394537
-0.09957285 -0.1315408 2.067366 Tracked 69394558
-0.08740268 -0.1436994 2.08034 Tracked 69394594
-0.0769024 -0.1574439 2.093832 Tracked 69394625
-0.06758931 -0.1653064 2.10324 Tracked 69394657
-0.04428599 -0.1921341 2.118143 Tracked 69394693
-0.04273878 -0.1908386 2.122508 Tracked 69394725
-0.02744924 -0.1897237 2.127594 Tracked 69394758
-0.00984624 -0.189641 2.134952 Tracked 69394793
0.01587509 -0.1751481 2.14825 Tracked 69394825
0.03691419 -0.1782857 2.144641 Tracked 69394858
0.04740838 -0.1717687 2.148398 Tracked 69394893
0.05510259 -0.1622084 2.156335 Tracked 69394926
0.0625399 -0.1598161 2.158121 Tracked 69394960
0.06957749 -0.1634092 2.157233 Tracked 69394994
0.07238755 -0.162897 2.156645 Tracked 69395026
0.07331875 -0.1649979 2.154883 Tracked 69395058
0.07410783 -0.1618588 2.151305 Tracked 69395093
0.07013679 -0.1424208 2.145464 Tracked 69395126
0.07118369 -0.1187107 2.134307 Tracked 69395158
0.05615949 -0.1326905 2.130897 Tracked 69395193
0.02559651 -0.1524054 2.115965 Tracked 69395227
0.002135416 -0.1518056 2.111746 Tracked 69395258
-0.01336334 -0.1480562 2.107274 Tracked 69395293
-0.02956443 -0.1271373 2.107491 Tracked 69395326
-0.05169576 -0.135527 2.099705 Tracked 69395360
-0.06044374 -0.1351988 2.093267 Tracked 69395393
-0.07597794 -0.1352775 2.083012 Tracked 69395425
-0.08955833 -0.1258806 2.072862 Tracked 69395458
-0.09614106 -0.119237 2.061629 Tracked 69395493
-0.1012681 -0.1131583 2.051081 Tracked 69395526
-0.1052212 -0.1067344 2.041648 Tracked 69395560
-0.1072109 -0.1054222 2.035745 Tracked 69395593
-0.109766 -0.1044265 2.029192 Tracked 69395626
-0.1123286 -0.1026527 2.023481 Tracked 69395658
-0.11368 -0.102237 2.02053 Tracked 69395693
-0.1151624 -0.1020518 2.017049 Tracked 69395726
-0.1160931 -0.1021108 2.014707 Tracked 69395757
-0.1169297 -0.1022802 2.012702 Tracked 69395793
-0.1177749 -0.10247 2.009903 Tracked 69395826
-0.1181147 -0.1022982 2.008679 Tracked 69395859
-0.1182101 -0.1023189 2.007848 Tracked 69395893
-0.1181057 -0.1021835 2.007458 Tracked 69395926
-0.1174412 -0.1020893 2.007275 Tracked 69395957
-0.1170199 -0.1020027 2.007694 Tracked 69395993
-0.1148239 -0.102996 2.011284 Tracked 69396025
-0.1096621 -0.10635 2.019418 Tracked 69396058
-0.103301 -0.1150333 2.032858 Tracked 69396094
-0.09565195 -0.1241987 2.045931 Tracked 69396126
-0.08573981 -0.136532 2.058199 Tracked 69396157
-0.07797579 -0.1473574 2.068144 Tracked 69396194
-0.06721206 -0.1555555 2.082262 Tracked 69396227
-0.06047093 -0.1645915 2.091048 Tracked 69396260
-0.03858451 -0.1712262 2.098902 Tracked 69396293
-0.03809144 -0.1811219 2.107084 Tracked 69396326
-0.03569657 -0.1823821 2.114152 Tracked 69396359
-0.03321176 -0.1838978 2.117946 Tracked 69396393
