-0.1053254 0.2699896 1.972636 Tracked 69600559
-0.1048198 0.2699305 1.972058 Tracked 69600593
-0.1035739 0.269969 1.971212 Tracked 69600626
-0.1020243 0.2700107 1.970187 Tracked 69600659
-0.09834711 0.2710674 1.968373 Tracked 69600693
-0.09337854 0.2711793 1.966442 Tracked 69600726
-0.08765223 0.2708017 1.964265 Tracked 69600759
-0.08147038 0.2696838 1.961592 Tracked 69600794
-0.07403317 0.2673582 1.959635 Tracked 69600827
-0.06337776 0.2611022 1.956347 Tracked 69600859
-0.05424387 0.253415 1.952986 Tracked 69600893
-0.04271117 0.2350915 1.948953 Tracked 69600927
-0.02745273 0.2071371 1.947284 Tracked 69600959
-0.0163693 0.1776786 1.946162 Tracked 69600993
-0.009648014 0.149845 1.946323 Tracked 69601027
-0.0002442363 0.1083817 1.951811 Tracked 69601060
-0.004120163 0.08496386 1.947557 Tracked 69601093
-0.002580139 0.04929688 1.952127 Tracked 69601126
-0.003764623 0.03906573 1.948862 Tracked 69601158
-0.01259387 0.01630961 1.945068 Tracked 69601193
-0.01830499 0.006570584 1.941176 Tracked 69601225
-0.03013874 -0.002769237 1.938751 Tracked 69601259
-0.03564675 -0.01044454 1.935676 Tracked 69601294
-0.03564763 -0.01301634 1.93272 Tracked 69601327
-0.03485139 -0.01571534 1.929417 Tracked 69601360
-0.0344978 -0.01589209 1.928259 Tracked 69601395
-0.03316807 -0.01416333 1.926269 Tracked 69601427
-0.03116417 -0.008904479 1.922328 Tracked 69601459
-0.02960095 -0.001964146 1.919533 Tracked 69601493
-0.02844493 0.008532433 1.918516 Tracked 69601526
-0.02313226 0.02572478 1.916129 Tracked 69601560
-0.01931411 0.03156631 1.917237 Tracked 69601594
-0.0105841 0.05299241 1.916704 Tracked 69601627
-0.008843577 0.08179975 1.919532 Tracked 69601660
-0.006931977 0.1061939 1.920213 Tracked 69601694
0.002146606 0.1218808 1.920563 Tracked 69601727
-0.0001459985 0.1638638 1.926181 Tracked 69601759
-0.004704412 0.1777991 1.928328 Tracked 69601793
-0.01395837 0.2095081 1.929644 Tracked 69601826
-0.0256534 0.2288722 1.930584 Tracked 69601859
-0.03494372 0.2458339 1.932724 Tracked 69601899
-0.04485876 0.256883 1.934069 Tracked 69601927
-0.05322377 0.2646984 1.937723 Tracked 69601959
-0.0620638 0.2700886 1.941286 Tracked 69601994
-0.07112765 0.2714948 1.943156 Tracked 69602026
-0.0795482 0.2720835 1.946322 Tracked 69602059
-0.08838826 0.2713786 1.949265 Tracked 69602094
-0.09804653 0.2706319 1.951685 Tracked 69602127
-0.1039797 0.2696081 1.953962 Tracked 69602160
-0.1090929 0.26884 1.955264 Tracked 69602194
-0.1119151 0.2684553 1.956492 Tracked 69602226
-0.1136353 0.2678166 1.957168 Tracked 69602260
-0.1146855 0.2675519 1.958257 Tracked 69602293
-0.1146977 0.2676371 1.958503 Tracked 69602325
-0.1141118 0.2678 1.958622 Tracked 69602359
-0.1118611 0.2676313 1.958753 Tracked 69602393
-0.106407 0.2690994 1.957524 Tracked 69602426
-0.09785491 0.2720517 1.955853 Tracked 69602459
-0.08582695 0.2725836 1.953088 Tracked 69602494
-0.07452454 0.2672514 1.94998 Tracked 69602526
-0.06145969 0.2570658 1.946311 Tracked 69602560
-0.06082511 0.250857 1.947195 Tracked 69602594
-0.02958903 0.1987632 1.939585 Tracked 69602626
-0.02370807 0.1809589 1.939619 Tracked 69602660
-0.009283023 0.1356544 1.940997 Tracked 69602694
-0.008283279 0.1130237 1.940843 Tracked 69602727
-0.0061494 0.08256388 1.942293 Tracked 69602760
-0.004391453 0.05611201 1.947235 Tracked 69602794
-0.009186591 0.02564202 1.938251 Tracked 69602826
-0.01387461 0.009855223 1.935417 Tracked 69602860
-0.02189194 -0.01582735 1.937031 Tracked 69602901
-0.0238644 -0.02798595 1.936901 Tracked 69602926
-0.02855647 -0.03976518 1.939648 Tracked 69602959
-0.02855662 -0.04631615 1.941285 Tracked 69602993
-0.02873425 -0.05158508 1.9381 Tracked 69603026
-0.03261137 -0.04264895 1.920268 Tracked 69603060
-0.03626115 -0.03895854 1.919955 Tracked 69603095
-0.04236765 -0.02693808 1.916268 Tracked 69603128
-0.04965631 -0.009638456 1.914871 Tracked 69603159
-0.05230959 0.003009641 1.913826 Tracked 69603194
-0.05540191 0.02416737 1.914006 Tracked 69603227
-0.04733575 0.038764 1.917631 Tracked 69603259
-0.0433719 0.07021728 1.91976 Tracked 69603294
-0.04373031 0.1092603 1.922469 Tracked 69603327
-0.03706928 0.1244128 1.924062 Tracked 69603360
-0.03916908 0.1635747 1.927305 Tracked 69603393
-0.0462272 0.1867186 1.928637 Tracked 69603427
-0.05825327 0.2146961 1.928534 Tracked 69603460
-0.064294 0.2282448 1.92908 Tracked 69603494
-0.07307407 0.2414001 1.93306 Tracked 69603526
-0.07964349 0.2493155 1.935632 Tracked 69603559
-0.0886251 0.2572516 1.939101 Tracked 69603594
-0.0967188 0.2608576 1.940917 Tracked 69603627
-0.1038614 0.2637003 1.943797 Tracked 69603660
-0.1101319 0.2648614 1.945931 Tracked 69603693
-0.1149147 0.2642699 1.947249 Tracked 69603727
-0.1199399 0.2619143 1.948168 Tracked 69603759
-0.1227064 0.2605129 1.948905 Tracked 69603794
-0.1250865 0.2594189 1.949305 Tracked 69603827
-0.1263385 0.2586648 1.949524 Tracked 69603859
-0.1267582 0.2583093 1.949424 Tracked 69603893
-0.1267929 0.2583178 1.94923 Tracked 69603926
-0.1259697 0.2589685 1.948827 Tracked 69603960
-0.1227145 0.2607528 1.948025 Tracked 69603994
-0.1156325 0.2635585 1.946624 Tracked 69604026
-0.1072414 0.2652149 1.944305 Tracked 69604059
-0.09624503 0.2653568 1.941642 Tracked 69604093
-0.08262951 0.2617365 1.938439 Tracked 69604126
-0.06880489 0.2510025 1.935123 Tracked 69604159
-0.06795294 0.2479241 1.935753 Tracked 69604193
-0.03301767 0.2017546 1.931695 Tracked 69604226
-0.02571092 0.1813515 1.932401 Tracked 69604259
-0.01727193 0.1500973 1.933978 Tracked 69604293
-0.01086484 0.115998 1.938365 Tracked 69604327
-0.01214877 0.09460683 1.941662 Tracked 69604359
-0.01255088 0.04985807 1.943264 Tracked 69604394
-0.01225592 0.03970496 1.942539 Tracked 69604426
-0.01604934 0.01401628 1.941431 Tracked 69604459
-0.01866003 -0.009604891 1.945535 Tracked 69604494
-0.02030703 -0.02354112 1.946366 Tracked 69604526
-0.0266662 -0.04132493 1.949592 Tracked 69604560
-0.02614425 -0.04384634 1.94921 Tracked 69604594
-0.02627897 -0.04650133 1.947866 Tracked 69604627
-0.03253842 -0.04683678 1.940384 Tracked 69604659
-0.03579156 -0.04451419 1.936818 Tracked 69604694
-0.04342639 -0.036118 1.934008 Tracked 69604726
-0.04711746 -0.02203251 1.929606 Tracked 69604759
-0.04891831 -0.006350422 1.928064 Tracked 69604793
-0.0533867 0.01974347 1.9281 Tracked 69604826
-0.0457631 0.03496036 1.932463 Tracked 69604859
-0.03748965 0.06447368 1.935246 Tracked 69604893
-0.03554174 0.0913251 1.935773 Tracked 69604949
-0.02825705 0.1214876 1.938668 Tracked 69604964
-0.02841157 0.158488 1.94016 Tracked 69604995
-0.03219953 0.175041 1.94015 Tracked 69605026
-0.04380226 0.2033856 1.941147 Tracked 69605058
-0.051626 0.2212573 1.940332 Tracked 69605093
-0.05206253 0.2235678 1.939136 Tracked 69605126
-0.05632142 0.2313586 1.939187 Tracked 69605160
-0.07947433 0.2531313 1.94682 Tracked 69605194
-0.08320443 0.2548916 1.947456 Tracked 69605227
-0.08495158 0.2555611 1.947748 Tracked 69605259
-0.09560329 0.258071 1.949369 Tracked 69605293
-0.1013474 0.2592554 1.950177 Tracked 69605326
-0.106213 0.260134 1.9516 Tracked 69605360
-0.1103033 0.260024 1.95285 Tracked 69605392
-0.1137049 0.2600715 1.95307 Tracked 69605426
-0.1162985 0.2601075 1.953467 Tracked 69605459
-0.1177441 0.2599684 1.953701 Tracked 69605493
-0.1186756 0.259963 1.954012 Tracked 69605526
-0.1191291 0.260108 1.954015 Tracked 69605559
-0.1191533 0.260292 1.954019 Tracked 69605593
-0.1179281 0.2621529 1.954069 Tracked 69605626
-0.1152576 0.2638036 1.953867 Tracked 69605659
-0.1101047 0.2649317 1.952719 Tracked 69605694
-0.1024096 0.2640532 1.951118 Tracked 69605726
-0.09130194 0.2597302 1.949567 Tracked 69605759
-0.08014482 0.2499255 1.947204 Tracked 69605794
-0.06717023 0.2273546 1.943898 Tracked 69605827
-0.05382452 0.1953034 1.945769 Tracked 69605859
-0.04194705 0.1656751 1.946543 Tracked 69605892
-0.03231233 0.1248959 1.949401 Tracked 69605927
-0.02746951 0.09895368 1.951863 Tracked 69605959
-0.02472415 0.06742954 1.95968 Tracked 69605993
-0.0271649 0.02781569 1.951277 Tracked 69606027
-0.02984557 0.0126197 1.948451 Tracked 69606059
-0.03325121 -0.02186655 1.952779 Tracked 69606094
-0.03243843 -0.03042702 1.950211 Tracked 69606127
-0.03826905 -0.05153936 1.944996 Tracked 69606160
-0.04121194 -0.05252845 1.942236 Tracked 69606193
-0.04441833 -0.05562505 1.94013 Tracked 69606226
-0.0459018 -0.0563485 1.939682 Tracked 69606260
-0.04590698 -0.05597873 1.939168 Tracked 69606293
-0.0481191 -0.04101906 1.936058 Tracked 69606326
-0.05636133 -0.01030609 1.932758 Tracked 69606360
-0.05676151 0.001780006 1.931715 Tracked 69606394
-0.0594285 0.03277724 1.932312 Tracked 69606427
-0.05332541 0.0439559 1.935838 Tracked 69606461
-0.04676769 0.0770831 1.938926 Tracked 69606496
-0.05137301 0.1233414 1.943116 Tracked 69606526
-0.04570368 0.1335582 1.942238 Tracked 69606559
-0.04936187 0.1748643 1.944 Tracked 69606593
-0.04921012 0.1806327 1.94251 Tracked 69606626
-0.06337442 0.2169441 1.943716 Tracked 69606660
-0.06449396 0.2216186 1.942217 Tracked 69606694
-0.07481531 0.2382931 1.9423 Tracked 69606726
-0.08140095 0.2447233 1.942952 Tracked 69606759
-0.08702607 0.250598 1.944297 Tracked 69606793
-0.09266153 0.2538139 1.94461 Tracked 69606827
-0.09632242 0.2555968 1.945073 Tracked 69606860
-0.1025427 0.2566127 1.945755 Tracked 69606893
-0.1062844 0.2576384 1.946525 Tracked 69606934
-0.1089024 0.2584718 1.94694 Tracked 69606959
-0.1114895 0.2588611 1.947456 Tracked 69606993
-0.1129346 0.2593775 1.947107 Tracked 69607026
-0.1137822 0.2595584 1.94707 Tracked 69607059
-0.1139969 0.2599287 1.947339 Tracked 69607093
-0.1139401 0.2601798 1.947407 Tracked 69607126
-0.1115551 0.2619899 1.948068 Tracked 69607159
-0.1071588 0.262777 1.948356 Tracked 69607193
-0.09902782 0.2635268 1.948605 Tracked 69607226
-0.09129226 0.2593355 1.947578 Tracked 69607259
-0.08585392 0.2560819 1.947367 Tracked 69607294
-0.08089059 0.2509461 1.947945 Tracked 69607326
-0.04394403 0.2081533 1.943918 Tracked 69607359
-0.04090511 0.2001605 1.945292 Tracked 69607394
-0.02102814 0.1463501 1.940144 Tracked 69607427
-0.01679485 0.1290934 1.940662 Tracked 69607460
-0.01298297 0.09123304 1.941891 Tracked 69607493
-0.01250169 0.06963909 1.946863 Tracked 69607527
-0.01767061 0.02812028 1.938917 Tracked 69607561
-0.01980997 0.01646281 1.936222 Tracked 69607594
-0.02132578 0.00439309 1.934401 Tracked 69607627
-0.02106 -0.01877744 1.935641 Tracked 69607659
-0.02363887 -0.04301289 1.936169 Tracked 69607694
-0.02465003 -0.04655382 1.936333 Tracked 69607727
-0.02690135 -0.05403536 1.936929 Tracked 69607759
-0.02990991 -0.06383397 1.939789 Tracked 69607793
-0.02990612 -0.06467775 1.93955 Tracked 69607827
-0.03086772 -0.0636555 1.939569 Tracked 69607861
-0.03267945 -0.05842073 1.939293 Tracked 69607895
-0.05515098 -0.01577503 1.927225 Tracked 69607927
-0.05890625 -0.002342209 1.927145 Tracked 69607967
-0.06034476 0.009556901 1.929592 Tracked 69607994
-0.05116716 0.03798091 1.929738 Tracked 69608026
-0.04690286 0.05088191 1.934332 Tracked 69608059
-0.0427084 0.08258238 1.939553 Tracked 69608093
-0.04164624 0.1222599 1.944388 Tracked 69608127
-0.03942064 0.1357006 1.943962 Tracked 69608160
-0.04325343 0.1693678 1.944749 Tracked 69608193
-0.04520273 0.1760387 1.943215 Tracked 69608226
-0.0573045 0.2061559 1.942981 Tracked 69608259
-0.06173037 0.2151606 1.942966 Tracked 69608293
-0.06740168 0.2243295 1.943274 Tracked 69608327
-0.07169714 0.2310647 1.94375 Tracked 69608359
-0.07539429 0.2360527 1.94444 Tracked 69608393
-0.07909272 0.2395673 1.944978 Tracked 69608426
-0.08270729 0.2424809 1.945123 Tracked 69608459
-0.0850305 0.2443952 1.944706 Tracked 69608493
-0.08759713 0.2461883 1.944839 Tracked 69608527
-0.08881652 0.2471986 1.944969 Tracked 69608559
-0.08925725 0.2475015 1.94485 Tracked 69608593
-0.08929386 0.2476199 1.944801 Tracked 69608626
-0.08883496 0.2476074 1.944685 Tracked 69608660
-0.08710179 0.2471872 1.944622 Tracked 69608694
-0.08224903 0.2446913 1.943685 Tracked 69608727
-0.07387922 0.239682 1.942588 Tracked 69608760
-0.07164679 0.2373215 1.942599 Tracked 69608794
-0.06233922 0.22732 1.943125 Tracked 69608825
-0.02654968 0.183671 1.938281 Tracked 69608859
-0.02485793 0.1785808 1.93898 Tracked 69608894
-0.002523064 0.1243511 1.938884 Tracked 69608926
-0.001583784 0.1072491 1.940255 Tracked 69608960
0.0008635509 0.07599067 1.94559 Tracked 69608994
-0.001469235 0.03751015 1.943084 Tracked 69609027
-0.003098842 0.02998594 1.942614 Tracked 69609060
-0.005275154 0.009585278 1.944336 Tracked 69609094
-0.006174045 -0.005647411 1.945625 Tracked 69609126
-0.006566671 -0.01847236 1.945348 Tracked 69609161
-0.003323602 -0.02519174 1.945578 Tracked 69609193
-0.004342898 -0.03426805 1.945431 Tracked 69609226
-0.01127291 -0.04822304 1.952947 Tracked 69609259
-0.01016106 -0.04871212 1.951908 Tracked 69609294
-0.008919912 -0.04778033 1.951434 Tracked 69609327
-0.008948895 -0.02329811 1.947701 Tracked 69609360
-0.007040297 -0.01893378 1.948551 Tracked 69609393
-0.002717054 -0.008229871 1.948987 Tracked 69609426
9.448348E-05 0.001971924 1.950886 Tracked 69609459
0.009452491 0.03266437 1.951023 Tracked 69609493
0.006388558 0.07326773 1.950792 Tracked 69609526
0.005149678 0.0971 1.952485 Tracked 69609560
0.0129059 0.116764 1.953398 Tracked 69609594
0.01445573 0.1517926 1.953589 Tracked 69609626
0.01485141 0.1549809 1.951785 Tracked 69609659
-0.001788721 0.2052251 1.958032 Tracked 69609694
-0.002856753 0.2073336 1.9574 Tracked 69609727
-0.004982154 0.2123943 1.955865 Tracked 69609759
-0.01014485 0.2208833 1.955507 Tracked 69609794
-0.02695085 0.2404473 1.958766 Tracked 69609826
-0.03160781 0.2444162 1.959712 Tracked 69609859
-0.03622938 0.2474972 1.961083 Tracked 69609893
-0.04084041 0.2505035 1.961669 Tracked 69609926
-0.04439979 0.2526275 1.962666 Tracked 69609959
-0.04710421 0.2537578 1.962667 Tracked 69610000
-0.049326 0.2548427 1.96347 Tracked 69610026
-0.0510612 0.2555536 1.963608 Tracked 69610060
-0.05224363 0.2560187 1.96378 Tracked 69610093
-0.05263243 0.2561409 1.963519 Tracked 69610125
-0.05268301 0.256164 1.963496 Tracked 69610158
-0.05256176 0.2561731 1.963454 Tracked 69610194
-0.05083288 0.2556515 1.962395 Tracked 69610226
-0.04632876 0.2534964 1.961425 Tracked 69610259
-0.04480796 0.2524349 1.962012 Tracked 69610294
-0.02873191 0.2379103 1.957845 Tracked 69610327
-0.01784371 0.2203717 1.956351 Tracked 69610359
-0.003930473 0.1981721 1.955706 Tracked 69610394
0.007478358 0.174215 1.955083 Tracked 69610426
0.01535173 0.1407187 1.953232 Tracked 69610460
0.01861349 0.1131322 1.955672 Tracked 69610493
0.01385342 0.08425613 1.958511 Tracked 69610527
0.01187916 0.05673852 1.955526 Tracked 69610559
0.004074204 0.02999139 1.956664 Tracked 69610595
0.00184448 0.01302121 1.959724 Tracked 69610626
0.000242025 0.004844215 1.960455 Tracked 69610659
-0.002235618 -0.004987151 1.958433 Tracked 69610694
-0.007745469 -0.02358503 1.960635 Tracked 69610727
-0.0121293 -0.02757252 1.960096 Tracked 69610759
-0.01426751 -0.03054505 1.959559 Tracked 69610794
-0.01690068 -0.03453286 1.962985 Tracked 69610826
-0.01641946 -0.03402189 1.963049 Tracked 69610860
-0.02494196 -0.01579719 1.95636 Tracked 69610894
-0.02805321 -0.006777551 1.954916 Tracked 69610927
-0.03356698 0.005442807 1.955614 Tracked 69610959
-0.03685865 0.0204213 1.954165 Tracked 69610994
-0.0287712 0.04359248 1.952981 Tracked 69611050
-0.02535757 0.05849775 1.957962 Tracked 69611065
-0.02166133 0.08522445 1.962127 Tracked 69611094
-0.01570638 0.10629 1.963578 Tracked 69611126
-0.01697759 0.1441317 1.963632 Tracked 69611160
-0.01735875 0.1529559 1.962583 Tracked 69611194
-0.03579245 0.2014152 1.96603 Tracked 69611227
-0.04081449 0.2127281 1.965431 Tracked 69611260
-0.04818705 0.230049 1.965255 Tracked 69611294
-0.0536378 0.2381023 1.966126 Tracked 69611326
-0.0613319 0.2476433 1.968516 Tracked 69611359
-0.06765811 0.2530787 1.969932 Tracked 69611394
-0.07321008 0.2559757 1.9712 Tracked 69611427
-0.07808538 0.258079 1.971961 Tracked 69611459
-0.08313251 0.2601871 1.973366 Tracked 69611494
-0.0871152 0.2626358 1.97396 Tracked 69611527
-0.09037902 0.2640436 1.974562 Tracked 69611560
-0.09217261 0.2646627 1.974761 Tracked 69611594
-0.09343084 0.2650316 1.974769 Tracked 69611627
-0.09404353 0.2654968 1.974819 Tracked 69611659
-0.09411245 0.2656417 1.974664 Tracked 69611694
-0.09386954 0.2657384 1.974446 Tracked 69611726
-0.09212728 0.2660755 1.973466 Tracked 69611759
-0.08844445 0.2659334 1.971549 Tracked 69611793
-0.08298474 0.265094 1.96931 Tracked 69611826
-0.0750179 0.2624683 1.966478 Tracked 69611860
-0.06433999 0.2576367 1.962519 Tracked 69611894
-0.06262222 0.2555142 1.962654 Tracked 69611926
-0.05526853 0.2444723 1.961793 Tracked 69611959
-0.02255072 0.1982098 1.955013 Tracked 69611993
-0.01530972 0.1819901 1.954016 Tracked 69612027
0.001545754 0.1416336 1.952526 Tracked 69612060
0.001504198 0.1216097 1.955077 Tracked 69612094
0.001577658 0.08751835 1.961094 Tracked 69612126
0.001200772 0.06066036 1.956165 Tracked 69612160
-0.003521699 0.03861522 1.95364 Tracked 69612194
-0.008452872 0.02120923 1.951981 Tracked 69612226
-0.01003373 0.002212864 1.952674 Tracked 69612260
-0.01012199 -0.007662009 1.951071 Tracked 69612293
-0.01908373 -0.02567228 1.953477 Tracked 69612326
-0.02118343 -0.02957214 1.953575 Tracked 69612361
-0.02051574 -0.03221463 1.952484 Tracked 69612394
-0.02744431 -0.0309962 1.949455 Tracked 69612427
-0.02838834 -0.01896898 1.944413 Tracked 69612459
-0.03654469 0.002079384 1.933629 Tracked 69612494
-0.03610886 0.005721497 1.932996 Tracked 69612526
-0.037005 0.01782398 1.931526 Tracked 69612560
-0.03810918 0.04042813 1.929874 Tracked 69612594
-0.03008847 0.04991379 1.933423 Tracked 69612626
-0.02369305 0.06823067 1.932945 Tracked 69612660
-0.02349685 0.1061129 1.938027 Tracked 69612693
-0.01685438 0.1170425 1.935656 Tracked 69612726
-0.01259484 0.156644 1.933995 Tracked 69612760
-0.01414284 0.1644222 1.933448 Tracked 69612795
-0.03404284 0.2119226 1.935005 Tracked 69612826
-0.04031413 0.2241786 1.935612 Tracked 69612859
-0.04824977 0.2373684 1.9365 Tracked 69612894
-0.05700566 0.2469392 1.939831 Tracked 69612927
-0.06492822 0.2535835 1.94129 Tracked 69612959
-0.07156405 0.2569 1.942233 Tracked 69612994
-0.0788697 0.2598675 1.943053 Tracked 69613027
-0.08519994 0.2614311 1.943902 Tracked 69613067
-0.09033607 0.263062 1.944337 Tracked 69613094
-0.09398093 0.2642181 1.944772 Tracked 69613127
-0.09727538 0.2641336 1.944385 Tracked 69613159
-0.09978841 0.2645101 1.944288 Tracked 69613193
-0.1011627 0.2645201 1.944166 Tracked 69613226
-0.1017255 0.2646112 1.943923 Tracked 69613260
-0.1017332 0.2646235 1.943901 Tracked 69613294
-0.1011456 0.2646902 1.943516 Tracked 69613327
-0.09788266 0.2648275 1.94251 Tracked 69613360
-0.09225668 0.2637916 1.941305 Tracked 69613395
-0.08519074 0.2599153 1.939462 Tracked 69613427
-0.07335918 0.2525061 1.936645 Tracked 69613459
-0.07172404 0.2505059 1.936827 Tracked 69613493
-0.03807179 0.2160337 1.930462 Tracked 69613526
-0.02980723 0.1999699 1.9305 Tracked 69613560
-0.01459263 0.1671075 1.928041 Tracked 69613594
-0.00234922 0.1307871 1.928963 Tracked 69613627
0.001285896 0.106757 1.931259 Tracked 69613660
-0.00374324 0.08145395 1.934232 Tracked 69613693
-0.005086106 0.04653764 1.931028 Tracked 69613726
-0.008949883 0.03351026 1.927881 Tracked 69613759
-0.01674425 0.01325646 1.927331 Tracked 69613794
-0.01650611 -0.002235742 1.929158 Tracked 69613827
-0.01813072 -0.01170457 1.928554 Tracked 69613860
-0.01905373 -0.0170687 1.92966 Tracked 69613895
-0.01973383 -0.02360577 1.931289 Tracked 69613926
-0.02351188 -0.0346017 1.934727 Tracked 69613960
-0.02341537 -0.03462879 1.934483 Tracked 69613993
-0.02419476 -0.03320278 1.933803 Tracked 69614026
-0.0272895 -0.02502033 1.92987 Tracked 69614060
-0.02734244 -0.01807301 1.930811 Tracked 69614094
-0.04310823 0.004040441 1.923085 Tracked 69614127
-0.04691771 0.01511316 1.921114 Tracked 69614159
-0.04298294 0.02832344 1.920577 Tracked 69614194
-0.04332976 0.05125437 1.922982 Tracked 69614227
-0.04349 0.07373904 1.923031 Tracked 69614259
-0.03853095 0.09922841 1.924084 Tracked 69614294
-0.04153514 0.1354107 1.926333 Tracked 69614326
-0.04859566 0.1608517 1.926736 Tracked 69614359
-0.05821829 0.1873336 1.925882 Tracked 69614394
-0.06206196 0.1975421 1.924495 Tracked 69614426
-0.07669498 0.2238956 1.928986 Tracked 69614459
-0.08269455 0.2325038 1.930323 Tracked 69614494
-0.09064823 0.2405671 1.93199 Tracked 69614526
-0.09780128 0.2462195 1.932917 Tracked 69614559
-0.1041057 0.2502477 1.932502 Tracked 69614594
-0.1101693 0.2531062 1.933451 Tracked 69614627
-0.1158605 0.2543604 1.934212 Tracked 69614659
-0.1195392 0.2548058 1.934906 Tracked 69614693
-0.1218683 0.2550113 1.9348 Tracked 69614726
-0.1236167 0.2550763 1.934805 Tracked 69614759
-0.1245153 0.2550549 1.934529 Tracked 69614794
-0.1247304 0.2551124 1.934425 Tracked 69614827
-0.1246894 0.2553072 1.934323 Tracked 69614859
-0.1237958 0.2558231 1.933726 Tracked 69614893
-0.120948 0.2564032 1.932566 Tracked 69614927
-0.1144488 0.2579333 1.930536 Tracked 69614961
-0.1041737 0.2575169 1.928283 Tracked 69614995
-0.09448308 0.2554086 1.925891 Tracked 69615027
-0.08195075 0.2508987 1.923836 Tracked 69615060
-0.07679473 0.2468644 1.922675 Tracked 69615098
-0.0520959 0.2225528 1.917284 Tracked 69615127
-0.03998401 0.2075962 1.916831 Tracked 69615160
-0.02202395 0.1768423 1.915244 Tracked 69615195
-0.009785774 0.1489797 1.915695 Tracked 69615226
-0.002577883 0.1205122 1.917908 Tracked 69615259
0.001094027 0.08807413 1.920308 Tracked 69615294
0.003149493 0.06067288 1.920754 Tracked 69615327
-0.0002057289 0.04236371 1.921036 Tracked 69615359
-0.004991715 0.03110943 1.919529 Tracked 69615394
-0.007977908 0.007071218 1.923101 Tracked 69615427
-0.01049722 -0.001116692 1.923398 Tracked 69615462
-0.01145071 -0.01115059 1.922933 Tracked 69615493
-0.01071016 -0.01685499 1.922761 Tracked 69615526
-0.01133817 -0.02272287 1.921407 Tracked 69615559
-0.01010633 -0.02987069 1.921112 Tracked 69615594
-0.01016508 -0.02991876 1.921031 Tracked 69615627
-0.01924399 -0.01763805 1.91417 Tracked 69615661
-0.02063313 -0.01488975 1.914428 Tracked 69615693
-0.02983022 0.003566746 1.915647 Tracked 69615726
-0.03066206 0.01422187 1.915754 Tracked 69615759
-0.03118653 0.03122869 1.916031 Tracked 69615793
-0.02557178 0.04331287 1.919025 Tracked 69615826
-0.02340487 0.06865835 1.922738 Tracked 69615860
-0.0206466 0.08777425 1.923195 Tracked 69615894
-0.01826987 0.1162317 1.927177 Tracked 69615926
-0.02260643 0.1455014 1.928194 Tracked 69615959
-0.03200601 0.1717145 1.930939 Tracked 69615993
-0.04119674 0.1886997 1.932572 Tracked 69616027
-0.05432096 0.2079634 1.934755 Tracked 69616060
-0.06395768 0.2222774 1.934523 Tracked 69616101
-0.06737632 0.226479 1.934125 Tracked 69616126
-0.08011477 0.2367112 1.936631 Tracked 69616160
-0.08785489 0.2424703 1.938361 Tracked 69616193
-0.09417467 0.2464256 1.939161 Tracked 69616226
-0.1006356 0.2491906 1.939612 Tracked 69616259
-0.1064188 0.2514592 1.939988 Tracked 69616294
-0.1105651 0.2526406 1.940419 Tracked 69616327
-0.1142075 0.2536113 1.941254 Tracked 69616361
