-0.05329711 -0.1773112 2.148565 Tracked 68927225
-0.03651115 -0.1835018 2.154866 Tracked 68927258
-0.019069 -0.1888782 2.157379 Tracked 68927293
0.03143763 -0.1611043 2.165066 Tracked 68927326
0.03398679 -0.1597844 2.166038 Tracked 68927358
0.03707202 -0.1572343 2.168485 Tracked 68927392
0.04233969 -0.1588091 2.169156 Tracked 68927425
0.04549413 -0.1600156 2.168976 Tracked 68927458
0.04993172 -0.1614252 2.166552 Tracked 68927492
0.05264013 -0.1674867 2.162335 Tracked 68927525
0.05148717 -0.1699594 2.16153 Tracked 68927558
0.05158394 -0.1706311 2.160578 Tracked 68927592
0.04411059 -0.170954 2.157815 Tracked 68927625
0.02168546 -0.1786155 2.148664 Tracked 68927658
0.01159219 -0.1800526 2.143122 Tracked 68927692
-0.02521506 -0.1916908 2.13444 Tracked 68927726
-0.02118745 -0.1471624 2.146343 Tracked 68927758
-0.03350265 -0.1354023 2.144254 Tracked 68927792
-0.05263843 -0.1147425 2.141867 Tracked 68927825
-0.08602306 -0.1321556 2.124975 Tracked 68927857
-0.09931435 -0.1290801 2.118179 Tracked 68927892
-0.1091355 -0.1241772 2.107107 Tracked 68927925
-0.118554 -0.1154524 2.094533 Tracked 68927959
-0.1270297 -0.1063837 2.084564 Tracked 68927992
-0.1312537 -0.09901077 2.074096 Tracked 68928025
-0.1351681 -0.095148 2.065717 Tracked 68928077
-0.1374009 -0.09349689 2.058962 Tracked 68928092
-0.1405679 -0.09263871 2.05342 Tracked 68928125
-0.1444618 -0.09208157 2.048779 Tracked 68928159
-0.1494681 -0.09129757 2.043294 Tracked 68928192
-0.1516601 -0.09356844 2.039937 Tracked 68928227
-0.1532312 -0.0952582 2.036976 Tracked 68928259
-0.1538353 -0.09623764 2.0352 Tracked 68928292
-0.1549974 -0.09557352 2.03321 Tracked 68928325
-0.1549112 -0.09594658 2.032492 Tracked 68928357
-0.1551397 -0.0954804 2.031892 Tracked 68928392
-0.1551467 -0.09507576 2.031715 Tracked 68928425
-0.1552501 -0.09473398 2.031786 Tracked 68928458
-0.154788 -0.0941131 2.032192 Tracked 68928492
-0.1527805 -0.09286939 2.034746 Tracked 68928526
-0.1490364 -0.09002776 2.038959 Tracked 68928558
-0.1451177 -0.08860212 2.047078 Tracked 68928592
-0.1388532 -0.09101695 2.058269 Tracked 68928626
-0.1341644 -0.09409962 2.068176 Tracked 68928659
-0.1271364 -0.102983 2.083475 Tracked 68928692
-0.1212646 -0.1112339 2.096323 Tracked 68928725
-0.1086536 -0.1319086 2.119416 Tracked 68928758
-0.09620246 -0.1382879 2.13979 Tracked 68928792
-0.08047406 -0.1675458 2.147933 Tracked 68928824
-0.06422591 -0.1696638 2.170494 Tracked 68928858
-0.0499391 -0.1814972 2.167838 Tracked 68928892
-0.03732054 -0.1862372 2.169515 Tracked 68928926
-0.02017698 -0.1882034 2.174092 Tracked 68928958
0.01622032 -0.1850694 2.178845 Tracked 68928992
0.02994534 -0.1830541 2.179127 Tracked 68929025
0.03605936 -0.1802939 2.182296 Tracked 68929058
0.04275201 -0.1791027 2.18399 Tracked 68929091
0.05134077 -0.1771326 2.183971 Tracked 68929126
0.05491745 -0.1773186 2.184135 Tracked 68929159
0.05531802 -0.1775049 2.184179 Tracked 68929192
0.05736969 -0.1787346 2.183116 Tracked 68929226
0.05772137 -0.1787402 2.18263 Tracked 68929258
0.05762482 -0.1778918 2.181596 Tracked 68929292
0.05332139 -0.1772199 2.180532 Tracked 68929325
0.04679128 -0.1647224 2.177917 Tracked 68929358
0.03044186 -0.1679294 2.173454 Tracked 68929392
0.01304126 -0.165323 2.168447 Tracked 68929425
-0.00830619 -0.164402 2.162995 Tracked 68929459
-0.03388705 -0.1371451 2.162028 Tracked 68929492
-0.04720308 -0.1276632 2.156708 Tracked 68929525
-0.07920007 -0.1282487 2.146764 Tracked 68929559
-0.08754229 -0.1250739 2.137482 Tracked 68929593
-0.0985907 -0.125111 2.124907 Tracked 68929625
-0.1086365 -0.1186394 2.113945 Tracked 68929658
-0.1164611 -0.108221 2.101761 Tracked 68929692
-0.1194458 -0.1013139 2.092036 Tracked 68929726
-0.1227287 -0.09825778 2.083895 Tracked 68929758
-0.1246372 -0.09634872 2.076286 Tracked 68929793
-0.1266177 -0.09412727 2.069292 Tracked 68929824
-0.1279844 -0.0940377 2.06374 Tracked 68929857
-0.1297478 -0.09446602 2.059532 Tracked 68929892
-0.130946 -0.09463252 2.056574 Tracked 68929924
-0.1318614 -0.09517667 2.054449 Tracked 68929957
-0.1326788 -0.09498236 2.052108 Tracked 68929992
-0.1334929 -0.09436315 2.050184 Tracked 68930025
-0.1339234 -0.09444635 2.049346 Tracked 68930058
-0.1339409 -0.09419785 2.048405 Tracked 68930096
-0.1338468 -0.09409788 2.048274 Tracked 68930125
-0.1336916 -0.09405889 2.048266 Tracked 68930157
-0.1326393 -0.0923225 2.049223 Tracked 68930192
-0.1301455 -0.09095322 2.051061 Tracked 68930225
-0.1265921 -0.08932123 2.056963 Tracked 68930257
-0.1227239 -0.08754277 2.063948 Tracked 68930291
-0.117348 -0.0886656 2.073625 Tracked 68930325
-0.1140535 -0.09254766 2.084963 Tracked 68930357
-0.1097046 -0.1002741 2.095419 Tracked 68930391
-0.1023033 -0.114217 2.107863 Tracked 68930425
-0.09397925 -0.1269491 2.122179 Tracked 68930457
-0.08511137 -0.1496406 2.140251 Tracked 68930492
-0.06311696 -0.1620034 2.153105 Tracked 68930525
-0.05880271 -0.1694558 2.155162 Tracked 68930558
-0.04761863 -0.1767755 2.162867 Tracked 68930592
-0.03118772 -0.1802782 2.169047 Tracked 68930627
-0.02277972 -0.1791816 2.170636 Tracked 68930658
0.0243255 -0.176756 2.180947 Tracked 68930692
0.0302521 -0.1742654 2.182312 Tracked 68930725
0.0363478 -0.1673533 2.185148 Tracked 68930757
0.04324847 -0.1611622 2.185545 Tracked 68930792
0.04705073 -0.1590018 2.18491 Tracked 68930825
0.05643072 -0.1641204 2.178888 Tracked 68930858
0.05782302 -0.1652635 2.177401 Tracked 68930892
0.05841034 -0.1658061 2.175911 Tracked 68930925
0.05832008 -0.1653764 2.175559 Tracked 68930958
0.0567612 -0.165726 2.174933 Tracked 68930992
0.05419207 -0.1663078 2.175375 Tracked 68931025
0.03666804 -0.1607868 2.17747 Tracked 68931058
0.0334993 -0.1448055 2.175483 Tracked 68931096
0.02468971 -0.1409845 2.174727 Tracked 68931125
-0.004189014 -0.1495752 2.171971 Tracked 68931157
-0.02054558 -0.150052 2.168499 Tracked 68931192
-0.03396367 -0.1448799 2.163218 Tracked 68931227
-0.05214373 -0.1246494 2.159182 Tracked 68931259
-0.0728707 -0.1258663 2.148931 Tracked 68931292
-0.08465163 -0.1240119 2.143738 Tracked 68931325
-0.1015824 -0.1195768 2.127781 Tracked 68931358
-0.1127613 -0.1112843 2.116508 Tracked 68931392
-0.1213566 -0.1000255 2.10454 Tracked 68931425
-0.1270005 -0.09177111 2.092279 Tracked 68931458
-0.1320871 -0.08757777 2.079688 Tracked 68931492
-0.1368327 -0.08616547 2.067189 Tracked 68931525
-0.1414539 -0.08517351 2.054989 Tracked 68931558
-0.1439783 -0.08727434 2.047878 Tracked 68931592
-0.1468212 -0.09006745 2.037616 Tracked 68931625
-0.1485869 -0.09175634 2.031675 Tracked 68931657
-0.1492371 -0.09225612 2.026494 Tracked 68931692
-0.1505691 -0.0926685 2.022027 Tracked 68931724
-0.1506039 -0.09277158 2.018988 Tracked 68931758
-0.1510433 -0.09282634 2.015926 Tracked 68931792
-0.1508116 -0.09287357 2.014593 Tracked 68931825
-0.1499694 -0.0927676 2.01331 Tracked 68931859
-0.1495836 -0.09282977 2.012965 Tracked 68931893
-0.1490615 -0.09285386 2.012744 Tracked 68931925
-0.1480564 -0.0928904 2.012805 Tracked 68931958
-0.1466892 -0.09305117 2.013551 Tracked 68931993
-0.1447631 -0.09216484 2.015823 Tracked 68932025
-0.1431532 -0.0901713 2.019495 Tracked 68932057
-0.1403808 -0.08689656 2.026777 Tracked 68932093
-0.137697 -0.08369287 2.035323 Tracked 68932124
-0.135027 -0.08304697 2.045048 Tracked 68932158
-0.1282962 -0.08792572 2.058803 Tracked 68932192
-0.1250997 -0.09336338 2.071388 Tracked 68932226
-0.1201944 -0.1041668 2.085348 Tracked 68932259
-0.1131588 -0.1154928 2.098965 Tracked 68932293
-0.1058456 -0.1248047 2.111414 Tracked 68932326
-0.09022027 -0.1351505 2.124641 Tracked 68932357
-0.08913208 -0.1517806 2.146325 Tracked 68932392
-0.08010923 -0.1658601 2.153016 Tracked 68932425
-0.06064422 -0.1705086 2.163018 Tracked 68932458
-0.05042287 -0.1752504 2.165309 Tracked 68932492
-0.03131533 -0.1806876 2.172951 Tracked 68932526
-0.006135182 -0.1754625 2.180375 Tracked 68932558
0.02596695 -0.1512735 2.180175 Tracked 68932592
0.03037503 -0.1502569 2.180422 Tracked 68932625
0.03417796 -0.1506427 2.181344 Tracked 68932658
0.0379115 -0.1546495 2.181105 Tracked 68932692
0.04321047 -0.1582925 2.179318 Tracked 68932724
0.04428463 -0.1593557 2.178816 Tracked 68932757
0.04584587 -0.1593096 2.17676 Tracked 68932793
0.04633815 -0.1592445 2.173793 Tracked 68932825
0.04635726 -0.1594025 2.172081 Tracked 68932858
0.04355787 -0.1562599 2.169739 Tracked 68932892
0.04012006 -0.1385332 2.16566 Tracked 68932924
0.02332426 -0.1366421 2.166896 Tracked 68932957
-0.01050236 -0.1542481 2.160079 Tracked 68932992
-0.0157889 -0.1542071 2.160185 Tracked 68933025
-0.02629723 -0.1491394 2.157461 Tracked 68933057
-0.04351256 -0.1314429 2.155665 Tracked 68933096
-0.05111148 -0.1163934 2.150444 Tracked 68933125
-0.06459256 -0.1186931 2.145834 Tracked 68933159
-0.07828269 -0.1172424 2.13735 Tracked 68933192
-0.09356791 -0.1149969 2.123587 Tracked 68933224
-0.09828807 -0.1121601 2.117822 Tracked 68933258
-0.1034936 -0.1019552 2.10804 Tracked 68933292
-0.1059262 -0.09537739 2.100915 Tracked 68933324
-0.1081561 -0.0943738 2.095075 Tracked 68933358
-0.1105467 -0.09407947 2.088518 Tracked 68933392
-0.1119379 -0.0918561 2.07916 Tracked 68933424
-0.113084 -0.09098303 2.071937 Tracked 68933458
-0.1147604 -0.0892818 2.065366 Tracked 68933493
-0.116008 -0.08764378 2.059555 Tracked 68933525
-0.1168026 -0.08733305 2.054489 Tracked 68933558
-0.1173867 -0.08717167 2.050907 Tracked 68933592
-0.117692 -0.08670567 2.047376 Tracked 68933625
-0.1176904 -0.08689278 2.04528 Tracked 68933658
-0.117531 -0.0868542 2.043567 Tracked 68933692
-0.1172727 -0.0867201 2.042602 Tracked 68933725
-0.1169123 -0.08680658 2.042217 Tracked 68933758
-0.1168316 -0.08662109 2.042163 Tracked 68933792
-0.1165406 -0.0863919 2.042188 Tracked 68933825
-0.1157714 -0.08639771 2.043138 Tracked 68933857
-0.1141998 -0.08643719 2.045011 Tracked 68933892
-0.1131362 -0.08697331 2.048353 Tracked 68933925
-0.112034 -0.08586287 2.053475 Tracked 68933958
-0.110777 -0.08706627 2.058364 Tracked 68933993
-0.109806 -0.09034123 2.062788 Tracked 68934025
-0.1067068 -0.1030918 2.072285 Tracked 68934058
-0.1022028 -0.113523 2.081625 Tracked 68934093
-0.09637169 -0.1249214 2.091422 Tracked 68934128
-0.0856363 -0.1348934 2.099949 Tracked 68934158
-0.08063 -0.1425505 2.116267 Tracked 68934193
-0.06694794 -0.1685629 2.120606 Tracked 68934226
-0.03862742 -0.1490048 2.140814 Tracked 68934257
-0.03131732 -0.1610113 2.138496 Tracked 68934291
-0.01858046 -0.1630962 2.14091 Tracked 68934324
-0.01201485 -0.177296 2.149498 Tracked 68934357
-0.005697016 -0.1873396 2.156734 Tracked 68934391
-0.005417377 -0.1884349 2.159778 Tracked 68934425
-0.003916214 -0.1883789 2.162149 Tracked 68934457
-0.002608294 -0.1897074 2.163308 Tracked 68934493
0.02890896 -0.1621865 2.148725 Tracked 68934527
0.03157712 -0.1636968 2.147103 Tracked 68934559
0.03443207 -0.1646447 2.146303 Tracked 68934592
0.0347525 -0.1642425 2.146359 Tracked 68934625
0.03582364 -0.1647278 2.145308 Tracked 68934658
0.03801019 -0.162254 2.144457 Tracked 68934692
0.03480845 -0.1634396 2.144353 Tracked 68934724
0.03235815 -0.1626517 2.143387 Tracked 68934758
0.01730014 -0.1608871 2.142276 Tracked 68934792
0.002609567 -0.1537554 2.140929 Tracked 68934825
-0.008474639 -0.1516134 2.136341 Tracked 68934859
-0.02002094 -0.1523455 2.131114 Tracked 68934892
-0.03854374 -0.142287 2.121894 Tracked 68934924
-0.05497942 -0.143393 2.118422 Tracked 68934957
-0.06567399 -0.1357727 2.115772 Tracked 68934991
-0.07459648 -0.1298747 2.108729 Tracked 68935025
-0.08706741 -0.1215878 2.098499 Tracked 68935058
-0.09249734 -0.1157939 2.093276 Tracked 68935092
-0.09575021 -0.1110567 2.088754 Tracked 68935125
-0.09856883 -0.1065382 2.084109 Tracked 68935161
-0.1033878 -0.0995542 2.075567 Tracked 68935192
-0.1051551 -0.09820007 2.071614 Tracked 68935225
-0.1063345 -0.09635288 2.065292 Tracked 68935259
-0.1072008 -0.09589702 2.06129 Tracked 68935292
-0.1075368 -0.09583297 2.057812 Tracked 68935325
-0.1087781 -0.09389164 2.055125 Tracked 68935357
-0.1094656 -0.09312402 2.053164 Tracked 68935392
-0.1097811 -0.09272496 2.05141 Tracked 68935425
-0.1101515 -0.09238566 2.050717 Tracked 68935458
-0.1104633 -0.09173235 2.05006 Tracked 68935492
-0.1101766 -0.09166328 2.049523 Tracked 68935525
-0.1100833 -0.09161649 2.049395 Tracked 68935558
-0.1099867 -0.0914411 2.049773 Tracked 68935592
-0.1098038 -0.09156223 2.050476 Tracked 68935625
-0.1090998 -0.0912002 2.052946 Tracked 68935660
-0.1076733 -0.09282977 2.059635 Tracked 68935692
-0.1065185 -0.09777097 2.069798 Tracked 68935725
-0.1048335 -0.1020326 2.076743 Tracked 68935758
-0.09805292 -0.1149591 2.08904 Tracked 68935791
-0.09026394 -0.1284531 2.101409 Tracked 68935825
-0.07650915 -0.1396919 2.110873 Tracked 68935857
-0.07331998 -0.142652 2.119561 Tracked 68935892
-0.06741901 -0.1553633 2.138564 Tracked 68935924
-0.04458328 -0.1482669 2.153961 Tracked 68935957
-0.03058016 -0.1610393 2.149389 Tracked 68935992
-0.01702751 -0.1666475 2.153197 Tracked 68936024
-0.01528768 -0.1739021 2.159367 Tracked 68936057
-0.00259117 -0.1714357 2.161132 Tracked 68936093
0.02229195 -0.1567647 2.159904 Tracked 68936146
0.02492198 -0.1573339 2.159563 Tracked 68936161
0.03421798 -0.1617362 2.155679 Tracked 68936192
0.03913166 -0.1623072 2.153001 Tracked 68936225
0.04093814 -0.1637166 2.15223 Tracked 68936258
0.04206049 -0.1643625 2.151543 Tracked 68936292
0.0419046 -0.1645901 2.151067 Tracked 68936325
0.0409322 -0.1624248 2.150249 Tracked 68936358
0.03913539 -0.1616188 2.14892 Tracked 68936395
0.03378617 -0.1526359 2.149291 Tracked 68936426
0.02588184 -0.1506557 2.149399 Tracked 68936458
0.02189803 -0.1508304 2.146742 Tracked 68936492
0.006279027 -0.1550991 2.142832 Tracked 68936526
-0.003414732 -0.1480614 2.142946 Tracked 68936557
-0.007450862 -0.1493334 2.13908 Tracked 68936591
-0.02420488 -0.1387776 2.133281 Tracked 68936626
-0.03263882 -0.1241539 2.127434 Tracked 68936659
-0.06250902 -0.1361523 2.117264 Tracked 68936692
-0.06522598 -0.1338602 2.114328 Tracked 68936725
-0.07041164 -0.1264403 2.106283 Tracked 68936757
-0.08059432 -0.1176741 2.094555 Tracked 68936791
-0.08356308 -0.1134705 2.088148 Tracked 68936824
-0.08555008 -0.1052438 2.078853 Tracked 68936858
-0.08872429 -0.09979746 2.0713 Tracked 68936892
-0.09026103 -0.09748266 2.066545 Tracked 68936925
-0.09164544 -0.09672524 2.061947 Tracked 68936959
-0.09277533 -0.0956284 2.05858 Tracked 68936992
-0.09432281 -0.0949722 2.055412 Tracked 68937025
-0.09530392 -0.09423255 2.05306 Tracked 68937058
-0.09641947 -0.09358473 2.050656 Tracked 68937092
-0.09744205 -0.09276383 2.049227 Tracked 68937126
-0.09815338 -0.09223824 2.047988 Tracked 68937158
-0.09876976 -0.09170675 2.047045 Tracked 68937192
-0.09920707 -0.09118623 2.046672 Tracked 68937225
-0.09939931 -0.09110337 2.046618 Tracked 68937257
-0.09937412 -0.09090242 2.046817 Tracked 68937292
-0.09950893 -0.09074152 2.047224 Tracked 68937326
-0.09874228 -0.09038492 2.048819 Tracked 68937359
-0.09884226 -0.08943335 2.052432 Tracked 68937393
-0.09678983 -0.08980557 2.059699 Tracked 68937426
-0.09409622 -0.09312818 2.069043 Tracked 68937458
-0.09198545 -0.09613182 2.078202 Tracked 68937492
-0.09096877 -0.1036177 2.088566 Tracked 68937525
-0.08581407 -0.1139473 2.10117 Tracked 68937558
-0.07298733 -0.1356828 2.120601 Tracked 68937592
-0.05373926 -0.142764 2.132615 Tracked 68937625
-0.05179583 -0.1523358 2.13979 Tracked 68937658
-0.04453329 -0.159636 2.159996 Tracked 68937693
-0.03209651 -0.1721036 2.161455 Tracked 68937725
-0.02296308 -0.1795884 2.163611 Tracked 68937758
-0.002232413 -0.179358 2.169357 Tracked 68937792
0.03771985 -0.1668864 2.16361 Tracked 68937825
0.0408299 -0.1662997 2.165998 Tracked 68937857
0.0446774 -0.1671493 2.167323 Tracked 68937891
0.04862024 -0.1670315 2.166837 Tracked 68937925
0.05441849 -0.1689338 2.16562 Tracked 68937958
0.05741568 -0.1664213 2.163693 Tracked 68937992
0.06005787 -0.1665577 2.163566 Tracked 68938025
0.06059953 -0.1664945 2.163126 Tracked 68938057
0.06067997 -0.1666308 2.162569 Tracked 68938092
0.05994864 -0.1659547 2.161431 Tracked 68938125
0.05985355 -0.1635439 2.158258 Tracked 68938162
0.05893702 -0.159451 2.155986 Tracked 68938192
0.05041804 -0.1437546 2.152628 Tracked 68938225
0.03371388 -0.1430194 2.152106 Tracked 68938257
0.006160701 -0.1425842 2.155092 Tracked 68938291
0.004684416 -0.1429475 2.148214 Tracked 68938325
-0.006240076 -0.1411686 2.138991 Tracked 68938359
-0.01706617 -0.1244947 2.134915 Tracked 68938392
-0.0418355 -0.1346391 2.125023 Tracked 68938425
-0.0506801 -0.1306796 2.12167 Tracked 68938458
-0.06211854 -0.1242115 2.113197 Tracked 68938492
-0.06894623 -0.1225196 2.105137 Tracked 68938525
-0.07650432 -0.110857 2.093061 Tracked 68938558
-0.08144612 -0.1018192 2.083379 Tracked 68938593
-0.08389029 -0.09759711 2.07577 Tracked 68938625
-0.08831237 -0.09252817 2.066809 Tracked 68938658
-0.09058526 -0.08986307 2.060219 Tracked 68938692
-0.09456611 -0.08720648 2.053939 Tracked 68938725
-0.09648138 -0.08690042 2.051593 Tracked 68938759
-0.09782454 -0.08655817 2.04946 Tracked 68938793
-0.09855418 -0.08615799 2.047809 Tracked 68938825
-0.09916763 -0.08599511 2.046751 Tracked 68938857
-0.09937709 -0.08635364 2.045975 Tracked 68938892
-0.09940911 -0.08680201 2.045226 Tracked 68938925
-0.09943368 -0.08666344 2.045068 Tracked 68938958
-0.09947113 -0.0864097 2.044841 Tracked 68938992
-0.09934279 -0.08595136 2.045071 Tracked 68939025
-0.09906224 -0.08578409 2.045295 Tracked 68939059
-0.09811455 -0.08582772 2.046435 Tracked 68939091
-0.09690657 -0.08629756 2.048349 Tracked 68939125
-0.09456205 -0.08776911 2.051693 Tracked 68939157
-0.09209246 -0.08808234 2.056772 Tracked 68939191
-0.08890616 -0.09094585 2.065908 Tracked 68939225
-0.08797316 -0.09687319 2.073782 Tracked 68939258
-0.08505062 -0.105518 2.081388 Tracked 68939293
-0.07519225 -0.128825 2.097394 Tracked 68939326
-0.07021949 -0.138367 2.105417 Tracked 68939358
-0.06195074 -0.1426319 2.115114 Tracked 68939392
-0.05869782 -0.153245 2.12305 Tracked 68939425
-0.0524817 -0.1683947 2.131401 Tracked 68939458
-0.03174377 -0.1680637 2.143769 Tracked 68939492
-0.02636042 -0.1701396 2.145615 Tracked 68939525
0.004604334 -0.1664594 2.153445 Tracked 68939558
0.01669915 -0.164226 2.154018 Tracked 68939593
0.02452493 -0.1621162 2.157941 Tracked 68939626
0.03472093 -0.1594179 2.160193 Tracked 68939658
0.04024206 -0.1600128 2.160851 Tracked 68939692
0.04659594 -0.1621079 2.160183 Tracked 68939725
0.04888403 -0.1630656 2.159984 Tracked 68939758
0.05231467 -0.1621833 2.158453 Tracked 68939792
0.05231813 -0.1623029 2.15847 Tracked 68939825
0.05232048 -0.1622468 2.158423 Tracked 68939858
0.05008079 -0.1618202 2.158948 Tracked 68939892
0.0483686 -0.1565363 2.156187 Tracked 68939925
0.04784983 -0.1533796 2.15441 Tracked 68939958
0.04367924 -0.1530533 2.153628 Tracked 68939993
0.03170986 -0.1421379 2.14999 Tracked 68940027
0.009124327 -0.1428724 2.149422 Tracked 68940058
-0.001610227 -0.1457573 2.146187 Tracked 68940092
-0.01077315 -0.1422537 2.141868 Tracked 68940125
-0.03349193 -0.1325869 2.131991 Tracked 68940158
-0.05063772 -0.135516 2.129963 Tracked 68940194
-0.05742245 -0.1305524 2.126967 Tracked 68940225
-0.06519374 -0.1226196 2.118041 Tracked 68940257
-0.07310195 -0.1180902 2.108913 Tracked 68940291
-0.07664013 -0.1113125 2.102455 Tracked 68940325
-0.0812886 -0.1005053 2.091368 Tracked 68940358
-0.08459711 -0.09598856 2.08442 Tracked 68940392
-0.08679528 -0.09487687 2.078871 Tracked 68940425
-0.088966 -0.09343361 2.074655 Tracked 68940458
-0.09077195 -0.09178829 2.071053 Tracked 68940493
-0.09174453 -0.09047989 2.067408 Tracked 68940526
-0.0922723 -0.09023544 2.064518 Tracked 68940557
-0.09182586 -0.09048155 2.062469 Tracked 68940591
-0.09122665 -0.08987038 2.061085 Tracked 68940625
-0.08948083 -0.09002334 2.059287 Tracked 68940657
-0.08806404 -0.0897515 2.058201 Tracked 68940692
-0.08669367 -0.08945665 2.056889 Tracked 68940725
-0.08501936 -0.08905893 2.056206 Tracked 68940757
-0.08354664 -0.08851916 2.055959 Tracked 68940793
-0.08200918 -0.08784296 2.056025 Tracked 68940825
-0.08086085 -0.08745134 2.056185 Tracked 68940858
-0.07942984 -0.08686249 2.057055 Tracked 68940893
-0.07820785 -0.08620425 2.058491 Tracked 68940925
-0.07564763 -0.08565453 2.061832 Tracked 68940958
-0.07309552 -0.0849149 2.067365 Tracked 68940991
-0.0713376 -0.08452738 2.073645 Tracked 68941025
-0.06267206 -0.08991353 2.086578 Tracked 68941058
-0.06126887 -0.09341229 2.094773 Tracked 68941092
-0.06232518 -0.1019352 2.106708 Tracked 68941125
-0.05893141 -0.1205134 2.121782 Tracked 68941158
-0.0527077 -0.1337605 2.129957 Tracked 68941194
-0.04368248 -0.1369009 2.139888 Tracked 68941226
-0.03501119 -0.145314 2.150207 Tracked 68941258
-0.03217886 -0.1545269 2.154588 Tracked 68941292
-0.02354057 -0.154412 2.16662 Tracked 68941325
-0.01497821 -0.1652541 2.168732 Tracked 68941358
-0.004753019 -0.1742793 2.176929 Tracked 68941392
0.02960491 -0.1591623 2.179634 Tracked 68941425
0.03166936 -0.159351 2.179482 Tracked 68941458
0.03867933 -0.1577319 2.178758 Tracked 68941492
0.03922838 -0.1561041 2.179878 Tracked 68941525
0.04249741 -0.1564663 2.179592 Tracked 68941558
0.04433472 -0.1571503 2.179096 Tracked 68941593
