-0.02196208 0.4575729 1.809238 Tracked 76602421
-0.02196208 0.4575729 1.809238 Tracked 76602421
-0.02196208 0.4575729 1.809238 Tracked 76602421
-0.02196208 0.4575729 1.809238 Tracked 76602421
-0.02196208 0.4575729 1.809238 Tracked 76602421
-0.02189822 0.4571936 1.808694 Tracked 76602421
-0.02191627 0.4572045 1.808695 Tracked 76602452
-0.02193884 0.4571717 1.808617 Tracked 76602485
-0.02191216 0.4570336 1.808315 Tracked 76602523
-0.0219148 0.4570417 1.808265 Tracked 76602557
-0.02195168 0.4570232 1.808256 Tracked 76602589
-0.02193278 0.4570404 1.808153 Tracked 76602624
-0.02201701 0.4570895 1.808049 Tracked 76602658
-0.02215502 0.4571862 1.807862 Tracked 76602690
-0.02230422 0.4574388 1.807336 Tracked 76602719
-0.02228967 0.4578186 1.80583 Tracked 76602752
-0.02248112 0.4581532 1.80487 Tracked 76602789
-0.02275085 0.458417 1.80345 Tracked 76602825
-0.02318878 0.458871 1.802182 Tracked 76602861
-0.02344615 0.4592702 1.801534 Tracked 76602888
-0.02387503 0.4597374 1.799807 Tracked 76602919
-0.02433452 0.4600508 1.797747 Tracked 76602952
-0.02446699 0.4603372 1.796255 Tracked 76602985
-0.0249472 0.4606181 1.794695 Tracked 76603019
-0.02554633 0.4610317 1.792413 Tracked 76603051
-0.02593768 0.4614522 1.790501 Tracked 76603085
-0.02667544 0.4617629 1.787568 Tracked 76603119
-0.02704902 0.4622248 1.783808 Tracked 76603152
-0.02740915 0.4624177 1.780592 Tracked 76603185
-0.02840986 0.4624506 1.773815 Tracked 76603218
-0.02902064 0.4599845 1.762581 Tracked 76603251
-0.03051426 0.45671 1.751817 Tracked 76603289
-0.03151786 0.4499892 1.739985 Tracked 76603323
-0.03359034 0.4359298 1.723561 Tracked 76603355
-0.03443324 0.4154039 1.706798 Tracked 76603385
-0.03442651 0.3884135 1.690627 Tracked 76603419
-0.03631561 0.356834 1.67526 Tracked 76603452
-0.03498814 0.3372843 1.629886 Tracked 76603484
-0.03580373 0.3172128 1.626556 Tracked 76603519
-0.0324771 0.2624996 1.605647 Tracked 76603551
-0.03372521 0.234861 1.593555 Tracked 76603585
-0.03993659 0.1857321 1.577752 Tracked 76603619
-0.04208583 0.1525449 1.57019 Tracked 76603651
-0.04150867 0.1011067 1.55847 Tracked 76603685
-0.04303064 0.07405405 1.551367 Tracked 76603718
-0.06326863 0.03761807 1.538838 Tracked 76603752
-0.06402397 0.01995101 1.535085 Tracked 76603784
-0.06465603 0.0004228565 1.532046 Tracked 76603818
-0.06746964 -0.009496299 1.530764 Tracked 76603852
-0.0701118 -0.01760527 1.532619 Tracked 76603884
-0.06498716 -0.02477648 1.532293 Tracked 76603918
-0.06502744 -0.02526243 1.532278 Tracked 76603951
-0.06476709 -0.02604019 1.532098 Tracked 76603984
-0.08888468 0.007087814 1.530221 Tracked 76604018
-0.08755018 0.01956529 1.533249 Tracked 76604051
-0.09147916 0.06349159 1.541328 Tracked 76604084
-0.08889667 0.07938698 1.546754 Tracked 76604118
-0.03368048 0.1177769 1.566794 Tracked 76604152
-0.03807746 0.1346171 1.570531 Tracked 76604185
-0.03724524 0.1755377 1.58286 Tracked 76604218
-0.0341813 0.2042768 1.591601 Tracked 76604252
-0.03402286 0.2427121 1.603524 Tracked 76604285
-0.03274515 0.2700413 1.616213 Tracked 76604319
-0.03161661 0.2775923 1.669914 Tracked 76604351
-0.03116831 0.296251 1.67122 Tracked 76604385
-0.02984519 0.34369 1.684925 Tracked 76604418
-0.02815298 0.3548286 1.692231 Tracked 76604452
-0.02586677 0.3804384 1.704982 Tracked 76604485
-0.02422263 0.3979431 1.714597 Tracked 76604519
-0.0227524 0.4125131 1.723465 Tracked 76604552
-0.02172977 0.4250996 1.733516 Tracked 76604585
-0.02171483 0.4336159 1.738962 Tracked 76604619
-0.02055898 0.4422962 1.745602 Tracked 76604654
-0.01957476 0.4477963 1.751725 Tracked 76604688
-0.01909385 0.4512199 1.756004 Tracked 76604721
-0.01866245 0.4538548 1.760343 Tracked 76604755
-0.01815031 0.4553753 1.76468 Tracked 76604788
-0.01754634 0.4566111 1.767308 Tracked 76604821
-0.0172333 0.4577036 1.770498 Tracked 76604853
-0.01721309 0.4583296 1.771925 Tracked 76604884
-0.01700928 0.4588195 1.773139 Tracked 76604918
-0.0170072 0.4591606 1.773625 Tracked 76604952
-0.01704087 0.4593432 1.773899 Tracked 76604985
-0.01701965 0.4594855 1.773731 Tracked 76605018
-0.01717945 0.4598975 1.773057 Tracked 76605051
-0.01763161 0.4607487 1.770654 Tracked 76605084
-0.01811011 0.4613701 1.763798 Tracked 76605118
-0.01930528 0.4606807 1.754501 Tracked 76605151
-0.02028367 0.45728 1.742189 Tracked 76605184
-0.02261281 0.4499971 1.725502 Tracked 76605219
-0.02451987 0.4377457 1.708723 Tracked 76605251
-0.02638322 0.4191631 1.690329 Tracked 76605285
-0.0280674 0.3943626 1.672163 Tracked 76605319
-0.02830396 0.3578471 1.648722 Tracked 76605351
-0.03202783 0.3288778 1.634475 Tracked 76605384
-0.03240191 0.3124007 1.608901 Tracked 76605418
-0.03157555 0.2623743 1.584346 Tracked 76605452
-0.03219937 0.2369446 1.574518 Tracked 76605484
-0.03106205 0.1841385 1.55746 Tracked 76605518
-0.03569199 0.1505368 1.54969 Tracked 76605551
-0.03975975 0.09849093 1.537456 Tracked 76605584
-0.04426828 0.06784209 1.528767 Tracked 76605618
-0.02767935 0.01839736 1.524336 Tracked 76605652
-0.07402471 -0.006874949 1.515361 Tracked 76605685
-0.07724792 -0.01740025 1.512756 Tracked 76605718
-0.0832277 -0.02667098 1.51177 Tracked 76605751
-0.08807281 -0.04134963 1.510363 Tracked 76605784
-0.09450179 -0.05428469 1.504933 Tracked 76605818
-0.09638899 -0.05745943 1.505544 Tracked 76605851
-0.1017346 -0.09244274 1.505107 Tracked 76605885
0.03190231 -0.1105032 1.499309 Tracked 76605918
0.03171763 -0.1096952 1.500537 Tracked 76605950
0.02168227 -0.1004407 1.504552 Tracked 76605984
0.01824405 -0.08770323 1.509093 Tracked 76606019
0.01444568 -0.06727336 1.509151 Tracked 76606051
0.008940103 -0.04462147 1.512242 Tracked 76606085
-0.00145451 -0.008807309 1.518573 Tracked 76606118
-0.01115393 0.03155601 1.527317 Tracked 76606151
-0.04381393 0.08411241 1.542347 Tracked 76606185
-0.04483776 0.1290344 1.554447 Tracked 76606218
-0.04436551 0.1852361 1.568591 Tracked 76606251
-0.04472667 0.2340326 1.583716 Tracked 76606286
-0.04312629 0.2720996 1.596971 Tracked 76606318
-0.04178935 0.2846225 1.637071 Tracked 76606351
-0.04470393 0.3240817 1.649946 Tracked 76606385
-0.04275995 0.3548311 1.663589 Tracked 76606418
-0.04015969 0.374411 1.675905 Tracked 76606452
-0.0367027 0.3947099 1.688484 Tracked 76606485
-0.03538061 0.411825 1.700853 Tracked 76606519
-0.03555232 0.4254306 1.711602 Tracked 76606552
-0.03387735 0.4365873 1.722989 Tracked 76606589
-0.03244739 0.4421211 1.727992 Tracked 76606623
-0.03033263 0.4522084 1.73794 Tracked 76606656
-0.02970501 0.4569361 1.74385 Tracked 76606689
-0.0284046 0.4594996 1.748072 Tracked 76606721
-0.02756196 0.4617348 1.752534 Tracked 76606753
-0.02716316 0.4637863 1.756949 Tracked 76606785
-0.02600443 0.4646547 1.760931 Tracked 76606819
-0.02538317 0.4659645 1.764009 Tracked 76606852
-0.02513787 0.4664505 1.765264 Tracked 76606885
-0.0251222 0.4668186 1.766372 Tracked 76606918
-0.02497383 0.4670646 1.767184 Tracked 76606952
-0.02500372 0.4673412 1.767826 Tracked 76606985
-0.02518682 0.4674908 1.768126 Tracked 76607018
-0.02527647 0.4676197 1.768177 Tracked 76607051
-0.02545536 0.4676662 1.768103 Tracked 76607084
-0.02608621 0.4676109 1.767227 Tracked 76607118
-0.02694054 0.4672528 1.764934 Tracked 76607151
-0.02865761 0.4665447 1.759419 Tracked 76607185
-0.02991213 0.4663038 1.74924 Tracked 76607218
-0.03109627 0.4633833 1.736336 Tracked 76607251
-0.03262712 0.4573671 1.717135 Tracked 76607285
-0.03380362 0.4483774 1.7018 Tracked 76607318
-0.03419888 0.425795 1.676705 Tracked 76607352
-0.03410689 0.3971749 1.65678 Tracked 76607385
-0.03492055 0.3569165 1.634574 Tracked 76607419
-0.03871201 0.3184246 1.619089 Tracked 76607452
-0.03793642 0.2964428 1.59224 Tracked 76607485
-0.03304122 0.2426402 1.568485 Tracked 76607518
-0.03711478 0.2035122 1.557421 Tracked 76607554
-0.04424133 0.1489288 1.546741 Tracked 76607587
-0.03929638 0.09723482 1.536804 Tracked 76607619
-0.07618383 0.0588216 1.521601 Tracked 76607652
-0.07732498 0.01929621 1.518083 Tracked 76607685
-0.08761358 -0.007330682 1.516985 Tracked 76607719
0.006236953 -0.03630335 1.512591 Tracked 76607752
0.00765475 -0.04236669 1.513206 Tracked 76607786
0.006996317 -0.06284497 1.513522 Tracked 76607819
0.007285882 -0.06352609 1.513568 Tracked 76607853
0.006787369 -0.07208623 1.51358 Tracked 76607886
0.007527246 -0.1023296 1.510141 Tracked 76607918
0.005695309 -0.09440982 1.511763 Tracked 76607951
0.005838044 -0.09427007 1.511849 Tracked 76607985
0.005072384 -0.09399083 1.512235 Tracked 76608019
-0.008006725 -0.05404976 1.522551 Tracked 76608051
-0.00869535 -0.05141408 1.522734 Tracked 76608085
-0.007546077 -0.05772458 1.524535 Tracked 76608119
-0.007937623 -0.0549531 1.525284 Tracked 76608151
-0.01354244 -0.03836061 1.529033 Tracked 76608184
-0.01777593 0.01588882 1.53871 Tracked 76608218
-0.02850365 0.04534706 1.547218 Tracked 76608252
-0.05342425 0.09738781 1.561149 Tracked 76608284
-0.0555205 0.1282015 1.567582 Tracked 76608318
-0.05624177 0.1865614 1.580807 Tracked 76608351
-0.05745772 0.2360416 1.600987 Tracked 76608385
-0.0553492 0.2692304 1.612426 Tracked 76608419
-0.05692036 0.306845 1.629524 Tracked 76608451
-0.05802521 0.3144872 1.669245 Tracked 76608484
-0.05973956 0.3490129 1.687405 Tracked 76608518
-0.05864981 0.3649412 1.696554 Tracked 76608552
-0.05633693 0.3893338 1.713596 Tracked 76608585
-0.05503897 0.4031578 1.723438 Tracked 76608619
-0.05498399 0.4155918 1.732393 Tracked 76608652
-0.05531082 0.4248663 1.739425 Tracked 76608685
-0.05292564 0.4358147 1.748328 Tracked 76608719
-0.0514327 0.4408323 1.754222 Tracked 76608751
-0.05017964 0.44403 1.758435 Tracked 76608784
-0.04836151 0.4458394 1.762303 Tracked 76608818
-0.04735374 0.4467691 1.76607 Tracked 76608851
-0.04659245 0.447554 1.769438 Tracked 76608884
-0.04570022 0.4481439 1.770775 Tracked 76608918
-0.04525265 0.4484158 1.77129 Tracked 76608951
-0.044891 0.448813 1.771704 Tracked 76608984
-0.04443586 0.4491354 1.771373 Tracked 76609018
-0.04386957 0.4493321 1.769859 Tracked 76609051
-0.04310207 0.4493233 1.765279 Tracked 76609084
-0.04222027 0.4479193 1.755851 Tracked 76609118
-0.04212508 0.4414161 1.738442 Tracked 76609152
-0.04228166 0.4323021 1.723611 Tracked 76609185
-0.04040482 0.4157157 1.705385 Tracked 76609219
-0.03884345 0.3911508 1.685042 Tracked 76609252
-0.03946451 0.3588645 1.665102 Tracked 76609285
-0.03956894 0.3424692 1.610962 Tracked 76609319
-0.04122089 0.3216694 1.603349 Tracked 76609351
-0.03820425 0.2632892 1.578819 Tracked 76609385
-0.04058987 0.2277384 1.565844 Tracked 76609418
-0.04442294 0.1741519 1.551438 Tracked 76609451
-0.0476678 0.1195393 1.538713 Tracked 76609484
-0.04855236 0.07940274 1.52713 Tracked 76609518
-0.07341892 0.03549648 1.5119 Tracked 76609552
-0.07059959 0.001167413 1.507021 Tracked 76609585
-0.07665274 -0.02020044 1.503397 Tracked 76609618
-0.08420996 -0.03141781 1.500747 Tracked 76609652
-0.08063431 -0.08079386 1.499324 Tracked 76609684
-0.08385146 -0.08424819 1.497392 Tracked 76609718
0.01244543 -0.1026015 1.495954 Tracked 76609752
-0.06019158 -0.07870517 1.505943 Tracked 76609785
0.03897114 -0.07882986 1.500615 Tracked 76609819
0.03752851 -0.08006137 1.500339 Tracked 76609852
-0.02304881 -0.2142501 1.499747 Tracked 76609890
0.02958648 -0.07155463 1.497161 Tracked 76609920
0.02764071 -0.06829391 1.497085 Tracked 76609953
0.0135286 -0.1236937 1.496367 Tracked 76609986
0.008838516 -0.1001042 1.499106 Tracked 76610019
-0.0006481771 -0.08323967 1.499054 Tracked 76610052
-0.001194643 -0.03288657 1.499327 Tracked 76610086
0.0004767535 0.002590647 1.502951 Tracked 76610120
0.01162324 0.08505325 1.522977 Tracked 76610152
-0.03886878 0.1318782 1.549582 Tracked 76610185
-0.03896072 0.17181 1.559727 Tracked 76610220
-0.03690449 0.2255692 1.575738 Tracked 76610253
-0.03989119 0.2650495 1.592937 Tracked 76610286
-0.03960189 0.3025472 1.610101 Tracked 76610319
-0.03958109 0.3104509 1.652754 Tracked 76610352
-0.04229134 0.3452199 1.668959 Tracked 76610386
-0.04094529 0.3618086 1.67844 Tracked 76610419
-0.04208491 0.3828828 1.691705 Tracked 76610452
-0.04234139 0.400633 1.704207 Tracked 76610486
-0.04364761 0.4145297 1.713134 Tracked 76610521
-0.04502039 0.426856 1.723526 Tracked 76610553
-0.04480207 0.4331888 1.728388 Tracked 76610586
-0.04552986 0.4424417 1.736151 Tracked 76610619
-0.04658664 0.446234 1.740672 Tracked 76610652
-0.04810902 0.4493614 1.746002 Tracked 76610685
-0.04878523 0.4505312 1.749251 Tracked 76610719
-0.04991396 0.4519547 1.752568 Tracked 76610753
-0.0504638 0.4529671 1.75434 Tracked 76610786
-0.05076931 0.4534457 1.755375 Tracked 76610819
-0.05119223 0.4539872 1.756041 Tracked 76610852
-0.05146454 0.4543436 1.756393 Tracked 76610885
-0.05163855 0.4544571 1.756334 Tracked 76610919
-0.05204663 0.4546538 1.755745 Tracked 76610952
-0.05237659 0.4545419 1.754186 Tracked 76610985
-0.0534655 0.4532967 1.747263 Tracked 76611019
-0.05441504 0.4513273 1.739297 Tracked 76611052
-0.05651852 0.448146 1.727402 Tracked 76611085
-0.05720593 0.4410538 1.711981 Tracked 76611118
-0.05784017 0.428345 1.693191 Tracked 76611152
-0.05685764 0.4048733 1.670753 Tracked 76611185
-0.05405733 0.3754346 1.652306 Tracked 76611219
-0.05198316 0.3532929 1.599935 Tracked 76611251
-0.05324668 0.3282886 1.594576 Tracked 76611284
-0.04820881 0.2723393 1.573578 Tracked 76611318
-0.05077328 0.2408031 1.560452 Tracked 76611352
-0.05550855 0.1877099 1.543166 Tracked 76611384
-0.05518758 0.1461398 1.534595 Tracked 76611419
-0.05454932 0.09113801 1.520149 Tracked 76611451
-0.04755802 0.0547312 1.511426 Tracked 76611487
-0.08947816 0.0008836467 1.499422 Tracked 76611525
-0.1027709 -0.02934077 1.504489 Tracked 76611560
-0.00956465 -0.03137095 1.503481 Tracked 76611595
-0.0008985997 -0.04066331 1.497468 Tracked 76611620
0.00104201 -0.05557373 1.494159 Tracked 76611651
-0.0100653 -0.06429246 1.494912 Tracked 76611686
-0.01064469 -0.0740354 1.492764 Tracked 76611721
-0.06059832 -0.1085947 1.516503 Tracked 76611753
-0.009554224 -0.05373959 1.657085 Tracked 76611785
-0.008131787 -0.05354543 1.657049 Tracked 76611818
0.01849815 -0.05722034 1.614679 Tracked 76611852
-0.02471369 -0.08064185 1.490949 Tracked 76611884
-0.006126867 -0.09050274 1.48837 Tracked 76611919
-0.004757625 -0.08858839 1.488043 Tracked 76611952
-0.001549598 -0.06126665 1.490485 Tracked 76611985
-0.007381971 -0.04238318 1.491431 Tracked 76612019
-0.01586489 0.01197621 1.501318 Tracked 76612052
-0.01721723 0.05814261 1.502736 Tracked 76612085
-0.03716161 0.1035827 1.520273 Tracked 76612119
-0.03736033 0.1478029 1.531348 Tracked 76612152
-0.04263936 0.2142528 1.564984 Tracked 76612184
-0.04507004 0.2550841 1.579081 Tracked 76612219
-0.04938795 0.2945288 1.597843 Tracked 76612251
-0.04978707 0.3187636 1.606249 Tracked 76612284
-0.05136089 0.3632212 1.62473 Tracked 76612319
-0.05343987 0.3684405 1.679217 Tracked 76612352
-0.05249114 0.3739176 1.684154 Tracked 76612386
-0.05221996 0.3910997 1.69862 Tracked 76612419
-0.05140492 0.4023321 1.708587 Tracked 76612452
-0.05166548 0.4106397 1.716067 Tracked 76612486
-0.05213979 0.4166403 1.719814 Tracked 76612519
-0.05215494 0.4286425 1.72556 Tracked 76612552
-0.05187996 0.432638 1.72816 Tracked 76612585
-0.0526295 0.4361406 1.732515 Tracked 76612619
-0.05205098 0.437724 1.734174 Tracked 76612652
-0.05177671 0.4395603 1.737023 Tracked 76612686
-0.05133368 0.4403288 1.738155 Tracked 76612719
-0.05098402 0.4412045 1.739233 Tracked 76612752
-0.05088575 0.4415242 1.739277 Tracked 76612785
-0.05054869 0.4419174 1.738986 Tracked 76612819
-0.05032923 0.4423879 1.738158 Tracked 76612852
-0.05021728 0.442656 1.733981 Tracked 76612885
-0.05020939 0.4423438 1.729347 Tracked 76612919
-0.05127125 0.439784 1.719009 Tracked 76612952
-0.05119898 0.4358038 1.708983 Tracked 76612985
-0.05140537 0.4272825 1.694918 Tracked 76613019
-0.04901177 0.4134579 1.681184 Tracked 76613052
-0.04122748 0.4093025 1.620064 Tracked 76613085
-0.03993403 0.3891828 1.607338 Tracked 76613118
-0.03943975 0.3496965 1.583515 Tracked 76613152
-0.03839331 0.3288185 1.575875 Tracked 76613185
-0.04098425 0.2728869 1.552752 Tracked 76613218
-0.04003536 0.2685708 1.549854 Tracked 76613259
-0.03877133 0.1839833 1.521498 Tracked 76613291
-0.04234116 0.1452548 1.512649 Tracked 76613320
-0.06485325 0.09524479 1.492911 Tracked 76613355
-0.06525835 0.04631914 1.486032 Tracked 76613388
-0.0658421 0.01028074 1.483845 Tracked 76613421
-0.07187562 -0.019099 1.480884 Tracked 76613455
-0.08107653 -0.03745601 1.479552 Tracked 76613488
-0.08693872 -0.05357391 1.479712 Tracked 76613520
-0.06505369 -0.004396364 1.534724 Tracked 76613551
-0.03752648 -0.02356581 1.53955 Tracked 76613585
-0.06024414 -0.03420402 1.546996 Tracked 76613619
-0.03123619 -0.06288513 1.54276 Tracked 76613652
-0.02154421 -0.1172783 1.48545 Tracked 76613687
-0.0216227 -0.1172198 1.48542 Tracked 76613721
0.01417174 -0.05864839 1.600886 Tracked 76613751
0.0100279 -0.05679589 1.599939 Tracked 76613785
-0.07777952 0.006400039 1.61994 Tracked 76613818
-0.04406208 -0.007065723 1.490525 Tracked 76613852
-0.0007141346 0.003827208 1.492002 Tracked 76613884
-0.01041807 -0.01266214 1.493917 Tracked 76613918
-0.02127486 -6.025256E-05 1.498856 Tracked 76613951
-0.02309862 0.07013354 1.516642 Tracked 76613984
-0.05717916 0.1124582 1.531008 Tracked 76614019
-0.06609431 0.1639245 1.547236 Tracked 76614051
-0.06559652 0.2102651 1.560635 Tracked 76614085
-0.06710855 0.2620285 1.57843 Tracked 76614119
-0.06565004 0.2918314 1.594642 Tracked 76614151
-0.06894083 0.3282606 1.605369 Tracked 76614185
-0.06667842 0.3430515 1.667655 Tracked 76614219
-0.06504232 0.3559319 1.675742 Tracked 76614252
-0.06110285 0.3829425 1.691618 Tracked 76614285
-0.05958055 0.4000815 1.704036 Tracked 76614319
-0.05880578 0.4127007 1.713619 Tracked 76614351
-0.05769299 0.4249932 1.72508 Tracked 76614385
-0.05657966 0.4305589 1.729621 Tracked 76614418
-0.05463231 0.4402573 1.738713 Tracked 76614452
-0.0541917 0.4417817 1.739943 Tracked 76614485
-0.05358928 0.443161 1.74165 Tracked 76614519
-0.0531299 0.444273 1.743467 Tracked 76614551
-0.05270567 0.4451233 1.745094 Tracked 76614585
-0.04848653 0.4509614 1.766191 Tracked 76614618
-0.04729528 0.4515644 1.769587 Tracked 76614651
-0.046459 0.452323 1.771929 Tracked 76614691
-0.0460106 0.4528018 1.773142 Tracked 76614726
-0.04492949 0.4533686 1.775844 Tracked 76614758
-0.0441695 0.4534514 1.777106 Tracked 76614787
-0.04384723 0.4536172 1.777952 Tracked 76614818
-0.04354389 0.4538346 1.77825 Tracked 76614851
-0.04308695 0.4539478 1.778287 Tracked 76614885
-0.04258439 0.4543489 1.778098 Tracked 76614919
-0.04199959 0.454836 1.776905 Tracked 76614951
-0.04087014 0.4556355 1.774502 Tracked 76614984
-0.04083131 0.4557706 1.773857 Tracked 76615019
-0.03868885 0.4569363 1.760411 Tracked 76615052
-0.03841141 0.4562522 1.74845 Tracked 76615085
-0.03898392 0.4522904 1.734453 Tracked 76615119
-0.03960917 0.4429907 1.714398 Tracked 76615152
-0.03936925 0.4271934 1.694443 Tracked 76615184
-0.04014282 0.3988895 1.673218 Tracked 76615219
-0.03933657 0.3632291 1.652836 Tracked 76615252
-0.04392908 0.3200158 1.635505 Tracked 76615285
-0.0451295 0.3050133 1.605859 Tracked 76615318
-0.03779525 0.251799 1.576554 Tracked 76615352
-0.04275001 0.2127689 1.563609 Tracked 76615386
-0.0453404 0.1583035 1.550236 Tracked 76615419
-0.04304439 0.1026608 1.536842 Tracked 76615452
-0.04609165 0.05848715 1.529197 Tracked 76615485
-0.08043777 0.006599416 1.516333 Tracked 76615519
-0.09633965 -0.01503234 1.506992 Tracked 76615551
0.006398389 -0.04332845 1.507759 Tracked 76615585
0.006299411 -0.05070323 1.507076 Tracked 76615619
0.004728585 -0.06577697 1.505723 Tracked 76615651
-0.01253818 -0.06802508 1.510417 Tracked 76615685
-0.02398414 -0.07626633 1.514472 Tracked 76615718
-0.02842792 -0.1069517 1.518154 Tracked 76615751
-0.02871192 -0.1077752 1.516901 Tracked 76615784
-0.02836327 -0.1078594 1.516739 Tracked 76615819
-0.02798018 -0.1058712 1.514855 Tracked 76615852
-0.009928192 -0.09134371 1.507063 Tracked 76615884
-0.006109697 -0.09867205 1.505742 Tracked 76615918
-0.004819464 -0.09578957 1.505615 Tracked 76615952
-0.008705713 -0.08410467 1.509441 Tracked 76615984
-0.006248712 -0.02726788 1.514701 Tracked 76616018
-0.02580403 0.0009393785 1.526138 Tracked 76616051
-0.04110386 0.0765987 1.55467 Tracked 76616085
-0.04135843 0.1207364 1.564007 Tracked 76616118
-0.04108076 0.1723617 1.57914 Tracked 76616151
-0.04363868 0.2209063 1.592862 Tracked 76616185
-0.04656424 0.2683364 1.610209 Tracked 76616218
-0.04464833 0.2855099 1.61383 Tracked 76616251
-0.04350783 0.3166823 1.663692 Tracked 76616284
-0.04236139 0.3471713 1.676472 Tracked 76616319
-0.04011118 0.3675134 1.687678 Tracked 76616351
-0.03678195 0.3931392 1.704099 Tracked 76616384
-0.0365628 0.4091385 1.714264 Tracked 76616419
-0.03523669 0.4234188 1.725776 Tracked 76616452
-0.03417752 0.4334494 1.735759 Tracked 76616485
-0.03422091 0.4335218 1.734294 Tracked 76616518
-0.03262457 0.4512017 1.747311 Tracked 76616551
-0.03112347 0.4558353 1.753541 Tracked 76616585
-0.0307132 0.4577096 1.757596 Tracked 76616623
-0.02997989 0.4583651 1.760934 Tracked 76616654
-0.02962437 0.4587452 1.764827 Tracked 76616685
-0.02966303 0.4590009 1.769044 Tracked 76616718
-0.02977387 0.4592703 1.771769 Tracked 76616752
-0.02986822 0.4591269 1.773494 Tracked 76616785
-0.0300326 0.4592556 1.774814 Tracked 76616818
-0.03018753 0.4593796 1.775849 Tracked 76616855
-0.0302538 0.4597593 1.777426 Tracked 76616886
-0.03052241 0.4598761 1.778 Tracked 76616920
-0.0307192 0.4599773 1.778138 Tracked 76616954
-0.03089767 0.4600502 1.778253 Tracked 76616986
-0.03117813 0.4603264 1.778244 Tracked 76617020
-0.03121959 0.4604081 1.778165 Tracked 76617054
-0.03143731 0.4606702 1.777657 Tracked 76617085
-0.03193228 0.461076 1.776194 Tracked 76617119
-0.03221427 0.462111 1.774029 Tracked 76617151
-0.03239148 0.4630502 1.770527 Tracked 76617184
-0.03231501 0.4645778 1.763813 Tracked 76617219
-0.03228078 0.4660788 1.758508 Tracked 76617252
-0.03185845 0.4679047 1.747517 Tracked 76617285
-0.03157948 0.4680854 1.73768 Tracked 76617318
-0.03142061 0.4649681 1.723355 Tracked 76617351
-0.03176606 0.457036 1.705427 Tracked 76617384
-0.03254668 0.440375 1.684583 Tracked 76617419
-0.03273104 0.4160841 1.664025 Tracked 76617452
-0.03171097 0.375535 1.640271 Tracked 76617486
-0.03530673 0.3404439 1.626931 Tracked 76617519
-0.03851587 0.3196379 1.597872 Tracked 76617552
-0.03320678 0.2664013 1.575303 Tracked 76617585
-0.03616202 0.2302612 1.561704 Tracked 76617619
-0.04046122 0.1800367 1.548146 Tracked 76617651
-0.04435892 0.1329647 1.542048 Tracked 76617685
-0.03811338 0.08019117 1.528322 Tracked 76617719
-0.08190086 0.03886039 1.519451 Tracked 76617752
-0.08527955 0.002188063 1.513859 Tracked 76617785
-0.0946905 -0.01544986 1.507557 Tracked 76617822
0.009911214 -0.03297876 1.512595 Tracked 76617856
0.009903617 -0.04835759 1.508541 Tracked 76617891
0.009767126 -0.06734706 1.506281 Tracked 76617918
0.008730637 -0.09639154 1.505458 Tracked 76617951
0.01185988 -0.1040109 1.507159 Tracked 76617985
-0.03793168 -0.07859925 1.57559 Tracked 76618018
-0.02763117 -0.07349418 1.624797 Tracked 76618052
-0.02505192 -0.0724999 1.622789 Tracked 76618085
-0.02566293 -0.06873264 1.624309 Tracked 76618118
-0.01734566 -0.05831134 1.624508 Tracked 76618152
0.00808692 -0.119935 1.497055 Tracked 76618185
0.00969734 -0.106021 1.498127 Tracked 76618218
0.008190712 -0.08690789 1.499759 Tracked 76618251
0.004899185 -0.05267406 1.50339 Tracked 76618291
-0.0003304716 -0.01298217 1.509091 Tracked 76618326
0.0009659425 0.04271968 1.513024 Tracked 76618358
-0.02546823 0.08116966 1.529235 Tracked 76618387
-0.02858813 0.1032448 1.532557 Tracked 76618421
-0.03827129 0.1897602 1.566659 Tracked 76618456
-0.0389918 0.2347951 1.582427 Tracked 76618489
-0.04049876 0.2756949 1.596544 Tracked 76618523
-0.04287679 0.3107941 1.613292 Tracked 76618555
-0.0421745 0.3219639 1.654652 Tracked 76618585
-0.04597758 0.3575182 1.671752 Tracked 76618619
-0.04518463 0.3730837 1.682994 Tracked 76618651
-0.04394649 0.3958627 1.697111 Tracked 76618685
-0.04500579 0.411687 1.706872 Tracked 76618719
-0.04661015 0.4254215 1.718452 Tracked 76618752
-0.04675707 0.4309875 1.722527 Tracked 76618785
-0.04722182 0.4411916 1.731324 Tracked 76618819
-0.04728797 0.445076 1.736912 Tracked 76618852
-0.04661023 0.4478853 1.743424 Tracked 76618885
-0.04700882 0.4491725 1.747838 Tracked 76618919
-0.04731202 0.4499217 1.752158 Tracked 76618952
-0.04750891 0.4502231 1.755521 Tracked 76618985
-0.04735922 0.4505167 1.757557 Tracked 76619019
-0.04754863 0.451077 1.760105 Tracked 76619051
-0.04759184 0.4514788 1.761738 Tracked 76619084
-0.04735485 0.4518143 1.763107 Tracked 76619118
-0.04720324 0.4520521 1.764223 Tracked 76619152
-0.04707909 0.452356 1.7651 Tracked 76619185
-0.04696772 0.4524201 1.765524 Tracked 76619218
-0.04695091 0.452446 1.765615 Tracked 76619251
-0.04687889 0.4526967 1.766318 Tracked 76619285
-0.04674948 0.4527432 1.766469 Tracked 76619318
-0.04636184 0.4527833 1.766903 Tracked 76619352
-0.04626374 0.4528231 1.767008 Tracked 76619385
-0.04604385 0.4528514 1.767062 Tracked 76619418
-0.04601171 0.4528385 1.767072 Tracked 76619452
-0.04598479 0.4528109 1.767057 Tracked 76619485
-0.04579616 0.4527613 1.767143 Tracked 76619519
-0.04543823 0.4526723 1.766951 Tracked 76619551
-0.04535167 0.4526852 1.766867 Tracked 76619585
-0.04533022 0.4528063 1.766714 Tracked 76619618
-0.04534889 0.4529984 1.766554 Tracked 76619651
-0.04528816 0.4535699 1.765911 Tracked 76619685
-0.0454873 0.4541204 1.764881 Tracked 76619719
-0.04541718 0.4543436 1.763288 Tracked 76619752
-0.04544695 0.454495 1.761958 Tracked 76619785
-0.04542122 0.4547401 1.758893 Tracked 76619819
-0.0456016 0.4551291 1.756068 Tracked 76619852
-0.04575948 0.4551095 1.753069 Tracked 76619886
-0.04578918 0.4552388 1.75141 Tracked 76619919
-0.04608003 0.4557187 1.75022 Tracked 76619953
-0.04609771 0.4561063 1.748819 Tracked 76619986
-0.04604379 0.4565287 1.747885 Tracked 76620019
-0.04575431 0.4570502 1.746897 Tracked 76620053
-0.04572391 0.4573958 1.746397 Tracked 76620085
-0.04571034 0.4577756 1.74598 Tracked 76620119
-0.04567593 0.4581232 1.745917 Tracked 76620153
-0.04578057 0.458398 1.74602 Tracked 76620185
-0.04573842 0.4585456 1.746274 Tracked 76620220
-0.04569688 0.4586774 1.746632 Tracked 76620252
-0.04558226 0.4587048 1.7474 Tracked 76620285
-0.04552077 0.4586268 1.749486 Tracked 76620319
-0.04511534 0.4586182 1.752259 Tracked 76620352
-0.04459534 0.4585793 1.756318 Tracked 76620386
