-0.001790713 -0.1210502 1.725463 Tracked 76466385
-0.001645565 -0.1211296 1.725528 Tracked 76466418
-0.001650092 -0.1212023 1.725528 Tracked 76466452
-0.001579963 -0.1213184 1.725652 Tracked 76466484
-0.001517411 -0.1213632 1.725873 Tracked 76466518
-0.001457872 -0.1214195 1.725883 Tracked 76466552
-0.001373322 -0.1214909 1.725939 Tracked 76466584
-0.001271739 -0.1215291 1.726064 Tracked 76466618
-0.001196199 -0.1216137 1.726223 Tracked 76466652
-0.001128686 -0.1216205 1.726344 Tracked 76466684
-0.001038226 -0.1216936 1.726508 Tracked 76466724
-0.001015292 -0.1217357 1.726524 Tracked 76466759
-0.0009487152 -0.1217851 1.726572 Tracked 76466787
-0.0008839686 -0.1218171 1.726709 Tracked 76466822
-0.0008891942 -0.121811 1.726712 Tracked 76466861
-0.0008345461 -0.1218285 1.726957 Tracked 76466890
-0.0008029955 -0.1218717 1.727009 Tracked 76466920
-0.0007457532 -0.1219053 1.727287 Tracked 76466952
-0.0007495534 -0.1219033 1.727333 Tracked 76466984
-0.0006423733 -0.1218928 1.727455 Tracked 76467018
-0.0006173037 -0.1218781 1.727491 Tracked 76467051
-0.0005023618 -0.1219175 1.72758 Tracked 76467084
-0.000459447 -0.1219454 1.72767 Tracked 76467118
-0.0004531756 -0.1219684 1.727615 Tracked 76467156
-0.0004048953 -0.1220056 1.727601 Tracked 76467189
-0.000409182 -0.1220156 1.727491 Tracked 76467222
-0.00035985 -0.1220112 1.727391 Tracked 76467256
-0.0003485147 -0.1219982 1.727364 Tracked 76467289
-0.0002119225 -0.1219245 1.727262 Tracked 76467320
-0.0001233299 -0.1216554 1.727274 Tracked 76467352
-0.0001107867 -0.1216438 1.72728 Tracked 76467384
-1.687859E-05 -0.1214294 1.727296 Tracked 76467418
-6.825101E-05 -0.1213552 1.727382 Tracked 76467451
-0.0002133555 -0.1210103 1.728242 Tracked 76467485
-0.0007505778 -0.1201136 1.729653 Tracked 76467518
-0.001350026 -0.118587 1.732183 Tracked 76467551
-0.002698195 -0.1178076 1.734993 Tracked 76467585
-0.005601591 -0.1156883 1.740843 Tracked 76467618
-0.009893341 -0.1145691 1.747934 Tracked 76467652
-0.01599953 -0.1151433 1.759689 Tracked 76467685
-0.02144293 -0.116175 1.770898 Tracked 76467725
-0.02862477 -0.1219271 1.780919 Tracked 76467753
-0.04282933 -0.1311044 1.798165 Tracked 76467785
-0.05177718 -0.140147 1.810971 Tracked 76467818
-0.06109621 -0.1570422 1.827306 Tracked 76467852
-0.07187726 -0.1743425 1.840514 Tracked 76467884
-0.07891768 -0.19081 1.851713 Tracked 76467919
-0.08287158 -0.2043913 1.861614 Tracked 76467952
-0.1032851 -0.2139729 1.879051 Tracked 76467985
-0.1030736 -0.2300246 1.882576 Tracked 76468019
-0.1108536 -0.2444338 1.885926 Tracked 76468052
-0.1247236 -0.2451249 1.888103 Tracked 76468084
-0.143942 -0.2470668 1.888163 Tracked 76468118
-0.1510506 -0.247054 1.888294 Tracked 76468151
-0.1600127 -0.2487218 1.887769 Tracked 76468185
-0.1802057 -0.2423012 1.883732 Tracked 76468218
-0.1832228 -0.2463676 1.882666 Tracked 76468252
-0.1931951 -0.2467296 1.880123 Tracked 76468285
-0.195142 -0.2495851 1.879708 Tracked 76468318
-0.1986005 -0.250567 1.878604 Tracked 76468352
-0.2051733 -0.2552653 1.876307 Tracked 76468384
-0.2056904 -0.2554783 1.875748 Tracked 76468418
-0.2055692 -0.2560544 1.875582 Tracked 76468451
-0.2054808 -0.2558991 1.875207 Tracked 76468484
-0.2043153 -0.2539983 1.873953 Tracked 76468518
-0.2000933 -0.2509741 1.87161 Tracked 76468552
-0.179497 -0.2405105 1.871665 Tracked 76468584
-0.1363701 -0.2278928 1.90668 Tracked 76468618
-0.1349931 -0.2326508 1.878364 Tracked 76468652
-0.1302432 -0.228525 1.871988 Tracked 76468684
-0.1253733 -0.2079591 1.866333 Tracked 76468719
-0.108378 -0.1967219 1.859412 Tracked 76468751
-0.08848155 -0.2017822 1.851359 Tracked 76468785
-0.07031974 -0.1914151 1.841076 Tracked 76468818
-0.05892294 -0.1784791 1.829789 Tracked 76468852
-0.0509693 -0.1707954 1.820787 Tracked 76468885
-0.04242276 -0.1565203 1.809357 Tracked 76468924
-0.03733189 -0.1441915 1.802355 Tracked 76468959
-0.03251664 -0.1376648 1.795714 Tracked 76468990
-0.02385828 -0.1281828 1.783137 Tracked 76469020
-0.01732312 -0.1239456 1.776074 Tracked 76469052
-0.006147894 -0.1215176 1.766227 Tracked 76469085
0.002843591 -0.1202787 1.758981 Tracked 76469119
0.00920341 -0.1216204 1.752737 Tracked 76469155
0.01601331 -0.1200009 1.747473 Tracked 76469185
0.01993081 -0.1212088 1.743765 Tracked 76469218
0.02483538 -0.1207659 1.740261 Tracked 76469252
0.02782053 -0.1206522 1.737098 Tracked 76469285
0.03042204 -0.1209904 1.734644 Tracked 76469318
0.03181937 -0.12058 1.733611 Tracked 76469351
0.0326895 -0.1205053 1.732533 Tracked 76469383
0.03352179 -0.1206095 1.731806 Tracked 76469418
0.03374353 -0.1204612 1.731535 Tracked 76469451
0.03384691 -0.1203726 1.731554 Tracked 76469484
0.03357595 -0.12037 1.73163 Tracked 76469521
0.03278495 -0.11978 1.732311 Tracked 76469554
0.03056315 -0.1189983 1.734707 Tracked 76469586
0.0272397 -0.1172688 1.738487 Tracked 76469619
0.02098618 -0.1157553 1.744857 Tracked 76469652
0.01375646 -0.1152501 1.753113 Tracked 76469684
0.005860458 -0.1185677 1.763339 Tracked 76469719
-0.002942542 -0.1210274 1.772729 Tracked 76469753
-0.01070076 -0.1304376 1.780635 Tracked 76469785
-0.01733574 -0.142512 1.791273 Tracked 76469819
-0.02766091 -0.161157 1.807444 Tracked 76469851
-0.04328502 -0.1831669 1.823893 Tracked 76469884
-0.04551575 -0.1896215 1.83088 Tracked 76469918
-0.05998825 -0.2028125 1.845434 Tracked 76469951
-0.0691101 -0.2252708 1.856571 Tracked 76469984
-0.08303406 -0.2417334 1.862612 Tracked 76470018
-0.1034135 -0.2422408 1.869664 Tracked 76470051
-0.122259 -0.2437188 1.873835 Tracked 76470084
-0.1328197 -0.2467856 1.875222 Tracked 76470118
-0.1513919 -0.2503384 1.877343 Tracked 76470151
-0.1550431 -0.2592233 1.876433 Tracked 76470184
-0.1897627 -0.2527589 1.872502 Tracked 76470218
-0.1916318 -0.2574481 1.873484 Tracked 76470251
-0.1957197 -0.2611731 1.872403 Tracked 76470285
-0.1974939 -0.2627403 1.871812 Tracked 76470318
-0.1998451 -0.2613504 1.871443 Tracked 76470352
-0.2014122 -0.25886 1.870819 Tracked 76470384
-0.2010448 -0.2584831 1.870736 Tracked 76470418
-0.1996179 -0.2492707 1.868273 Tracked 76470452
-0.1834507 -0.2454956 1.871217 Tracked 76470485
-0.1699767 -0.2417836 1.873163 Tracked 76470518
-0.1609912 -0.2351057 1.872211 Tracked 76470551
-0.1447439 -0.2189161 1.867328 Tracked 76470584
-0.1338647 -0.2060173 1.861609 Tracked 76470619
-0.1097002 -0.2003745 1.84745 Tracked 76470652
-0.09203891 -0.1947577 1.839801 Tracked 76470685
-0.08354349 -0.1882727 1.831022 Tracked 76470719
-0.07127664 -0.1737208 1.814477 Tracked 76470752
-0.06443404 -0.1604038 1.804752 Tracked 76470785
-0.04828395 -0.1473613 1.788965 Tracked 76470819
-0.04186558 -0.1396301 1.779745 Tracked 76470852
-0.03634589 -0.137077 1.770605 Tracked 76470885
-0.02765756 -0.130428 1.760032 Tracked 76470919
-0.01764097 -0.1249473 1.74893 Tracked 76470952
-0.009341946 -0.1239849 1.739995 Tracked 76470985
-0.003808806 -0.1252718 1.733763 Tracked 76471019
0.001470362 -0.1264604 1.728827 Tracked 76471052
0.00549905 -0.1268662 1.724647 Tracked 76471085
0.00814792 -0.1269094 1.721678 Tracked 76471118
0.01122106 -0.1262181 1.718403 Tracked 76471152
0.01283519 -0.1264806 1.716691 Tracked 76471185
0.014097 -0.1270314 1.715064 Tracked 76471219
0.014925 -0.126504 1.714419 Tracked 76471252
0.01516628 -0.1263976 1.714095 Tracked 76471289
0.01545441 -0.1259273 1.713738 Tracked 76471321
0.01554618 -0.1255618 1.713835 Tracked 76471352
0.01540465 -0.1244703 1.714803 Tracked 76471385
0.01469111 -0.1229038 1.717324 Tracked 76471422
0.01286711 -0.1205686 1.721514 Tracked 76471458
0.01054536 -0.117897 1.72757 Tracked 76471487
0.003686907 -0.1151907 1.737032 Tracked 76471523
-0.004118126 -0.11419 1.747048 Tracked 76471555
-0.01017128 -0.1166971 1.757095 Tracked 76471588
-0.01834933 -0.1227031 1.769332 Tracked 76471623
-0.02426398 -0.1281346 1.779469 Tracked 76471658
-0.04135532 -0.1429377 1.802943 Tracked 76471692
-0.04818043 -0.1576133 1.817087 Tracked 76471723
-0.05728592 -0.1733621 1.834143 Tracked 76471753
-0.06846701 -0.1930177 1.853861 Tracked 76471785
-0.07844961 -0.2034351 1.864864 Tracked 76471818
-0.09034352 -0.2162943 1.877824 Tracked 76471852
-0.100115 -0.2284507 1.88974 Tracked 76471885
-0.1085059 -0.2431367 1.892349 Tracked 76471918
-0.1245884 -0.2489931 1.89638 Tracked 76471951
-0.1366372 -0.2501847 1.899646 Tracked 76471984
-0.1528608 -0.2529018 1.898425 Tracked 76472018
-0.1771514 -0.2530976 1.89688 Tracked 76472051
-0.1908314 -0.2525294 1.896657 Tracked 76472084
-0.2007856 -0.2532259 1.895203 Tracked 76472118
-0.2041893 -0.2542973 1.894132 Tracked 76472151
-0.2076543 -0.2547785 1.893615 Tracked 76472185
-0.2090162 -0.2550343 1.893593 Tracked 76472219
-0.2094128 -0.2556662 1.893502 Tracked 76472252
-0.2094751 -0.2552719 1.89292 Tracked 76472284
-0.2093741 -0.2531598 1.891517 Tracked 76472318
-0.2034226 -0.2466421 1.892544 Tracked 76472351
-0.181528 -0.2448403 1.898409 Tracked 76472384
-0.1767041 -0.2321273 1.898776 Tracked 76472418
-0.1631286 -0.2280701 1.895281 Tracked 76472452
-0.1460243 -0.2143854 1.89019 Tracked 76472484
-0.1318523 -0.1990923 1.879224 Tracked 76472518
-0.1124764 -0.1947629 1.869651 Tracked 76472552
-0.09752378 -0.1867787 1.857647 Tracked 76472585
-0.08327137 -0.179166 1.841107 Tracked 76472619
-0.07360362 -0.157139 1.855421 Tracked 76472652
-0.05023022 -0.193534 1.821764 Tracked 76472685
-0.05352578 -0.129823 1.796515 Tracked 76472719
-0.04914952 -0.1305405 1.790287 Tracked 76472752
-0.03829801 -0.1265416 1.776002 Tracked 76472785
-0.03029421 -0.1255363 1.766708 Tracked 76472819
-0.02172368 -0.1234168 1.756413 Tracked 76472852
-0.01473048 -0.1238837 1.745993 Tracked 76472885
-0.009076097 -0.1256658 1.738216 Tracked 76472918
-0.005698653 -0.1260962 1.731295 Tracked 76472952
-0.002602546 -0.1260942 1.72607 Tracked 76472984
-0.0006262883 -0.125864 1.723072 Tracked 76473019
0.0009054343 -0.1254862 1.720029 Tracked 76473051
0.002015739 -0.125165 1.717713 Tracked 76473084
0.002498854 -0.1251062 1.716549 Tracked 76473119
0.002729374 -0.1250569 1.715342 Tracked 76473152
0.00279927 -0.1249242 1.714539 Tracked 76473186
0.002570642 -0.1248639 1.714032 Tracked 76473218
0.002433622 -0.1248033 1.71401 Tracked 76473252
0.001893613 -0.1244536 1.714297 Tracked 76473284
0.0006696057 -0.1239295 1.715704 Tracked 76473319
-0.001386763 -0.1228902 1.718435 Tracked 76473352
-0.003477434 -0.1210694 1.721893 Tracked 76473384
-0.007040893 -0.1192786 1.729625 Tracked 76473419
-0.01013287 -0.1177235 1.73662 Tracked 76473452
-0.01777019 -0.1168942 1.747923 Tracked 76473484
-0.02282931 -0.1211266 1.759092 Tracked 76473518
-0.03633619 -0.1275523 1.776169 Tracked 76473552
-0.04188397 -0.1370865 1.788905 Tracked 76473585
-0.05171861 -0.1542473 1.802865 Tracked 76473618
-0.06246426 -0.1793066 1.826455 Tracked 76473652
-0.06645405 -0.2052662 1.838593 Tracked 76473684
-0.07838711 -0.209334 1.849383 Tracked 76473719
-0.09431075 -0.2287186 1.86367 Tracked 76473754
-0.1084533 -0.2286521 1.86982 Tracked 76473791
-0.1231677 -0.2346597 1.876328 Tracked 76473827
-0.1348576 -0.239897 1.877385 Tracked 76473855
-0.1530321 -0.2429286 1.877442 Tracked 76473885
-0.1787465 -0.2439876 1.873018 Tracked 76473919
-0.1866385 -0.2448094 1.871786 Tracked 76473952
-0.1978352 -0.245438 1.867795 Tracked 76473986
-0.1981336 -0.2475753 1.867872 Tracked 76474019
-0.2024334 -0.2498432 1.868287 Tracked 76474052
-0.2048147 -0.2503678 1.868406 Tracked 76474085
-0.2048214 -0.2528251 1.869659 Tracked 76474119
-0.2048618 -0.2530679 1.869849 Tracked 76474157
-0.2049244 -0.2517689 1.86976 Tracked 76474192
-0.2046115 -0.2486044 1.870323 Tracked 76474227
-0.1988097 -0.2430746 1.868314 Tracked 76474261
-0.1609092 -0.2233118 1.905408 Tracked 76474287
-0.152171 -0.2218678 1.906176 Tracked 76474318
-0.1291297 -0.2199701 1.904691 Tracked 76474352
-0.121129 -0.2028338 1.870116 Tracked 76474384
-0.1142835 -0.1899583 1.861607 Tracked 76474421
-0.08616836 -0.188815 1.846927 Tracked 76474455
-0.07331977 -0.179353 1.837396 Tracked 76474486
-0.06574532 -0.1715238 1.827006 Tracked 76474519
-0.05389855 -0.1425659 1.843256 Tracked 76474552
-0.05631611 -0.1870703 1.805302 Tracked 76474585
-0.03517266 -0.1244502 1.787574 Tracked 76474618
-0.0327025 -0.1244027 1.78489 Tracked 76474654
-0.02727356 -0.1247763 1.776549 Tracked 76474688
-0.01425026 -0.1213447 1.765045 Tracked 76474719
-0.006443135 -0.1216816 1.757424 Tracked 76474752
-0.00185471 -0.1222683 1.751309 Tracked 76474785
0.002574448 -0.123519 1.746064 Tracked 76474819
0.006604399 -0.1232281 1.740949 Tracked 76474852
0.00981391 -0.1227298 1.737726 Tracked 76474885
0.01197174 -0.1225526 1.735153 Tracked 76474918
0.01396441 -0.1228113 1.733258 Tracked 76474952
0.01497941 -0.1229001 1.731048 Tracked 76474984
0.01560491 -0.1227778 1.730495 Tracked 76475019
0.01591306 -0.1226517 1.729971 Tracked 76475056
0.01617526 -0.1223929 1.7296 Tracked 76475091
0.01622985 -0.1219458 1.729578 Tracked 76475126
0.01642098 -0.1213556 1.730089 Tracked 76475153
0.01656584 -0.1205639 1.731322 Tracked 76475186
0.01607313 -0.1190407 1.734583 Tracked 76475219
0.01444226 -0.1176523 1.739644 Tracked 76475253
0.008700649 -0.116325 1.749457 Tracked 76475286
0.003999278 -0.1173613 1.759845 Tracked 76475320
-0.003871728 -0.1196721 1.774415 Tracked 76475353
-0.0120001 -0.1272098 1.784418 Tracked 76475386
-0.02166596 -0.1388862 1.797754 Tracked 76475419
-0.03445547 -0.16354 1.819693 Tracked 76475453
-0.03829482 -0.1813762 1.832659 Tracked 76475486
-0.04504186 -0.1863533 1.847938 Tracked 76475520
-0.05976409 -0.2080464 1.864431 Tracked 76475554
-0.07266104 -0.2239827 1.86968 Tracked 76475586
-0.089704 -0.2277047 1.874532 Tracked 76475619
-0.1041138 -0.2296882 1.877755 Tracked 76475653
-0.1207938 -0.2315893 1.876795 Tracked 76475686
-0.1331127 -0.2340462 1.875095 Tracked 76475719
-0.1381693 -0.2416005 1.87451 Tracked 76475753
-0.1493852 -0.2499341 1.879357 Tracked 76475785
-0.1665061 -0.2500233 1.876371 Tracked 76475818
-0.1615837 -0.2478091 1.891349 Tracked 76475851
-0.1594431 -0.2487333 1.895422 Tracked 76475885
-0.1602139 -0.2484439 1.896186 Tracked 76475918
-0.1634765 -0.2488641 1.899047 Tracked 76475952
-0.1644444 -0.2478307 1.899962 Tracked 76475984
-0.1650708 -0.2453594 1.900579 Tracked 76476029
-0.1661159 -0.237609 1.899901 Tracked 76476058
-0.1726345 -0.2273064 1.867884 Tracked 76476091
-0.1532344 -0.2306532 1.868539 Tracked 76476124
-0.1430627 -0.2320869 1.870087 Tracked 76476158
-0.1347197 -0.2292993 1.870273 Tracked 76476188
-0.1190038 -0.2185649 1.86773 Tracked 76476219
-0.1016117 -0.2026088 1.861441 Tracked 76476253
-0.08480107 -0.1999753 1.851512 Tracked 76476286
-0.06752355 -0.185618 1.840672 Tracked 76476319
-0.05710039 -0.1748204 1.827625 Tracked 76476353
-0.04871904 -0.1654127 1.815084 Tracked 76476386
-0.04145802 -0.1494979 1.799439 Tracked 76476420
-0.03391521 -0.1371387 1.788955 Tracked 76476454
-0.02790357 -0.1308656 1.776488 Tracked 76476486
-0.01974441 -0.1240971 1.763367 Tracked 76476520
-0.009585503 -0.1196694 1.751355 Tracked 76476553
-0.001641743 -0.1190072 1.74173 Tracked 76476586
0.004461559 -0.1186968 1.734666 Tracked 76476621
0.01028176 -0.1182124 1.727235 Tracked 76476652
0.01317414 -0.1188907 1.721994 Tracked 76476684
0.01584959 -0.118521 1.717586 Tracked 76476719
0.01780722 -0.119587 1.713183 Tracked 76476752
0.01922737 -0.1198018 1.709761 Tracked 76476785
0.01985706 -0.1201091 1.706993 Tracked 76476819
0.01983307 -0.1204413 1.705194 Tracked 76476853
0.01967387 -0.1206247 1.704028 Tracked 76476886
0.01984425 -0.1204195 1.702996 Tracked 76476919
0.01958077 -0.1203419 1.702578 Tracked 76476952
0.01916616 -0.1201617 1.702549 Tracked 76476985
0.01829209 -0.1196784 1.703368 Tracked 76477018
0.01654044 -0.1190929 1.705194 Tracked 76477052
0.01341459 -0.1176186 1.709092 Tracked 76477085
0.009223536 -0.1158177 1.717439 Tracked 76477119
0.0005808416 -0.1128977 1.727134 Tracked 76477152
-0.00508636 -0.1133287 1.737032 Tracked 76477185
-0.0146529 -0.115061 1.750802 Tracked 76477218
-0.02502244 -0.119983 1.762693 Tracked 76477252
-0.03141471 -0.1236643 1.771603 Tracked 76477285
-0.04042639 -0.1510496 1.791152 Tracked 76477319
-0.04896457 -0.1671415 1.802638 Tracked 76477352
-0.0546482 -0.184431 1.815835 Tracked 76477385
-0.06299165 -0.1943489 1.829864 Tracked 76477419
-0.07728373 -0.2204121 1.840554 Tracked 76477451
-0.09161442 -0.2207009 1.845908 Tracked 76477485
-0.1086972 -0.2278097 1.850352 Tracked 76477518
-0.1194515 -0.2326409 1.851457 Tracked 76477552
-0.1287627 -0.2373097 1.850027 Tracked 76477585
-0.1598137 -0.2296131 1.844551 Tracked 76477619
-0.1620023 -0.235173 1.840989 Tracked 76477652
-0.1770186 -0.2390279 1.835666 Tracked 76477684
-0.1792856 -0.2400117 1.834927 Tracked 76477719
-0.1800378 -0.2397439 1.833433 Tracked 76477751
-0.1804855 -0.2394148 1.832303 Tracked 76477784
-0.1798926 -0.2402622 1.831419 Tracked 76477818
-0.1815852 -0.2421435 1.831617 Tracked 76477852
-0.1803066 -0.2420837 1.830693 Tracked 76477884
-0.1818468 -0.2389225 1.830673 Tracked 76477918
-0.1827477 -0.2384931 1.831483 Tracked 76477952
-0.1830188 -0.2337184 1.831655 Tracked 76477984
-0.1805383 -0.2308665 1.83169 Tracked 76478018
-0.1465703 -0.2033833 1.869687 Tracked 76478052
-0.1503344 -0.2041912 1.850817 Tracked 76478085
-0.1307367 -0.2110741 1.84441 Tracked 76478118
-0.1188365 -0.2069698 1.841248 Tracked 76478152
-0.1012061 -0.1910792 1.834046 Tracked 76478185
-0.07963011 -0.1902874 1.819967 Tracked 76478219
-0.06900607 -0.1797236 1.811711 Tracked 76478252
-0.06300942 -0.1635897 1.802818 Tracked 76478285
-0.04724104 -0.1517124 1.781694 Tracked 76478319
-0.04365679 -0.143599 1.773871 Tracked 76478352
-0.03315265 -0.1335709 1.757102 Tracked 76478386
-0.02954978 -0.1320906 1.751349 Tracked 76478419
-0.02410584 -0.1276529 1.742902 Tracked 76478452
-0.01809413 -0.1251451 1.733259 Tracked 76478486
-0.01051262 -0.1239516 1.724571 Tracked 76478518
-0.005714947 -0.1232056 1.717328 Tracked 76478553
-0.002716922 -0.1235823 1.712703 Tracked 76478588
-0.0008106107 -0.1238972 1.708422 Tracked 76478622
0.001021986 -0.124056 1.705192 Tracked 76478655
0.001962836 -0.123669 1.702328 Tracked 76478689
0.002400974 -0.123638 1.700863 Tracked 76478720
0.002618899 -0.1235135 1.699898 Tracked 76478753
0.002608008 -0.1233249 1.699321 Tracked 76478786
0.002482267 -0.1230772 1.698694 Tracked 76478819
0.00239942 -0.122827 1.698595 Tracked 76478852
0.002229386 -0.1224485 1.698642 Tracked 76478885
0.001562259 -0.1216795 1.699838 Tracked 76478919
0.0003542793 -0.1200783 1.702353 Tracked 76478952
-0.001952761 -0.1192551 1.706124 Tracked 76478985
-0.006652331 -0.1175376 1.713024 Tracked 76479018
-0.01380431 -0.1171472 1.721636 Tracked 76479053
-0.02169255 -0.1178659 1.734761 Tracked 76479085
-0.02761785 -0.1188563 1.74593 Tracked 76479119
-0.03563762 -0.1255374 1.759717 Tracked 76479152
-0.04035985 -0.1370115 1.771631 Tracked 76479186
-0.05386272 -0.1719904 1.795273 Tracked 76479218
-0.05802859 -0.192347 1.806633 Tracked 76479252
-0.06111296 -0.2009681 1.814995 Tracked 76479286
-0.0710175 -0.2266755 1.825172 Tracked 76479319
-0.07694913 -0.231941 1.826247 Tracked 76479352
-0.1022627 -0.2347222 1.840234 Tracked 76479385
-0.1146093 -0.235191 1.841803 Tracked 76479418
-0.1270966 -0.2333492 1.839685 Tracked 76479452
-0.1352481 -0.2376485 1.837669 Tracked 76479484
-0.1581648 -0.2357207 1.834296 Tracked 76479518
-0.1626099 -0.2309576 1.828799 Tracked 76479551
-0.1653789 -0.2347074 1.829734 Tracked 76479584
-0.1692752 -0.2338793 1.829233 Tracked 76479618
-0.170192 -0.2307394 1.825898 Tracked 76479652
-0.1690471 -0.2312263 1.82622 Tracked 76479684
-0.1708724 -0.231092 1.828271 Tracked 76479718
-0.1695483 -0.2280232 1.827661 Tracked 76479752
-0.169676 -0.2251014 1.827875 Tracked 76479785
-0.1707564 -0.2233328 1.829042 Tracked 76479818
-0.1700177 -0.2213835 1.829944 Tracked 76479852
-0.1678867 -0.2166868 1.831297 Tracked 76479885
-0.1540116 -0.2101105 1.835744 Tracked 76479918
-0.1476867 -0.2061095 1.836469 Tracked 76479952
-0.1237713 -0.2130364 1.840367 Tracked 76479985
-0.1142782 -0.2111903 1.839705 Tracked 76480019
-0.1008718 -0.2003502 1.838478 Tracked 76480064
-0.08807376 -0.1836414 1.830917 Tracked 76480085
-0.06853826 -0.1842361 1.818408 Tracked 76480118
-0.05486206 -0.1781781 1.810684 Tracked 76480152
-0.04597766 -0.1668741 1.799992 Tracked 76480186
-0.0343769 -0.1547858 1.784632 Tracked 76480219
-0.03029121 -0.1469296 1.774906 Tracked 76480252
-0.02452543 -0.1358035 1.765698 Tracked 76480285
-0.02053651 -0.1287526 1.757303 Tracked 76480318
-0.01430324 -0.12479 1.74622 Tracked 76480352
-0.008008806 -0.1220595 1.73843 Tracked 76480385
0.0007195006 -0.121603 1.728559 Tracked 76480419
0.008060901 -0.1218607 1.721502 Tracked 76480452
0.01309243 -0.1227818 1.715217 Tracked 76480485
0.01793889 -0.12316 1.709761 Tracked 76480519
0.02162522 -0.1237868 1.704634 Tracked 76480552
0.02354656 -0.1240349 1.701983 Tracked 76480585
0.02489241 -0.124683 1.69942 Tracked 76480618
0.02557013 -0.125058 1.69814 Tracked 76480652
0.02577899 -0.1251998 1.69765 Tracked 76480685
0.02579413 -0.125177 1.697621 Tracked 76480718
0.02587812 -0.1248332 1.697709 Tracked 76480752
0.0253889 -0.1239939 1.699036 Tracked 76480785
0.02446124 -0.1224688 1.701587 Tracked 76480819
0.02159691 -0.1204349 1.70656 Tracked 76480852
0.01766528 -0.1179286 1.71536 Tracked 76480885
0.01150508 -0.1165025 1.724912 Tracked 76480919
-0.001011874 -0.115753 1.739105 Tracked 76480952
-0.01079298 -0.1170031 1.751799 Tracked 76480985
-0.02046337 -0.1207887 1.76886 Tracked 76481019
-0.02845452 -0.1290765 1.777753 Tracked 76481063
-0.04081482 -0.1654684 1.804423 Tracked 76481085
-0.04384436 -0.1713178 1.81003 Tracked 76481119
-0.04672511 -0.1894798 1.826467 Tracked 76481156
-0.06724309 -0.2066919 1.843556 Tracked 76481189
-0.08294847 -0.2319468 1.850764 Tracked 76481223
-0.094766 -0.2278624 1.857228 Tracked 76481253
-0.116343 -0.2317094 1.864266 Tracked 76481286
-0.1405834 -0.22438 1.863377 Tracked 76481318
-0.1478592 -0.2262238 1.863839 Tracked 76481356
-0.1527473 -0.2399446 1.859798 Tracked 76481389
-0.1745224 -0.2488537 1.853695 Tracked 76481423
-0.180147 -0.2494916 1.855211 Tracked 76481457
-0.1698476 -0.2438844 1.869968 Tracked 76481491
-0.1780685 -0.2420342 1.878148 Tracked 76481519
-0.1812495 -0.2399593 1.880733 Tracked 76481554
-0.180901 -0.2396531 1.881736 Tracked 76481586
-0.1861154 -0.2360415 1.888703 Tracked 76481624
-0.1867443 -0.2348769 1.890992 Tracked 76481656
-0.1863234 -0.2353629 1.891853 Tracked 76481688
-0.1850935 -0.2350614 1.893891 Tracked 76481719
-0.1832339 -0.2332205 1.8938 Tracked 76481752
-0.1855329 -0.225162 1.871064 Tracked 76481787
-0.1737161 -0.2235808 1.868009 Tracked 76481822
-0.157446 -0.2265942 1.869829 Tracked 76481855
-0.1413619 -0.2249795 1.870232 Tracked 76481889
-0.1285184 -0.2237156 1.868147 Tracked 76481920
-0.1144666 -0.204397 1.863976 Tracked 76481952
-0.1025678 -0.1957614 1.858153 Tracked 76481986
-0.08093297 -0.1923458 1.844981 Tracked 76482020
-0.07288166 -0.1883689 1.839647 Tracked 76482052
-0.06324 -0.1756609 1.822701 Tracked 76482097
-0.05273914 -0.1456342 1.836005 Tracked 76482118
-0.05115084 -0.1811287 1.795603 Tracked 76482153
-0.03723902 -0.124756 1.775031 Tracked 76482185
-0.03396076 -0.1232936 1.771189 Tracked 76482219
-0.02654099 -0.1182608 1.762222 Tracked 76482252
-0.01700139 -0.116114 1.748497 Tracked 76482285
-0.01094173 -0.1158892 1.739015 Tracked 76482319
-0.006642942 -0.1182313 1.730753 Tracked 76482352
-0.002213683 -0.1207116 1.721306 Tracked 76482385
0.002874397 -0.1212356 1.713722 Tracked 76482421
0.006860078 -0.1222278 1.706769 Tracked 76482455
0.009234915 -0.1239926 1.7015 Tracked 76482488
