-0.0247842 0.2181253 1.793237 Tracked 76602421
-0.0247842 0.2181253 1.793237 Tracked 76602421
-0.0247842 0.2181253 1.793237 Tracked 76602421
-0.0247842 0.2181253 1.793237 Tracked 76602421
-0.0247842 0.2181253 1.793237 Tracked 76602421
-0.02466499 0.2178706 1.792877 Tracked 76602421
-0.02467303 0.2178694 1.792875 Tracked 76602452
-0.02469657 0.2178327 1.792802 Tracked 76602485
-0.0246401 0.2177035 1.79252 Tracked 76602523
-0.02464824 0.2176944 1.792459 Tracked 76602557
-0.02465472 0.2176815 1.79246 Tracked 76602589
-0.02465816 0.2176872 1.792404 Tracked 76602624
-0.0246813 0.2177155 1.792376 Tracked 76602658
-0.02471648 0.2177683 1.792331 Tracked 76602690
-0.02472854 0.2179002 1.792235 Tracked 76602719
-0.02466804 0.2181288 1.791864 Tracked 76602752
-0.02472365 0.2183411 1.791708 Tracked 76602789
-0.02474312 0.2185304 1.791425 Tracked 76602825
-0.02484864 0.218823 1.791163 Tracked 76602861
-0.02493858 0.2191035 1.791086 Tracked 76602888
-0.02512684 0.2194913 1.790594 Tracked 76602919
-0.02534123 0.2198328 1.78984 Tracked 76602952
-0.02538497 0.2200904 1.789363 Tracked 76602985
-0.02560591 0.220415 1.788884 Tracked 76603019
-0.02583994 0.2208955 1.788089 Tracked 76603051
-0.02601484 0.2213908 1.787492 Tracked 76603085
-0.02641462 0.2218617 1.78652 Tracked 76603119
-0.02653284 0.2224406 1.78555 Tracked 76603152
-0.02676985 0.2227739 1.784991 Tracked 76603185
-0.02706998 0.2233303 1.783734 Tracked 76603218
-0.0274553 0.2232823 1.781783 Tracked 76603251
-0.02812196 0.2228589 1.78016 Tracked 76603289
-0.02892642 0.2212952 1.778784 Tracked 76603323
-0.03064627 0.21584 1.776501 Tracked 76603355
-0.03254549 0.2026428 1.774106 Tracked 76603385
-0.03442829 0.1812269 1.773337 Tracked 76603419
-0.03648888 0.157671 1.773848 Tracked 76603452
-0.03717246 0.1421546 1.765355 Tracked 76603484
-0.04120407 0.1307639 1.795166 Tracked 76603519
-0.04103048 0.1000806 1.796273 Tracked 76603551
-0.04135661 0.08618574 1.794429 Tracked 76603585
-0.04387742 0.061632 1.793612 Tracked 76603619
-0.04686599 0.03782466 1.79269 Tracked 76603651
-0.04763317 -0.009011903 1.789863 Tracked 76603685
-0.04671858 -0.02878259 1.787487 Tracked 76603718
-0.05441012 -0.05107209 1.784192 Tracked 76603752
-0.05820537 -0.0691274 1.78354 Tracked 76603784
-0.06101495 -0.07672463 1.784151 Tracked 76603818
-0.06384428 -0.08389799 1.784468 Tracked 76603852
-0.06543443 -0.08619262 1.785312 Tracked 76603884
-0.06329694 -0.09200819 1.785473 Tracked 76603918
-0.06461038 -0.0952224 1.785521 Tracked 76603951
-0.05844551 -0.1519362 1.77367 Tracked 76603984
-0.0641365 -0.1383001 1.77081 Tracked 76604018
-0.06767199 -0.120957 1.770582 Tracked 76604051
-0.07070958 -0.08884315 1.772422 Tracked 76604084
-0.06988801 -0.0701825 1.774159 Tracked 76604118
-0.04034925 -0.03815645 1.781653 Tracked 76604152
-0.040913 -0.02615869 1.781804 Tracked 76604185
-0.03883683 0.00177421 1.783969 Tracked 76604218
-0.03680378 0.02502935 1.785455 Tracked 76604252
-0.03602224 0.05082476 1.786901 Tracked 76604285
-0.03514863 0.07218819 1.789057 Tracked 76604319
-0.03502599 0.07745753 1.797012 Tracked 76604351
-0.03454506 0.09052995 1.79054 Tracked 76604385
-0.03226116 0.1452054 1.79729 Tracked 76604418
-0.03186551 0.1450384 1.798214 Tracked 76604452
-0.03075415 0.1492447 1.799911 Tracked 76604485
-0.02899638 0.1590246 1.802051 Tracked 76604519
-0.02712846 0.1685526 1.802218 Tracked 76604552
-0.02579175 0.1779191 1.801862 Tracked 76604585
-0.02501901 0.1871021 1.788777 Tracked 76604619
-0.02098103 0.2090255 1.780384 Tracked 76604654
-0.02024287 0.2111798 1.779648 Tracked 76604688
-0.01974282 0.2126816 1.778837 Tracked 76604721
-0.01936763 0.2136011 1.77819 Tracked 76604755
-0.01925734 0.2139907 1.778069 Tracked 76604788
-0.0190155 0.2144877 1.777664 Tracked 76604821
-0.01888875 0.2148129 1.777542 Tracked 76604853
-0.01885746 0.2151335 1.777344 Tracked 76604884
-0.01873433 0.215464 1.777184 Tracked 76604918
-0.01869391 0.2159119 1.776889 Tracked 76604952
-0.01866412 0.2161547 1.77673 Tracked 76604985
-0.01857602 0.2164827 1.776319 Tracked 76605018
-0.01854138 0.2170395 1.775877 Tracked 76605051
-0.0185995 0.217856 1.7754 Tracked 76605084
-0.01860593 0.2188425 1.774411 Tracked 76605118
-0.01893065 0.2199271 1.773325 Tracked 76605151
-0.01936624 0.2203455 1.772224 Tracked 76605184
-0.02057623 0.2197058 1.770049 Tracked 76605219
-0.02262182 0.2161199 1.766888 Tracked 76605251
-0.02580011 0.2057129 1.76317 Tracked 76605285
-0.02905364 0.1875627 1.760031 Tracked 76605319
-0.03048659 0.1636218 1.754672 Tracked 76605351
-0.03417778 0.1365882 1.752751 Tracked 76605384
-0.03485125 0.1336564 1.763183 Tracked 76605418
-0.03615144 0.09983297 1.769692 Tracked 76605452
-0.035793 0.08820623 1.768808 Tracked 76605484
-0.0352201 0.05227571 1.765263 Tracked 76605518
-0.03800403 0.03068016 1.76449 Tracked 76605551
-0.0428387 -0.0261379 1.757799 Tracked 76605584
-0.04271699 -0.03881862 1.757066 Tracked 76605618
-0.03760281 -0.07418387 1.757456 Tracked 76605652
-0.05322822 -0.08904915 1.756455 Tracked 76605685
-0.0590293 -0.09710701 1.755715 Tracked 76605718
-0.06368469 -0.09772135 1.756765 Tracked 76605751
-0.06455659 -0.09999629 1.7575 Tracked 76605784
-0.07486307 -0.1434844 1.749063 Tracked 76605818
-0.07990213 -0.1201701 1.756159 Tracked 76605851
-0.07972331 -0.2391647 1.74878 Tracked 76605885
0.05685036 -0.2353235 1.736856 Tracked 76605918
0.05660018 -0.233722 1.738428 Tracked 76605950
-0.008889046 -0.2097891 1.753959 Tracked 76605984
-0.008831318 -0.2092198 1.754228 Tracked 76606019
-0.005042598 -0.2030062 1.751187 Tracked 76606051
-0.003722086 -0.1922087 1.747639 Tracked 76606085
-0.006543297 -0.1723098 1.738683 Tracked 76606118
-0.008743412 -0.1513197 1.732742 Tracked 76606151
-0.04366781 -0.08726687 1.740961 Tracked 76606185
-0.04555102 -0.05633342 1.744703 Tracked 76606218
-0.04350477 0.01817629 1.763468 Tracked 76606251
-0.04391025 0.04732921 1.768404 Tracked 76606286
-0.04209812 0.08115721 1.771432 Tracked 76606318
-0.04178087 0.08335871 1.771168 Tracked 76606351
-0.04179532 0.1312217 1.764627 Tracked 76606385
-0.04100475 0.1506102 1.77448 Tracked 76606418
-0.0407078 0.1534066 1.778764 Tracked 76606452
-0.03889847 0.1608762 1.782598 Tracked 76606485
-0.03748527 0.1714199 1.785907 Tracked 76606519
-0.03756803 0.1787993 1.787304 Tracked 76606552
-0.03702634 0.1857749 1.788413 Tracked 76606589
-0.03514919 0.1910065 1.777214 Tracked 76606623
-0.02971244 0.2139457 1.768885 Tracked 76606656
-0.02961998 0.2160802 1.768006 Tracked 76606689
-0.02923271 0.2170414 1.767186 Tracked 76606721
-0.02894551 0.2178214 1.766502 Tracked 76606753
-0.02877408 0.2182889 1.766129 Tracked 76606785
-0.02848401 0.2184957 1.765968 Tracked 76606819
-0.02818579 0.218805 1.765776 Tracked 76606852
-0.0278264 0.2191146 1.765398 Tracked 76606885
-0.02771145 0.2192878 1.765225 Tracked 76606918
-0.02753212 0.2193964 1.765083 Tracked 76606952
-0.02746766 0.2194558 1.765002 Tracked 76606985
-0.02745373 0.2194974 1.764968 Tracked 76607018
-0.02744927 0.2196269 1.764904 Tracked 76607051
-0.02749547 0.2197799 1.764873 Tracked 76607084
-0.02752652 0.2199671 1.764697 Tracked 76607118
-0.02759194 0.2202253 1.764483 Tracked 76607151
-0.02796629 0.220458 1.764207 Tracked 76607185
-0.02844732 0.2216118 1.763211 Tracked 76607218
-0.02894804 0.2220697 1.762368 Tracked 76607251
-0.02995872 0.2222739 1.760174 Tracked 76607285
-0.03114465 0.2210914 1.758338 Tracked 76607318
-0.03327374 0.212171 1.754373 Tracked 76607352
-0.03434529 0.1927901 1.75024 Tracked 76607385
-0.03592671 0.1630813 1.746754 Tracked 76607419
-0.03848038 0.1326443 1.745351 Tracked 76607452
-0.03808228 0.125704 1.757321 Tracked 76607485
-0.0363728 0.09405728 1.763697 Tracked 76607518
-0.03715546 0.06296691 1.76217 Tracked 76607554
-0.04065379 0.03490062 1.764317 Tracked 76607587
-0.03968083 -0.0211054 1.763697 Tracked 76607619
-0.05180151 -0.03527726 1.761567 Tracked 76607652
-0.06392602 -0.0674336 1.761973 Tracked 76607685
-0.07455093 -0.09689929 1.76552 Tracked 76607719
-0.02584474 -0.1243219 1.767849 Tracked 76607752
-0.02110544 -0.1350878 1.770667 Tracked 76607786
-0.01998612 -0.1480216 1.770157 Tracked 76607819
-0.01826359 -0.1482852 1.769725 Tracked 76607853
-0.01798047 -0.1524914 1.768918 Tracked 76607886
-0.009762445 -0.2493331 1.744478 Tracked 76607918
-0.009942883 -0.2183127 1.756774 Tracked 76607951
-0.009015337 -0.2195462 1.755729 Tracked 76607985
-0.01637275 -0.2165945 1.756765 Tracked 76608019
-0.02754493 -0.1644923 1.777918 Tracked 76608051
-0.02756342 -0.1673213 1.775469 Tracked 76608085
-0.02606746 -0.1785177 1.773586 Tracked 76608119
-0.02629427 -0.1783719 1.77205 Tracked 76608151
-0.02795887 -0.174661 1.769211 Tracked 76608184
-0.03116541 -0.149692 1.762927 Tracked 76608218
-0.03713475 -0.1255315 1.75792 Tracked 76608252
-0.04919121 -0.09573521 1.749832 Tracked 76608284
-0.05286121 -0.06702617 1.747359 Tracked 76608318
-0.0628074 -0.005122583 1.752498 Tracked 76608351
-0.05293577 0.05716554 1.786834 Tracked 76608385
-0.05132597 0.07538846 1.788283 Tracked 76608419
-0.05288303 0.101713 1.792926 Tracked 76608451
-0.05292734 0.1036325 1.792022 Tracked 76608484
-0.05302852 0.1546703 1.80217 Tracked 76608518
-0.05303238 0.1546523 1.802532 Tracked 76608552
-0.05267334 0.157403 1.804474 Tracked 76608585
-0.05200135 0.1641565 1.805727 Tracked 76608619
-0.05103719 0.1724133 1.804966 Tracked 76608652
-0.04964455 0.1840442 1.790222 Tracked 76608685
-0.04444083 0.2026932 1.783312 Tracked 76608719
-0.04380416 0.2054805 1.78203 Tracked 76608751
-0.04309184 0.206666 1.780862 Tracked 76608784
-0.04216097 0.2074795 1.779746 Tracked 76608818
-0.0415362 0.2077426 1.779068 Tracked 76608851
-0.04103804 0.2080561 1.778647 Tracked 76608884
-0.04007755 0.2086215 1.777756 Tracked 76608918
-0.03935595 0.2090505 1.776982 Tracked 76608951
-0.03893473 0.2094551 1.776743 Tracked 76608984
-0.03839018 0.2099474 1.776368 Tracked 76609018
-0.03798139 0.2103173 1.776111 Tracked 76609051
-0.03751238 0.2109807 1.7758 Tracked 76609084
-0.03733849 0.2115349 1.775522 Tracked 76609118
-0.03732409 0.2114695 1.774647 Tracked 76609152
-0.03750191 0.2102448 1.77347 Tracked 76609185
-0.03758559 0.2047872 1.771108 Tracked 76609219
-0.0378137 0.1881299 1.767535 Tracked 76609252
-0.03946198 0.1639676 1.76441 Tracked 76609285
-0.04058412 0.1493424 1.751496 Tracked 76609319
-0.04354018 0.1423236 1.768532 Tracked 76609351
-0.04469149 0.112495 1.772639 Tracked 76609385
-0.04616164 0.09080845 1.771098 Tracked 76609418
-0.04989774 0.05088417 1.768653 Tracked 76609451
-0.05365707 -0.006875481 1.761589 Tracked 76609484
-0.05253029 -0.0270327 1.759573 Tracked 76609518
-0.06967005 -0.07205983 1.751597 Tracked 76609552
-0.06733432 -0.08225983 1.752073 Tracked 76609585
-0.06839185 -0.09117649 1.752939 Tracked 76609618
-0.07305016 -0.09374588 1.753171 Tracked 76609652
-0.07152718 -0.1250621 1.758781 Tracked 76609684
-0.07988283 -0.1420801 1.75483 Tracked 76609718
-0.07435715 -0.142975 1.750821 Tracked 76609752
-0.05618868 -0.2262928 1.7624 Tracked 76609785
0.09476718 -0.2218002 1.752597 Tracked 76609819
0.07092261 -0.2291127 1.755336 Tracked 76609852
-0.02588517 -0.4449926 1.744545 Tracked 76609890
0.05736522 -0.2173843 1.74668 Tracked 76609920
0.05172677 -0.2149794 1.745771 Tracked 76609953
0.002526813 -0.281833 1.730527 Tracked 76609986
-0.0006898431 -0.2129431 1.755708 Tracked 76610019
-0.0003435504 -0.2155218 1.736977 Tracked 76610052
0.002418858 -0.2027021 1.716567 Tracked 76610086
0.005023341 -0.1783192 1.70903 Tracked 76610120
0.01559973 -0.08921958 1.72489 Tracked 76610152
-0.03993908 -0.02225439 1.760401 Tracked 76610185
-0.04042003 0.000552982 1.761373 Tracked 76610220
-0.03949023 0.04578017 1.766615 Tracked 76610253
-0.04127707 0.0728984 1.771925 Tracked 76610286
-0.04165121 0.1044486 1.779477 Tracked 76610319
-0.04179282 0.1051169 1.778445 Tracked 76610352
-0.04409494 0.1491808 1.785872 Tracked 76610386
-0.04434168 0.1497643 1.786813 Tracked 76610419
-0.04537838 0.1540761 1.78931 Tracked 76610452
-0.04664631 0.1628043 1.792237 Tracked 76610486
-0.0474649 0.1714268 1.793232 Tracked 76610521
-0.04778349 0.1793598 1.793822 Tracked 76610553
-0.0459189 0.1886563 1.781081 Tracked 76610586
-0.04501908 0.2088571 1.773938 Tracked 76610619
-0.04513727 0.2112918 1.772897 Tracked 76610652
-0.0455953 0.2128752 1.772629 Tracked 76610685
-0.04580973 0.2135318 1.772321 Tracked 76610719
-0.04610201 0.2144366 1.772099 Tracked 76610753
-0.04627074 0.2151412 1.771875 Tracked 76610786
-0.04642817 0.2155462 1.771669 Tracked 76610819
-0.04676476 0.216177 1.771372 Tracked 76610852
-0.04695279 0.216635 1.771099 Tracked 76610885
-0.0470751 0.2169507 1.770792 Tracked 76610919
-0.04731519 0.217497 1.770245 Tracked 76610952
-0.04739118 0.2177954 1.769842 Tracked 76610985
-0.04767454 0.2180677 1.768706 Tracked 76611019
-0.048034 0.2181598 1.767755 Tracked 76611052
-0.04891139 0.2181236 1.766413 Tracked 76611085
-0.04984368 0.2168856 1.764417 Tracked 76611118
-0.05146291 0.212422 1.760879 Tracked 76611152
-0.05282578 0.1980171 1.755659 Tracked 76611185
-0.05282576 0.176992 1.752499 Tracked 76611219
-0.05265023 0.157094 1.737496 Tracked 76611251
-0.05517547 0.1460664 1.758703 Tracked 76611284
-0.05441711 0.1104324 1.764439 Tracked 76611318
-0.05407642 0.0973051 1.762657 Tracked 76611352
-0.05709818 0.05898355 1.75847 Tracked 76611384
-0.05800115 0.03390902 1.758252 Tracked 76611419
-0.05828694 -0.02550565 1.75218 Tracked 76611451
-0.05439318 -0.04944384 1.749732 Tracked 76611487
-0.07813411 -0.08361559 1.747689 Tracked 76611525
-0.08129814 -0.08806844 1.751541 Tracked 76611560
-0.07224918 -0.08859465 1.753617 Tracked 76611595
0.005461053 -0.09769952 1.755481 Tracked 76611620
0.0008960771 -0.1026702 1.754297 Tracked 76611651
-0.01030956 -0.1649259 1.76601 Tracked 76611686
-0.01258846 -0.1699507 1.765411 Tracked 76611721
-0.06171752 -0.2593643 1.762493 Tracked 76611753
-0.01432692 -0.2464674 1.786508 Tracked 76611785
-0.01307357 -0.2463264 1.785884 Tracked 76611818
0.01278145 -0.253886 1.736109 Tracked 76611852
-0.01223468 -0.2272332 1.729002 Tracked 76611884
-0.004722384 -0.2334148 1.725955 Tracked 76611919
-0.002870701 -0.2331631 1.723447 Tracked 76611952
-0.0006351806 -0.2258672 1.719207 Tracked 76611985
-0.002927124 -0.2111117 1.709638 Tracked 76612019
-0.005963961 -0.1813888 1.703028 Tracked 76612052
-0.005947651 -0.1439643 1.676303 Tracked 76612085
-0.01438803 -0.1245594 1.677097 Tracked 76612119
-0.02171483 -0.07158563 1.679505 Tracked 76612152
-0.03962662 0.04124631 1.761174 Tracked 76612184
-0.04101558 0.06830724 1.766314 Tracked 76612219
-0.04396164 0.09782775 1.773512 Tracked 76612251
-0.04375928 0.1109424 1.75922 Tracked 76612284
-0.0432347 0.1513873 1.74827 Tracked 76612319
-0.0454239 0.1643129 1.778633 Tracked 76612352
-0.0456822 0.1626879 1.783453 Tracked 76612386
-0.04629891 0.1645799 1.787354 Tracked 76612419
-0.04642328 0.166808 1.789868 Tracked 76612452
-0.04638153 0.1691946 1.790449 Tracked 76612486
-0.0465073 0.1732082 1.781363 Tracked 76612519
-0.04519043 0.2042328 1.7697 Tracked 76612552
-0.04495031 0.2055806 1.76864 Tracked 76612585
-0.04519674 0.2065085 1.76827 Tracked 76612619
-0.04497223 0.2072612 1.767303 Tracked 76612652
-0.0448889 0.2078227 1.766954 Tracked 76612686
-0.0447553 0.2082226 1.766278 Tracked 76612719
-0.04461791 0.2086793 1.765779 Tracked 76612752
-0.04446913 0.2092808 1.764333 Tracked 76612785
-0.04403458 0.2100823 1.76287 Tracked 76612819
-0.04410735 0.2106282 1.762026 Tracked 76612852
-0.04427633 0.2113449 1.759871 Tracked 76612885
-0.04457335 0.2117441 1.758746 Tracked 76612919
-0.04511396 0.211725 1.756956 Tracked 76612952
-0.04533114 0.2113416 1.755662 Tracked 76612985
-0.04563185 0.2094784 1.75354 Tracked 76613019
-0.04540179 0.2038164 1.751281 Tracked 76613052
-0.04312713 0.196808 1.734167 Tracked 76613085
-0.042325 0.1806197 1.72645 Tracked 76613118
-0.04203615 0.1558739 1.719857 Tracked 76613152
-0.04234247 0.1469707 1.744662 Tracked 76613185
-0.046119 0.1156749 1.749713 Tracked 76613218
-0.04623481 0.1131443 1.749528 Tracked 76613259
-0.0470784 0.05404529 1.742802 Tracked 76613291
-0.04811545 0.04084716 1.743588 Tracked 76613320
-0.0611041 -0.02570781 1.731809 Tracked 76613355
-0.05955053 -0.05706187 1.732186 Tracked 76613388
-0.06120643 -0.07185418 1.735933 Tracked 76613421
-0.06450904 -0.07863756 1.738564 Tracked 76613455
-0.06981069 -0.09151284 1.739429 Tracked 76613488
-0.07628849 -0.09046271 1.736915 Tracked 76613520
-0.07136984 -0.07185013 1.77484 Tracked 76613551
-0.04272881 -0.1351642 1.778941 Tracked 76613585
-0.05219708 -0.1375833 1.785728 Tracked 76613619
-0.03573716 -0.2278378 1.769876 Tracked 76613652
-0.02234471 -0.2424472 1.747659 Tracked 76613687
-0.02243443 -0.2428956 1.74528 Tracked 76613721
-0.009270849 -0.2417039 1.74286 Tracked 76613751
-0.01086571 -0.2326816 1.727939 Tracked 76613785
-0.08797643 -0.1741314 1.738041 Tracked 76613818
0.01925713 -0.05785572 1.736042 Tracked 76613852
0.02280694 -0.06401969 1.740277 Tracked 76613884
-0.04681047 -0.1076019 1.748716 Tracked 76613918
-0.04795526 -0.1036043 1.74874 Tracked 76613951
-0.04451047 -0.04641222 1.752745 Tracked 76613984
-0.05766392 -0.0230091 1.755852 Tracked 76614019
-0.06602698 0.02320477 1.762261 Tracked 76614051
-0.06492034 0.0466496 1.763408 Tracked 76614085
-0.06321323 0.1009306 1.771451 Tracked 76614119
-0.06295763 0.1072172 1.773405 Tracked 76614151
-0.06232666 0.1285989 1.745037 Tracked 76614185
-0.06105508 0.1452856 1.776876 Tracked 76614219
-0.06075997 0.1463186 1.780393 Tracked 76614252
-0.05952587 0.1524279 1.784792 Tracked 76614285
-0.05875093 0.1633828 1.788846 Tracked 76614319
-0.05811423 0.1720293 1.789774 Tracked 76614351
-0.05687988 0.1789471 1.790145 Tracked 76614385
-0.05343723 0.1853833 1.778112 Tracked 76614418
-0.05043752 0.2057388 1.771041 Tracked 76614452
-0.0496966 0.2078299 1.7688 Tracked 76614485
-0.04899664 0.2089369 1.767284 Tracked 76614519
-0.04805338 0.2097437 1.765595 Tracked 76614551
-0.04735558 0.2100246 1.764165 Tracked 76614585
-0.04610936 0.2106456 1.765358 Tracked 76614618
-0.0446504 0.2109268 1.766189 Tracked 76614651
-0.04342172 0.2112632 1.76681 Tracked 76614691
-0.04245584 0.211574 1.767111 Tracked 76614726
-0.04130913 0.2117314 1.767794 Tracked 76614758
-0.04025096 0.2117626 1.768134 Tracked 76614787
-0.03962267 0.2118129 1.768424 Tracked 76614818
-0.03893355 0.2120572 1.768632 Tracked 76614851
-0.03807677 0.2122338 1.768733 Tracked 76614885
-0.03735198 0.2126647 1.76892 Tracked 76614919
-0.03691227 0.2130196 1.76883 Tracked 76614951
-0.03630064 0.2137316 1.768772 Tracked 76614984
-0.03612557 0.2145431 1.76935 Tracked 76615019
-0.03552557 0.2156817 1.768556 Tracked 76615052
-0.03537535 0.2165897 1.767717 Tracked 76615085
-0.03550228 0.2168622 1.767006 Tracked 76615119
-0.03566361 0.2161538 1.76562 Tracked 76615152
-0.03595772 0.2116926 1.762962 Tracked 76615184
-0.03713163 0.1935383 1.759678 Tracked 76615219
-0.038179 0.1671161 1.756747 Tracked 76615252
-0.04086632 0.1334026 1.755769 Tracked 76615285
-0.04234117 0.1330362 1.768219 Tracked 76615318
-0.04061976 0.09940156 1.772265 Tracked 76615352
-0.04113822 0.07365379 1.769092 Tracked 76615386
-0.0442164 0.04023135 1.768392 Tracked 76615419
-0.04621689 -0.02166392 1.763113 Tracked 76615452
-0.04766581 -0.04113942 1.763583 Tracked 76615485
-0.07154032 -0.08364529 1.760881 Tracked 76615519
-0.07871272 -0.0932482 1.759964 Tracked 76615551
-0.02176796 -0.1381402 1.762563 Tracked 76615585
-0.02126319 -0.1386851 1.763081 Tracked 76615619
-0.02187538 -0.1377261 1.7632 Tracked 76615651
-0.02105823 -0.1425395 1.769275 Tracked 76615685
-0.02737683 -0.1498345 1.77869 Tracked 76615718
-0.02852791 -0.2634117 1.781066 Tracked 76615751
-0.03073943 -0.2577172 1.765594 Tracked 76615784
-0.02957137 -0.2572873 1.765668 Tracked 76615819
-0.02859279 -0.2552997 1.762672 Tracked 76615852
0.01693325 -0.2327253 1.745646 Tracked 76615884
0.01154707 -0.2398121 1.742226 Tracked 76615918
0.009692926 -0.2391582 1.740382 Tracked 76615952
0.005168561 -0.2356853 1.738171 Tracked 76615984
0.0008126678 -0.2081972 1.726878 Tracked 76616018
-0.01704684 -0.1494974 1.736232 Tracked 76616051
-0.0411965 -0.0432482 1.779434 Tracked 76616085
-0.04061417 -0.01756266 1.781465 Tracked 76616118
-0.03957117 0.02530965 1.785675 Tracked 76616151
-0.03958473 0.05198205 1.787115 Tracked 76616185
-0.04175391 0.09935011 1.794353 Tracked 76616218
-0.04087686 0.09480111 1.768899 Tracked 76616251
-0.04043389 0.107463 1.771858 Tracked 76616284
-0.04083385 0.1495489 1.788606 Tracked 76616319
-0.04079025 0.1507918 1.789653 Tracked 76616351
-0.03970509 0.1575602 1.792356 Tracked 76616384
-0.04101273 0.1683997 1.793627 Tracked 76616419
-0.03953908 0.176314 1.794623 Tracked 76616452
-0.03888838 0.1824823 1.794552 Tracked 76616485
-0.03967255 0.1865665 1.763588 Tracked 76616518
-0.03576415 0.2125386 1.764768 Tracked 76616551
-0.03478897 0.2143205 1.764998 Tracked 76616585
-0.03453043 0.214721 1.764955 Tracked 76616623
-0.0343304 0.2147848 1.764774 Tracked 76616654
-0.0340992 0.2147174 1.764657 Tracked 76616685
-0.03376733 0.2144827 1.764561 Tracked 76616718
-0.03360246 0.2143688 1.764465 Tracked 76616752
-0.03326856 0.2139682 1.764151 Tracked 76616785
-0.03292245 0.2137492 1.763804 Tracked 76616818
-0.0326114 0.2134432 1.763291 Tracked 76616855
-0.03229097 0.2133317 1.76311 Tracked 76616886
-0.03207703 0.2130558 1.762624 Tracked 76616920
-0.03183481 0.212832 1.761968 Tracked 76616954
-0.03157037 0.2127252 1.761417 Tracked 76616986
-0.03138094 0.2127334 1.760805 Tracked 76617020
-0.03100174 0.2127008 1.760199 Tracked 76617054
-0.0307135 0.2128489 1.759614 Tracked 76617085
-0.03055805 0.2130584 1.758806 Tracked 76617119
-0.03046523 0.2135776 1.757924 Tracked 76617151
-0.03045673 0.2140703 1.757113 Tracked 76617184
-0.03039017 0.2151818 1.755792 Tracked 76617219
-0.03040736 0.2170295 1.755075 Tracked 76617252
-0.03010166 0.2195319 1.753569 Tracked 76617285
-0.03018722 0.2210514 1.753014 Tracked 76617318
-0.03024767 0.2217169 1.752601 Tracked 76617351
-0.03052704 0.2219399 1.752065 Tracked 76617384
-0.0314083 0.2198626 1.750701 Tracked 76617419
-0.03299243 0.2076028 1.748343 Tracked 76617452
-0.0342437 0.178122 1.744667 Tracked 76617486
-0.0369506 0.149591 1.745258 Tracked 76617519
-0.0394369 0.1453615 1.756354 Tracked 76617552
-0.03900235 0.099156 1.762456 Tracked 76617585
-0.0391143 0.0864365 1.761148 Tracked 76617619
-0.04188782 0.05304856 1.76025 Tracked 76617651
-0.04494194 0.02110664 1.763001 Tracked 76617685
-0.04341147 -0.0407008 1.756242 Tracked 76617719
-0.06083376 -0.05847433 1.75715 Tracked 76617752
-0.06784853 -0.08726791 1.756968 Tracked 76617785
-0.07072562 -0.09263644 1.756763 Tracked 76617822
-0.01022001 -0.08141769 1.765486 Tracked 76617856
-0.01824985 -0.1210398 1.764516 Tracked 76617891
-0.01779518 -0.1295062 1.763867 Tracked 76617918
-0.01864072 -0.1649818 1.76309 Tracked 76617951
-0.01681297 -0.1651649 1.76448 Tracked 76617985
-0.03459118 -0.2446379 1.805308 Tracked 76618018
-0.03468665 -0.2419551 1.808055 Tracked 76618052
-0.03209848 -0.2375073 1.805188 Tracked 76618085
-0.03102648 -0.2180209 1.804549 Tracked 76618118
-0.00748502 -0.205382 1.819367 Tracked 76618152
0.001612406 -0.2518682 1.738215 Tracked 76618185
0.001915906 -0.2477294 1.737382 Tracked 76618218
0.001381108 -0.2393208 1.734861 Tracked 76618251
-0.0008072143 -0.2202101 1.728596 Tracked 76618291
-0.004414847 -0.1910668 1.718494 Tracked 76618326
-0.003623345 -0.1541083 1.699017 Tracked 76618358
-0.01449549 -0.1325359 1.700539 Tracked 76618387
-0.02010688 -0.1085 1.697858 Tracked 76618421
-0.03395818 0.02182717 1.763232 Tracked 76618456
-0.03588697 0.04851823 1.768423 Tracked 76618489
-0.0381376 0.08212461 1.770703 Tracked 76618523
-0.04083533 0.1040903 1.775294 Tracked 76618555
-0.04094175 0.1076596 1.773809 Tracked 76618585
-0.04436202 0.1606542 1.78274 Tracked 76618619
-0.04435855 0.1600267 1.784347 Tracked 76618651
-0.04410252 0.1629992 1.786343 Tracked 76618685
-0.04528658 0.1698865 1.787225 Tracked 76618719
-0.04658585 0.1768654 1.787668 Tracked 76618752
-0.04610706 0.1866645 1.770859 Tracked 76618785
-0.04487244 0.2061598 1.763981 Tracked 76618819
-0.04466304 0.2082585 1.762742 Tracked 76618852
-0.04424195 0.2092059 1.762277 Tracked 76618885
-0.04412704 0.2097301 1.761601 Tracked 76618919
-0.04397221 0.2099259 1.761174 Tracked 76618952
-0.04390502 0.2100206 1.760676 Tracked 76618985
-0.04362065 0.21004 1.760015 Tracked 76619019
-0.04352169 0.2101156 1.759681 Tracked 76619051
-0.04340608 0.2101726 1.759101 Tracked 76619084
-0.04319451 0.2101482 1.758681 Tracked 76619118
-0.04299402 0.2100966 1.758261 Tracked 76619152
-0.0428232 0.2101004 1.758012 Tracked 76619185
-0.0426648 0.2100668 1.757631 Tracked 76619218
-0.04250423 0.2100044 1.756898 Tracked 76619251
-0.0424739 0.2100525 1.756812 Tracked 76619285
-0.04231577 0.2100268 1.756507 Tracked 76619318
-0.04216297 0.2100305 1.756388 Tracked 76619352
-0.04207607 0.2100356 1.756222 Tracked 76619385
-0.0418103 0.2100804 1.755889 Tracked 76619418
-0.04175511 0.2100762 1.755801 Tracked 76619452
-0.04168804 0.2100419 1.755646 Tracked 76619485
-0.04158772 0.210051 1.755608 Tracked 76619519
-0.0414006 0.2100895 1.755416 Tracked 76619551
-0.04141074 0.2106353 1.75525 Tracked 76619585
-0.04167154 0.2120586 1.754959 Tracked 76619618
-0.04203338 0.2149922 1.754986 Tracked 76619651
-0.04227011 0.2185954 1.754747 Tracked 76619685
-0.04251153 0.2190484 1.754589 Tracked 76619719
-0.04259298 0.2191182 1.754446 Tracked 76619752
-0.0431605 0.2190215 1.754147 Tracked 76619785
-0.04315674 0.2190083 1.753165 Tracked 76619819
-0.04271295 0.2190602 1.752026 Tracked 76619852
-0.04299282 0.2189711 1.750908 Tracked 76619886
-0.04306589 0.2190972 1.750255 Tracked 76619919
-0.04320569 0.2194305 1.749733 Tracked 76619953
-0.04332121 0.2198997 1.748794 Tracked 76619986
-0.04327093 0.2203726 1.748281 Tracked 76620019
-0.04301227 0.2209057 1.747691 Tracked 76620053
-0.04290393 0.2213987 1.747371 Tracked 76620085
-0.04284676 0.2217962 1.747159 Tracked 76620119
-0.04272484 0.2222523 1.747197 Tracked 76620153
-0.0427508 0.2224934 1.747398 Tracked 76620185
-0.04263014 0.2227166 1.747903 Tracked 76620220
-0.04255278 0.2228094 1.748513 Tracked 76620252
-0.04243042 0.2227203 1.74919 Tracked 76620285
-0.04225672 0.2224686 1.751077 Tracked 76620319
-0.04198854 0.2221799 1.753273 Tracked 76620352
-0.04144664 0.2218659 1.756019 Tracked 76620386
