-0.1140191 0.1039042 1.752756 Tracked 69385877
-0.1484771 0.03994153 1.922962 Tracked 69385896
-0.1349168 0.0881732 1.875878 Tracked 69385926
-0.1141908 0.1200981 1.72838 Tracked 69385960
-0.0999887 0.1172419 1.679502 Tracked 69385993
-0.09940194 0.1294777 1.70954 Tracked 69386026
-0.1715458 0.09815423 1.64854 Tracked 69386059
-0.1754982 0.09664597 1.65101 Tracked 69386093
-0.1733241 0.09537017 1.648238 Tracked 69386126
-0.1252224 0.1545355 1.647455 Tracked 69386163
-0.1281425 0.150057 1.650288 Tracked 69386197
-0.1198146 0.1588389 1.632107 Tracked 69386232
-0.04976906 0.1959408 1.639494 Tracked 69386260
-0.04733698 0.195387 1.639435 Tracked 69386293
-0.03426407 0.2033655 1.638663 Tracked 69386326
-0.02756231 0.2046862 1.638493 Tracked 69386360
-0.01797528 0.2021537 1.639516 Tracked 69386393
-0.01118939 0.1986538 1.639544 Tracked 69386426
-0.007064902 0.1970927 1.64126 Tracked 69386459
-0.002314563 0.1919882 1.644027 Tracked 69386493
-0.0002907332 0.1894967 1.645956 Tracked 69386529
0.002390087 0.1876347 1.647527 Tracked 69386566
0.003769903 0.1868675 1.648507 Tracked 69386597
0.004869801 0.1869381 1.649047 Tracked 69386626
0.005261383 0.186969 1.649403 Tracked 69386660
0.005872782 0.1870172 1.649914 Tracked 69386694
0.006067065 0.1870902 1.650093 Tracked 69386726
0.006284539 0.1871534 1.65042 Tracked 69386760
-0.0009823146 0.1747384 1.64824 Tracked 69386793
-0.002024875 0.1730013 1.647772 Tracked 69386825
-0.002624657 0.1714178 1.648326 Tracked 69386876
-0.00280632 0.1711128 1.648111 Tracked 69386894
-0.00328022 0.1715126 1.649607 Tracked 69386926
-0.004239875 0.1725906 1.651202 Tracked 69386959
-0.005276097 0.1734972 1.652274 Tracked 69386993
-0.008644081 0.176913 1.657833 Tracked 69387026
-0.01267633 0.1790049 1.659322 Tracked 69387060
-0.01601548 0.1875342 1.665168 Tracked 69387092
-0.02467115 0.1901668 1.668938 Tracked 69387127
-0.03286786 0.1966787 1.674243 Tracked 69387159
-0.03978341 0.19472 1.679141 Tracked 69387192
-0.04368846 0.1946318 1.682572 Tracked 69387226
-0.04632663 0.1962071 1.68791 Tracked 69387259
-0.04961316 0.1975712 1.694019 Tracked 69387294
-0.05108552 0.1983406 1.696176 Tracked 69387325
-0.05175795 0.1992219 1.699445 Tracked 69387360
-0.05218877 0.1988819 1.701074 Tracked 69387392
-0.05309328 0.2004735 1.704148 Tracked 69387426
-0.05405845 0.1996077 1.706122 Tracked 69387460
-0.05438825 0.1998217 1.706862 Tracked 69387492
-0.05523707 0.1999038 1.708204 Tracked 69387526
-0.05587742 0.1996373 1.708809 Tracked 69387560
-0.05702774 0.2030516 1.711058 Tracked 69387592
-0.05723274 0.204869 1.711995 Tracked 69387626
-0.05744419 0.2052341 1.711999 Tracked 69387659
-0.05815203 0.2056161 1.712047 Tracked 69387692
-0.05907119 0.2058981 1.711806 Tracked 69387726
-0.05948811 0.2061381 1.711631 Tracked 69387760
-0.06015774 0.2061647 1.710706 Tracked 69387792
-0.0623294 0.2025576 1.708938 Tracked 69387826
-0.062818 0.2025124 1.70824 Tracked 69387893
-0.0630137 0.203132 1.708085 Tracked 69387910
-0.0631299 0.2036339 1.707946 Tracked 69387928
-0.06327364 0.2038201 1.707835 Tracked 69387959
-0.06369299 0.2038611 1.70749 Tracked 69387993
-0.06406217 0.2038751 1.707399 Tracked 69388025
-0.06484827 0.2041264 1.707127 Tracked 69388059
-0.06568873 0.2043122 1.706706 Tracked 69388092
-0.06684678 0.2038467 1.705931 Tracked 69388126
-0.06790622 0.2037447 1.705251 Tracked 69388159
-0.06905762 0.2034172 1.704651 Tracked 69388192
-0.07000493 0.20319 1.703848 Tracked 69388226
-0.07059556 0.2032209 1.703427 Tracked 69388260
-0.07296439 0.2004665 1.701098 Tracked 69388293
-0.07348257 0.1998146 1.700369 Tracked 69388326
-0.07386813 0.199238 1.699529 Tracked 69388361
-0.07446297 0.1997957 1.698981 Tracked 69388394
-0.07771097 0.1979764 1.697251 Tracked 69388428
-0.07961986 0.1966472 1.696201 Tracked 69388460
-0.0816319 0.1958091 1.695663 Tracked 69388493
-0.08342446 0.1952254 1.695866 Tracked 69388526
-0.09485778 0.1875895 1.694998 Tracked 69388559
-0.1041825 0.180282 1.695434 Tracked 69388593
-0.1102792 0.1761486 1.695694 Tracked 69388628
-0.1154712 0.1717695 1.695342 Tracked 69388660
-0.136501 0.1495832 1.692703 Tracked 69388693
-0.1474948 0.1400599 1.690259 Tracked 69388725
-0.1488552 0.1378208 1.690937 Tracked 69388759
-0.1673841 0.1006737 1.692455 Tracked 69388793
-0.1706986 0.09261928 1.695473 Tracked 69388826
-0.1724172 0.08422373 1.699339 Tracked 69388895
-0.1791447 0.07206221 1.7038 Tracked 69388913
-0.1889364 0.05177213 1.670285 Tracked 69388930
-0.1989742 0.05477427 1.663174 Tracked 69388960
-0.2099531 0.04412017 1.693553 Tracked 69388992
-0.2162701 0.04017051 1.717163 Tracked 69389026
-0.2185596 0.04187831 1.719258 Tracked 69389060
-0.2371251 0.03864671 1.718709 Tracked 69389092
-0.238541 0.03915643 1.716918 Tracked 69389126
-0.243895 0.03269519 1.71967 Tracked 69389160
-0.2666797 0.08558504 1.754521 Tracked 69389193
-0.2562689 0.0693645 1.750544 Tracked 69389226
-0.2245495 0.07575507 1.75615 Tracked 69389261
-0.2191584 0.08215559 1.741849 Tracked 69389294
-0.2159816 0.08771164 1.752741 Tracked 69389326
-0.2155159 0.08820476 1.738648 Tracked 69389360
-0.2191365 0.08780164 1.747373 Tracked 69389392
-0.2173509 0.08996836 1.752535 Tracked 69389426
-0.221421 0.0853724 1.738188 Tracked 69389460
-0.2181525 0.08777153 1.751477 Tracked 69389493
-0.2160189 0.08632694 1.744074 Tracked 69389525
-0.2129698 0.08888117 1.755131 Tracked 69389560
-0.2728948 0.05512306 1.729045 Tracked 69389593
-0.2290953 0.08152746 1.765336 Tracked 69389626
-0.2193176 0.08248296 1.739026 Tracked 69389659
-0.2187511 0.08704601 1.758057 Tracked 69389693
-0.2256789 0.07787094 1.746784 Tracked 69389725
-0.2281103 0.07716429 1.761022 Tracked 69389760
-0.2292731 0.07486282 1.751344 Tracked 69389793
-0.2317423 0.07560273 1.758856 Tracked 69389825
-0.2350854 0.06918626 1.757813 Tracked 69389860
-0.2461689 0.06088177 1.755946 Tracked 69389915
-0.2530085 0.05741058 1.752121 Tracked 69389935
-0.2627175 0.07651626 1.764367 Tracked 69389960
-0.2673006 0.0849137 1.730046 Tracked 69389993
-0.2518016 0.09810435 1.767477 Tracked 69390026
-0.2370144 0.1003127 1.739936 Tracked 69390062
-0.2327687 0.1040395 1.741704 Tracked 69390098
-0.2076496 0.1025273 1.727165 Tracked 69390132
-0.1992338 0.1049403 1.727441 Tracked 69390161
-0.1921344 0.1172937 1.727082 Tracked 69390191
-0.1841416 0.1229099 1.726208 Tracked 69390226
-0.1644787 0.1251777 1.735616 Tracked 69390260
-0.1516096 0.1311021 1.737321 Tracked 69390293
-0.1342423 0.1560663 1.727862 Tracked 69390326
-0.1329516 0.1682066 1.721359 Tracked 69390361
-0.1335549 0.1753451 1.718127 Tracked 69390393
-0.1224442 0.1895545 1.716351 Tracked 69390426
-0.1168833 0.1935225 1.716231 Tracked 69390460
-0.1099841 0.1966831 1.716417 Tracked 69390493
-0.103797 0.1971583 1.716407 Tracked 69390526
-0.09899128 0.1987351 1.714583 Tracked 69390560
-0.09473888 0.2039169 1.711112 Tracked 69390592
-0.06188861 0.2005152 1.712398 Tracked 69390626
-0.05581108 0.2003237 1.714632 Tracked 69390660
-0.0509959 0.2001203 1.715593 Tracked 69390693
-0.0466088 0.1994119 1.71621 Tracked 69390726
-0.04321269 0.1988107 1.715631 Tracked 69390761
-0.04072233 0.1980608 1.714828 Tracked 69390793
-0.03781813 0.1978102 1.71538 Tracked 69390826
-0.03521262 0.1974268 1.716062 Tracked 69390860
-0.03314057 0.1972731 1.716303 Tracked 69390896
-0.031337 0.1971434 1.716928 Tracked 69390926
-0.03047796 0.1970049 1.716832 Tracked 69390960
-0.02998507 0.1970823 1.716863 Tracked 69390993
-0.02985308 0.1970733 1.716846 Tracked 69391026
-0.02988051 0.1971604 1.716889 Tracked 69391060
-0.02997694 0.1972067 1.716925 Tracked 69391092
-0.03038414 0.1972424 1.716957 Tracked 69391125
-0.03122215 0.1972601 1.716673 Tracked 69391160
-0.03179308 0.1974571 1.716577 Tracked 69391193
-0.03263685 0.1973225 1.716592 Tracked 69391227
-0.03331568 0.1974042 1.716301 Tracked 69391260
-0.03470839 0.1977306 1.715779 Tracked 69391292
-0.04345221 0.196938 1.713748 Tracked 69391326
-0.04774412 0.1963889 1.711883 Tracked 69391360
-0.06485836 0.1925313 1.710309 Tracked 69391392
-0.07365505 0.1928363 1.708779 Tracked 69391426
-0.08740659 0.1913876 1.705682 Tracked 69391459
-0.0949396 0.188903 1.704507 Tracked 69391493
-0.1021208 0.1861448 1.702207 Tracked 69391526
-0.1264209 0.1600761 1.694569 Tracked 69391560
-0.1260719 0.1436186 1.702739 Tracked 69391593
-0.1504192 0.1251644 1.687284 Tracked 69391626
-0.154962 0.107351 1.679441 Tracked 69391660
-0.1599435 0.0858805 1.681628 Tracked 69391693
-0.1673163 0.0779184 1.685071 Tracked 69391726
-0.1889636 0.07830025 1.679177 Tracked 69391759
-0.1948841 0.07523363 1.680385 Tracked 69391792
-0.210484 0.06504536 1.679721 Tracked 69391825
-0.2184473 0.05208991 1.682804 Tracked 69391860
-0.2288888 0.05756821 1.681053 Tracked 69391897
-0.2226771 0.1101382 1.719124 Tracked 69391926
-0.225475 0.1138334 1.699296 Tracked 69391960
-0.2453676 0.08462961 1.732172 Tracked 69391993
-0.2114027 0.07686424 1.750371 Tracked 69392025
-0.1991645 0.08379848 1.751313 Tracked 69392060
-0.1949873 0.0867701 1.74598 Tracked 69392093
-0.194254 0.08737817 1.748106 Tracked 69392126
-0.2000495 0.0827705 1.751627 Tracked 69392160
-0.1986138 0.08574834 1.751003 Tracked 69392192
-0.1990508 0.08531129 1.750814 Tracked 69392229
-0.1991006 0.08527538 1.750782 Tracked 69392260
-0.2021009 0.08517164 1.750969 Tracked 69392293
-0.2058393 0.08493283 1.750285 Tracked 69392326
-0.2072151 0.08542206 1.752846 Tracked 69392360
-0.2124881 0.08537245 1.745944 Tracked 69392393
-0.2114085 0.09646772 1.737653 Tracked 69392426
-0.2054794 0.1020467 1.740661 Tracked 69392463
-0.1961924 0.08630382 1.755748 Tracked 69392499
-0.1892267 0.0935042 1.751906 Tracked 69392528
-0.1839066 0.1085605 1.725878 Tracked 69392561
-0.1707244 0.1351537 1.716775 Tracked 69392593
-0.1617953 0.1429362 1.716636 Tracked 69392626
-0.153868 0.1477443 1.713147 Tracked 69392660
-0.1382969 0.1834607 1.702371 Tracked 69392693
-0.1351589 0.1836503 1.70215 Tracked 69392726
-0.1257169 0.1895573 1.703989 Tracked 69392760
-0.1149628 0.1912074 1.706201 Tracked 69392793
-0.1034565 0.1947148 1.706467 Tracked 69392825
-0.1012719 0.1950622 1.705374 Tracked 69392864
-0.09060085 0.1970699 1.70297 Tracked 69392898
-0.08491833 0.1971172 1.700487 Tracked 69392930
-0.03715885 0.1948075 1.704771 Tracked 69392961
-0.03490644 0.1968269 1.703543 Tracked 69392992
-0.01893122 0.1995746 1.706161 Tracked 69393026
-0.0194914 0.1989881 1.705177 Tracked 69393060
-0.01405298 0.1987812 1.704375 Tracked 69393093
-0.01564597 0.196486 1.701483 Tracked 69393126
-0.01591171 0.1912107 1.698349 Tracked 69393159
-0.01269208 0.1912486 1.697813 Tracked 69393192
-0.01202718 0.1898018 1.696787 Tracked 69393226
-0.01322644 0.1898521 1.694819 Tracked 69393260
-0.01382183 0.188439 1.693836 Tracked 69393293
-0.01383509 0.186986 1.691933 Tracked 69393326
-0.0152052 0.1856513 1.691025 Tracked 69393363
-0.01835992 0.1804474 1.685074 Tracked 69393395
-0.02772704 0.1809957 1.684469 Tracked 69393426
-0.01372221 0.1855958 1.698654 Tracked 69393460
-0.01151742 0.190505 1.700048 Tracked 69393493
-0.01234318 0.190145 1.699991 Tracked 69393526
-0.01537307 0.189136 1.700281 Tracked 69393560
-0.02226502 0.1892703 1.700597 Tracked 69393594
-0.03514386 0.1926947 1.699891 Tracked 69393626
-0.04111462 0.1938104 1.705419 Tracked 69393660
-0.04854183 0.1972364 1.707544 Tracked 69393693
-0.0592025 0.1946922 1.710867 Tracked 69393725
-0.08174977 0.1951118 1.709667 Tracked 69393760
-0.08529674 0.1946109 1.711724 Tracked 69393793
-0.09963873 0.1922976 1.71423 Tracked 69393829
-0.1304911 0.1819279 1.700529 Tracked 69393860
-0.1384056 0.1693249 1.700838 Tracked 69393916
-0.1483174 0.1525927 1.704584 Tracked 69393935
-0.1510962 0.1325188 1.738963 Tracked 69393960
-0.1600992 0.1116038 1.748849 Tracked 69393992
-0.1711548 0.113029 1.746947 Tracked 69394027
-0.1856125 0.1053707 1.746018 Tracked 69394059
-0.2076239 0.08999332 1.743413 Tracked 69394093
-0.219478 0.08399259 1.746993 Tracked 69394126
-0.2092215 0.1188332 1.711717 Tracked 69394160
-0.2095672 0.120298 1.720476 Tracked 69394193
-0.2095623 0.1203591 1.721178 Tracked 69394226
-0.207942 0.1171613 1.723026 Tracked 69394260
-0.2052121 0.1059932 1.700709 Tracked 69394293
-0.2026045 0.1014293 1.713355 Tracked 69394326
-0.2028003 0.1049647 1.721899 Tracked 69394359
-0.2079204 0.09890591 1.7052 Tracked 69394393
-0.2189506 0.09497021 1.71582 Tracked 69394427
-0.2379675 0.0756724 1.698804 Tracked 69394460
-0.2411378 0.07162013 1.722249 Tracked 69394493
-0.243929 0.0695608 1.705649 Tracked 69394527
-0.2456125 0.07164298 1.721015 Tracked 69394560
-0.2478117 0.07185571 1.700186 Tracked 69394592
-0.2496958 0.07477443 1.727332 Tracked 69394626
-0.2547123 0.07886783 1.705885 Tracked 69394660
-0.2475762 0.09582371 1.728099 Tracked 69394692
-0.2424374 0.1001612 1.717902 Tracked 69394726
-0.2273355 0.1067031 1.709211 Tracked 69394765
-0.2265562 0.1080029 1.708999 Tracked 69394798
-0.2246777 0.1103466 1.708033 Tracked 69394829
-0.224459 0.1104976 1.708081 Tracked 69394865
-0.213196 0.1221031 1.712633 Tracked 69394903
-0.1846827 0.1483358 1.710873 Tracked 69394934
-0.1773271 0.1401455 1.7129 Tracked 69394961
-0.172249 0.1400953 1.712965 Tracked 69394992
-0.1550985 0.148322 1.710248 Tracked 69395026
-0.1443721 0.1519193 1.702333 Tracked 69395060
-0.1439037 0.1605809 1.69087 Tracked 69395093
-0.1385123 0.1763606 1.68378 Tracked 69395125
-0.1325262 0.1816712 1.684674 Tracked 69395160
-0.12232 0.1868407 1.689783 Tracked 69395194
-0.1164789 0.1895928 1.68989 Tracked 69395225
-0.1107155 0.1915218 1.688312 Tracked 69395260
-0.1070329 0.1935215 1.687268 Tracked 69395292
-0.1042864 0.194631 1.68504 Tracked 69395326
-0.1018377 0.1950656 1.684086 Tracked 69395360
-0.09896553 0.1953575 1.683791 Tracked 69395392
-0.09725007 0.1956872 1.683726 Tracked 69395426
-0.09701224 0.1958585 1.683141 Tracked 69395462
-0.09689271 0.1959669 1.683092 Tracked 69395497
-0.09659735 0.1960207 1.683005 Tracked 69395532
-0.09596118 0.1963642 1.683025 Tracked 69395560
-0.09556204 0.1963287 1.682981 Tracked 69395592
-0.09518044 0.1961817 1.683018 Tracked 69395626
-0.09505656 0.196049 1.683159 Tracked 69395660
-0.09320501 0.1960834 1.684862 Tracked 69395692
-0.08676111 0.1971609 1.689477 Tracked 69395726
-0.08731506 0.1971595 1.689851 Tracked 69395761
-0.08887541 0.1969977 1.689992 Tracked 69395792
-0.09047129 0.1969059 1.691277 Tracked 69395826
-0.09380737 0.1966886 1.69257 Tracked 69395860
-0.1005718 0.1941574 1.695748 Tracked 69395897
-0.110566 0.1901756 1.696256 Tracked 69395930
-0.1266048 0.1830288 1.69394 Tracked 69395960
-0.1434609 0.1664485 1.691164 Tracked 69395994
-0.1569381 0.1429502 1.685511 Tracked 69396026
-0.173374 0.1150977 1.679757 Tracked 69396060
-0.1769106 0.1075381 1.680789 Tracked 69396096
-0.1871558 0.08359593 1.684715 Tracked 69396131
-0.2179947 0.07014987 1.676399 Tracked 69396165
-0.2314146 0.04109 1.67564 Tracked 69396197
-0.2353862 0.1041832 1.709196 Tracked 69396233
-0.2251486 0.1038688 1.721147 Tracked 69396261
-0.226504 0.1040719 1.719583 Tracked 69396293
-0.2089116 0.1153438 1.747601 Tracked 69396325
-0.2073291 0.1115324 1.725509 Tracked 69396360
-0.2092982 0.1119001 1.73345 Tracked 69396393
-0.2126794 0.1042927 1.728405 Tracked 69396425
-0.2243118 0.09576272 1.71606 Tracked 69396460
-0.2431058 0.08447421 1.757252 Tracked 69396493
-0.2379201 0.08217086 1.724903 Tracked 69396525
-0.2423487 0.08238346 1.721049 Tracked 69396559
-0.2548153 0.09011801 1.734673 Tracked 69396592
-0.2571099 0.08449169 1.735292 Tracked 69396626
-0.2567719 0.08415564 1.733614 Tracked 69396659
-0.2527456 0.07704235 1.738725 Tracked 69396693
-0.2512968 0.09089325 1.722268 Tracked 69396726
-0.264017 0.1068435 1.702727 Tracked 69396760
-0.2235921 0.1385776 1.744956 Tracked 69396793
-0.2329023 0.1225393 1.708473 Tracked 69396826
-0.2166938 0.1334833 1.752323 Tracked 69396860
-0.1942271 0.1304257 1.735927 Tracked 69396893
-0.1669217 0.1108031 1.721754 Tracked 69396926
-0.1586934 0.1252865 1.715456 Tracked 69396960
-0.1425887 0.1373925 1.715817 Tracked 69396993
-0.1215902 0.1307489 1.749075 Tracked 69397026
-0.1406162 0.1375252 1.698221 Tracked 69397060
-0.1346745 0.158041 1.692303 Tracked 69397093
-0.123812 0.178476 1.690241 Tracked 69397126
-0.120622 0.1826742 1.691051 Tracked 69397160
-0.1186536 0.1847303 1.691252 Tracked 69397192
-0.1148991 0.1878613 1.690977 Tracked 69397226
-0.1078738 0.1937332 1.691478 Tracked 69397260
-0.10573 0.1944788 1.69116 Tracked 69397293
-0.1036841 0.1951583 1.690841 Tracked 69397326
-0.1008586 0.1948938 1.69052 Tracked 69397360
-0.09413134 0.1954447 1.691512 Tracked 69397398
-0.09048933 0.1959481 1.692576 Tracked 69397430
-0.08770714 0.1966487 1.693199 Tracked 69397465
-0.08656681 0.1974355 1.693149 Tracked 69397498
-0.08633829 0.1973937 1.692986 Tracked 69397526
