0.08174183 -0.07563483 1.786885 Tracked 74979350
0.08169217 -0.0756261 1.786998 Tracked 74979383
0.08148655 -0.07561096 1.787198 Tracked 74979416
0.08145803 -0.07557949 1.787243 Tracked 74979449
0.08148668 -0.07549113 1.787257 Tracked 74979482
0.08148981 -0.07548283 1.787252 Tracked 74979516
0.08153518 -0.07542273 1.787483 Tracked 74979549
0.08160409 -0.0754171 1.787468 Tracked 74979582
0.08173599 -0.07517698 1.787474 Tracked 74979617
0.08176301 -0.07514443 1.787508 Tracked 74979650
0.08197217 -0.0749067 1.787425 Tracked 74979681
0.08224179 -0.07445614 1.787498 Tracked 74979716
0.08240812 -0.07398157 1.787768 Tracked 74979749
0.08252092 -0.07325908 1.788339 Tracked 74979781
0.08270046 -0.07194728 1.790197 Tracked 74979816
0.08269655 -0.07049143 1.792738 Tracked 74979850
0.08217734 -0.06886703 1.796204 Tracked 74979882
0.08130748 -0.06708209 1.801494 Tracked 74979916
0.08029203 -0.06532423 1.807276 Tracked 74979948
0.07815775 -0.06466316 1.815731 Tracked 74979981
0.07565126 -0.06532647 1.825212 Tracked 74980016
0.07258724 -0.06797976 1.835068 Tracked 74980049
0.06583896 -0.07422078 1.849836 Tracked 74980082
0.05852142 -0.08108511 1.864241 Tracked 74980117
0.05021723 -0.08987381 1.876962 Tracked 74980149
0.04238825 -0.104906 1.893157 Tracked 74980182
0.03863376 -0.1122342 1.904424 Tracked 74980216
0.02994324 -0.1256912 1.922386 Tracked 74980250
0.02231894 -0.143047 1.937662 Tracked 74980282
0.01758276 -0.1634958 1.947624 Tracked 74980317
0.009874991 -0.1797726 1.955597 Tracked 74980352
0.009259921 -0.1965987 1.961775 Tracked 74980382
0.0005559621 -0.2140394 1.967589 Tracked 74980416
-0.008479813 -0.2236108 1.971429 Tracked 74980449
-0.01021629 -0.2447998 1.974359 Tracked 74980482
-0.01021303 -0.2559006 1.97617 Tracked 74980516
-0.01210901 -0.2579135 1.978208 Tracked 74980549
-0.05922002 -0.2421791 1.976414 Tracked 74980581
-0.06111925 -0.2408064 1.975139 Tracked 74980616
-0.06728214 -0.2375023 1.974581 Tracked 74980649
-0.06763679 -0.2376954 1.973831 Tracked 74980681
-0.0751339 -0.2227035 1.974664 Tracked 74980715
-0.06208752 -0.2474353 1.991951 Tracked 74980752
-0.03673884 -0.2635587 2.005393 Tracked 74980788
0.005320243 -0.2961509 2.010894 Tracked 74980820
0.02288317 -0.2978803 2.010848 Tracked 74980859
0.006394068 -0.2750438 2.008881 Tracked 74980890
0.006666233 -0.2719517 2.008302 Tracked 74980920
0.008360356 -0.257417 2.005215 Tracked 74980949
0.004905493 -0.239963 2.001813 Tracked 74980982
0.005259849 -0.231613 1.965242 Tracked 74981017
0.006548582 -0.2222846 1.960949 Tracked 74981049
0.01223719 -0.1979939 1.950421 Tracked 74981082
0.01078408 -0.1704027 1.94229 Tracked 74981117
0.01672205 -0.1545571 1.929838 Tracked 74981149
0.02099064 -0.1435664 1.920234 Tracked 74981182
0.02177213 -0.1270737 1.905878 Tracked 74981216
0.02370661 -0.120464 1.897577 Tracked 74981250
0.03384114 -0.0940657 1.908385 Tracked 74981283
0.02766678 -0.1405492 1.87378 Tracked 74981316
0.04195743 -0.08164977 1.850688 Tracked 74981349
0.04261835 -0.08117362 1.84757 Tracked 74981382
0.04642827 -0.08036103 1.838805 Tracked 74981416
0.05456699 -0.07249899 1.82229 Tracked 74981449
0.05944908 -0.0709558 1.813221 Tracked 74981482
0.06336887 -0.07131243 1.803963 Tracked 74981516
0.0667963 -0.07180028 1.796456 Tracked 74981549
0.069383 -0.07471825 1.789172 Tracked 74981583
0.07190716 -0.07591678 1.782955 Tracked 74981616
0.0738498 -0.07747042 1.778284 Tracked 74981650
0.07532654 -0.07908454 1.774912 Tracked 74981682
0.07658315 -0.07946373 1.772235 Tracked 74981715
0.07781711 -0.08046536 1.770133 Tracked 74981749
0.07806003 -0.08092684 1.769428 Tracked 74981782
0.07860687 -0.08110262 1.768651 Tracked 74981817
0.07884451 -0.08113256 1.768443 Tracked 74981849
0.07900072 -0.08133137 1.768327 Tracked 74981882
0.07912423 -0.08142523 1.768374 Tracked 74981916
0.07976212 -0.08056702 1.769677 Tracked 74981949
0.08032334 -0.07854088 1.772826 Tracked 74981982
0.08087471 -0.07628379 1.778533 Tracked 74982016
0.08016768 -0.07291666 1.786921 Tracked 74982050
0.078283 -0.07085367 1.795549 Tracked 74982083
0.0750161 -0.06853764 1.80618 Tracked 74982116
0.07073353 -0.06779133 1.819331 Tracked 74982149
0.06302133 -0.0685899 1.836309 Tracked 74982182
0.05435921 -0.07359514 1.8523 Tracked 74982215
0.04831712 -0.07731083 1.865594 Tracked 74982249
0.04187026 -0.08494609 1.88169 Tracked 74982282
0.03776238 -0.101426 1.898955 Tracked 74982316
0.03220836 -0.1147072 1.911409 Tracked 74982350
0.02654698 -0.1364975 1.928916 Tracked 74982382
0.02761309 -0.1659124 1.93933 Tracked 74982416
0.02563706 -0.1773558 1.946677 Tracked 74982448
0.0121201 -0.1999498 1.955485 Tracked 74982482
0.00561888 -0.2182948 1.958864 Tracked 74982516
-0.002082933 -0.2339887 1.9617 Tracked 74982549
-0.007370261 -0.2458946 1.964324 Tracked 74982581
-0.01018406 -0.2528615 1.965956 Tracked 74982616
-0.05371425 -0.2395298 1.958222 Tracked 74982649
-0.05566441 -0.2391492 1.958064 Tracked 74982681
-0.05837279 -0.2440827 1.956408 Tracked 74982716
-0.06729499 -0.2423418 1.958255 Tracked 74982748
-0.06966099 -0.2413854 1.958753 Tracked 74982800
-0.06300469 -0.2491984 1.979224 Tracked 74982817
-0.0645166 -0.2473777 1.98566 Tracked 74982848
-0.0651046 -0.2473625 1.987551 Tracked 74982881
-0.06564365 -0.2470881 1.989089 Tracked 74982915
-0.06627303 -0.2471066 1.990094 Tracked 74982948
-0.06641667 -0.2470023 1.990855 Tracked 74982981
-0.06804109 -0.246218 1.992172 Tracked 74983016
-0.06873854 -0.2453969 1.992659 Tracked 74983048
-0.06696735 -0.2485174 1.992805 Tracked 74983081
-0.01865217 -0.2818512 2.000526 Tracked 74983117
-0.03244103 -0.267114 2.006468 Tracked 74983152
-0.0426333 -0.2693687 1.987054 Tracked 74983182
-0.009401808 -0.2648411 1.971496 Tracked 74983216
-5.290394E-05 -0.2368285 1.963536 Tracked 74983249
0.01333302 -0.2243441 1.958557 Tracked 74983282
0.01911657 -0.1930213 1.95051 Tracked 74983316
0.02838833 -0.1738876 1.941211 Tracked 74983349
0.01605655 -0.06537984 1.998766 Tracked 74983382
0.04269227 -0.1240643 1.909775 Tracked 74983416
0.0438768 -0.1173944 1.90284 Tracked 74983449
0.04931816 -0.1028725 1.890023 Tracked 74983482
0.05407016 -0.09077188 1.901031 Tracked 74983516
0.05370079 -0.1035612 1.902999 Tracked 74983552
0.07000431 -0.1176117 1.896397 Tracked 74983586
0.07225873 -0.1200083 1.891636 Tracked 74983626
0.07525713 -0.1250494 1.873489 Tracked 74983657
0.07857318 -0.1340239 1.807565 Tracked 74983686
0.0827161 -0.06789361 1.799414 Tracked 74983717
0.08212684 -0.06929622 1.799267 Tracked 74983750
0.08282689 -0.07032362 1.796947 Tracked 74983783
0.08372539 -0.07175087 1.792282 Tracked 74983818
0.08373832 -0.07404535 1.789576 Tracked 74983850
0.08313981 -0.07631721 1.786855 Tracked 74983882
0.08301013 -0.07785726 1.784397 Tracked 74983915
0.08302393 -0.07855056 1.782973 Tracked 74983949
0.08204922 -0.08058297 1.779967 Tracked 74983982
0.0828984 -0.08184809 1.777081 Tracked 74984017
0.08272796 -0.08209736 1.77631 Tracked 74984050
0.08233893 -0.08209084 1.77562 Tracked 74984083
0.0819737 -0.08225518 1.775049 Tracked 74984116
0.08178154 -0.08215952 1.774141 Tracked 74984150
0.08130813 -0.08203238 1.774032 Tracked 74984189
0.08078188 -0.08155282 1.774463 Tracked 74984223
0.08011243 -0.0800084 1.775627 Tracked 74984257
0.0803963 -0.0775779 1.776 Tracked 74984291
0.08003832 -0.07465873 1.777898 Tracked 74984321
0.07786693 -0.07315042 1.784054 Tracked 74984352
0.07719701 -0.07076064 1.787302 Tracked 74984384
0.07140901 -0.06785136 1.795334 Tracked 74984419
0.06792697 -0.06821755 1.802492 Tracked 74984453
0.06462269 -0.06921069 1.813626 Tracked 74984485
0.0558636 -0.07760399 1.829527 Tracked 74984520
0.05065199 -0.08608858 1.84239 Tracked 74984552
0.04420622 -0.09815214 1.857521 Tracked 74984585
0.03999341 -0.1150634 1.868077 Tracked 74984619
0.03686201 -0.1380705 1.883623 Tracked 74984652
0.02600748 -0.1460958 1.912066 Tracked 74984685
0.02168639 -0.1599839 1.918507 Tracked 74984719
0.006231286 -0.1884663 1.932388 Tracked 74984750
0.0006869241 -0.2036625 1.937252 Tracked 74984782
-0.006416476 -0.2218819 1.94235 Tracked 74984816
-0.01285523 -0.2360769 1.944478 Tracked 74984850
-0.01801513 -0.2511477 1.946507 Tracked 74984882
-0.01510939 -0.2698984 1.952934 Tracked 74984916
-0.01647676 -0.2740694 1.95523 Tracked 74984949
-0.08475792 -0.2602211 1.94276 Tracked 74984980
-0.07118438 -0.2445776 1.957013 Tracked 74985015
-0.06984465 -0.2437118 1.957653 Tracked 74985049
-0.05747949 -0.2128061 1.977862 Tracked 74985082
-0.06737769 -0.2347875 1.965365 Tracked 74985116
-0.06718086 -0.2372795 1.963635 Tracked 74985148
-0.06630361 -0.2396668 1.963294 Tracked 74985182
-0.06621598 -0.2423609 1.96274 Tracked 74985216
-0.06021764 -0.2112 1.973504 Tracked 74985249
-0.05961575 -0.2078319 1.974521 Tracked 74985282
-0.06035411 -0.2185704 1.966211 Tracked 74985316
-0.0665796 -0.2186221 1.969866 Tracked 74985350
-0.06800324 -0.2196301 1.970382 Tracked 74985382
-0.06877804 -0.2199696 1.970862 Tracked 74985416
-0.06860275 -0.2200893 1.970528 Tracked 74985449
-0.06830171 -0.2204747 1.970225 Tracked 74985483
-0.07133859 -0.2245935 1.971716 Tracked 74985516
-0.07005154 -0.2252684 1.970492 Tracked 74985548
-0.06451944 -0.2239089 1.965192 Tracked 74985582
-0.055097 -0.2169685 1.954181 Tracked 74985616
-0.04825903 -0.2110177 1.948176 Tracked 74985650
-0.0355818 -0.1953101 1.936349 Tracked 74985683
-0.02595483 -0.1780706 1.933795 Tracked 74985720
-0.02794117 -0.1634253 1.917389 Tracked 74985749
0.03058934 -0.1142879 1.883249 Tracked 74985782
0.03283432 -0.1065115 1.87697 Tracked 74985817
0.03654769 -0.09798095 1.870141 Tracked 74985853
0.04051658 -0.08675741 1.857343 Tracked 74985886
0.04594639 -0.08082319 1.848577 Tracked 74985919
0.05249497 -0.07548249 1.837748 Tracked 74985952
0.05958723 -0.07145821 1.825532 Tracked 74985986
0.06464475 -0.07012571 1.816412 Tracked 74986020
0.0689714 -0.07036027 1.808227 Tracked 74986050
0.07382377 -0.06895366 1.799011 Tracked 74986083
0.07724828 -0.069169 1.793033 Tracked 74986116
0.08082291 -0.06986777 1.786174 Tracked 74986149
0.08331974 -0.07069654 1.780759 Tracked 74986182
0.08524987 -0.07169344 1.774985 Tracked 74986216
0.08578935 -0.07336198 1.772382 Tracked 74986249
0.08746042 -0.07401281 1.769517 Tracked 74986282
0.08828827 -0.07479095 1.767128 Tracked 74986320
0.08868177 -0.07586812 1.76549 Tracked 74986354
0.08894353 -0.0763595 1.764591 Tracked 74986390
0.08907899 -0.07662593 1.76414 Tracked 74986423
0.08905718 -0.07681429 1.763654 Tracked 74986455
0.0890609 -0.07684288 1.763651 Tracked 74986484
0.08905669 -0.07664332 1.763859 Tracked 74986523
0.08896807 -0.07594103 1.765305 Tracked 74986558
0.08867163 -0.07474019 1.767542 Tracked 74986590
0.08812144 -0.07271717 1.772016 Tracked 74986626
0.08688757 -0.06973296 1.777773 Tracked 74986652
0.08419079 -0.06670545 1.786081 Tracked 74986682
0.08018891 -0.06582121 1.794142 Tracked 74986716
0.07483908 -0.06284645 1.803793 Tracked 74986749
0.07014819 -0.06223579 1.814371 Tracked 74986782
0.0610574 -0.06595439 1.828302 Tracked 74986822
0.0534473 -0.06911894 1.840676 Tracked 74986857
0.04358206 -0.07524551 1.856481 Tracked 74986892
0.03966009 -0.07868213 1.864237 Tracked 74986918
0.02734821 -0.09754284 1.885313 Tracked 74986951
0.02244822 -0.1112477 1.896531 Tracked 74986986
0.01163221 -0.1284528 1.913774 Tracked 74987019
0.0052854 -0.1493666 1.925098 Tracked 74987053
-0.003107673 -0.1685666 1.934272 Tracked 74987086
-0.0050557 -0.188869 1.942679 Tracked 74987117
-0.01657649 -0.20661 1.946426 Tracked 74987150
-0.0284065 -0.2151939 1.948539 Tracked 74987183
-0.03275955 -0.2187818 1.952641 Tracked 74987216
-0.05608848 -0.2241511 1.951926 Tracked 74987250
-0.07848197 -0.2233501 1.94531 Tracked 74987282
-0.08416945 -0.228505 1.943301 Tracked 74987316
-0.09514399 -0.2319362 1.942728 Tracked 74987351
-0.1049992 -0.2414818 1.939623 Tracked 74987387
-0.1067513 -0.2441612 1.939597 Tracked 74987419
-0.1186457 -0.2537913 1.926677 Tracked 74987452
-0.1164114 -0.2556496 1.930363 Tracked 74987487
-0.1157711 -0.2524578 1.931918 Tracked 74987519
-0.1159945 -0.2518224 1.933519 Tracked 74987550
-0.1131211 -0.261443 1.931837 Tracked 74987583
-0.1202283 -0.2608019 1.92864 Tracked 74987618
-0.1248154 -0.256685 1.93021 Tracked 74987650
-0.1267322 -0.2525935 1.931094 Tracked 74987683
-0.1145521 -0.2369239 1.964407 Tracked 74987717
-0.1055366 -0.2319857 1.968725 Tracked 74987751
-0.08760532 -0.2218732 1.979341 Tracked 74987784
-0.07205834 -0.222559 1.982903 Tracked 74987818
-0.06706665 -0.2189662 1.982702 Tracked 74987858
-0.05609261 -0.2099186 1.984616 Tracked 74987888
-0.04200703 -0.1984668 1.98153 Tracked 74987925
-0.02586454 -0.1855327 1.946537 Tracked 74987953
-0.01615513 -0.1811405 1.942878 Tracked 74987984
0.0004950498 -0.1560736 1.932647 Tracked 74988018
0.007689881 -0.1424868 1.923498 Tracked 74988059
0.02204015 -0.1287684 1.906315 Tracked 74988090
0.0303772 -0.1084261 1.890656 Tracked 74988124
0.03535916 -0.1008171 1.88312 Tracked 74988158
0.04204313 -0.08757048 1.869047 Tracked 74988185
0.04799945 -0.08270672 1.857456 Tracked 74988220
0.05572925 -0.0762414 1.843923 Tracked 74988253
0.05900837 -0.07564358 1.835874 Tracked 74988285
0.06611566 -0.07584765 1.821929 Tracked 74988320
0.06985123 -0.07570496 1.81142 Tracked 74988353
0.07507788 -0.07594134 1.802179 Tracked 74988383
0.07917106 -0.07720643 1.792873 Tracked 74988416
0.08190273 -0.07567216 1.78634 Tracked 74988449
0.08338263 -0.07547528 1.779832 Tracked 74988483
0.08418513 -0.07560582 1.775686 Tracked 74988516
0.08470567 -0.07547275 1.771475 Tracked 74988550
0.08502526 -0.07599745 1.767656 Tracked 74988582
0.08497436 -0.07653806 1.765042 Tracked 74988616
0.08472021 -0.07686652 1.763203 Tracked 74988649
0.08473885 -0.07686087 1.761038 Tracked 74988682
0.08470128 -0.07698467 1.759163 Tracked 74988716
0.08436867 -0.07708505 1.758292 Tracked 74988749
0.08430806 -0.0769726 1.758224 Tracked 74988783
0.08363319 -0.07662254 1.758742 Tracked 74988816
0.08270325 -0.07601762 1.759977 Tracked 74988850
0.08142407 -0.07491286 1.763045 Tracked 74988884
0.07911781 -0.07252344 1.768799 Tracked 74988917
0.07591101 -0.07022682 1.777448 Tracked 74988950
0.07183842 -0.06846901 1.788278 Tracked 74988983
0.06764583 -0.06776661 1.799514 Tracked 74989016
0.05904426 -0.0704134 1.816321 Tracked 74989054
0.05072899 -0.07473633 1.830635 Tracked 74989087
0.04363399 -0.07749382 1.845307 Tracked 74989121
0.03523765 -0.08640992 1.860746 Tracked 74989155
0.0251264 -0.102811 1.875929 Tracked 74989188
0.01791262 -0.121976 1.896011 Tracked 74989223
0.01041685 -0.1404874 1.910281 Tracked 74989250
0.002725475 -0.1684349 1.926708 Tracked 74989283
-0.003821901 -0.1861413 1.933781 Tracked 74989316
-0.02011229 -0.2005109 1.940562 Tracked 74989350
-0.03164178 -0.2124581 1.939223 Tracked 74989390
-0.03959638 -0.2222587 1.94049 Tracked 74989428
-0.04883302 -0.2330711 1.939277 Tracked 74989454
-0.05351597 -0.2389955 1.939255 Tracked 74989484
-0.07172609 -0.2480823 1.934628 Tracked 74989518
-0.07810076 -0.2457783 1.93564 Tracked 74989551
-0.07952213 -0.2448264 1.930218 Tracked 74989584
-0.08279217 -0.2432668 1.925231 Tracked 74989619
-0.08341116 -0.243289 1.923012 Tracked 74989653
-0.08455069 -0.2434273 1.921657 Tracked 74989685
-0.08514052 -0.2438459 1.919969 Tracked 74989719
-0.08614431 -0.2419107 1.918977 Tracked 74989751
-0.08702237 -0.2411866 1.918258 Tracked 74989784
-0.08640119 -0.2572075 1.907918 Tracked 74989819
-0.08692224 -0.2567315 1.907755 Tracked 74989852
-0.08217641 -0.2660361 1.912963 Tracked 74989883
-0.06926789 -0.2659138 1.923531 Tracked 74989916
-0.06220407 -0.2627268 1.926607 Tracked 74989949
-0.06010161 -0.2503124 1.932054 Tracked 74989987
-0.06659676 -0.2253726 1.935306 Tracked 74990022
-0.05435383 -0.2224425 1.936753 Tracked 74990056
-0.04032072 -0.2139902 1.936568 Tracked 74990087
-0.02593678 -0.2027969 1.93368 Tracked 74990117
-0.007613366 -0.1815405 1.930225 Tracked 74990150
0.005617195 -0.1626346 1.925582 Tracked 74990183
0.01395943 -0.1446571 1.915972 Tracked 74990216
0.01987324 -0.1294599 1.904163 Tracked 74990250
0.0260192 -0.1148709 1.88976 Tracked 74990286
0.0331128 -0.09478083 1.875916 Tracked 74990318
0.03790711 -0.08584958 1.864165 Tracked 74990350
0.04255518 -0.07934535 1.854326 Tracked 74990383
0.04854482 -0.07846982 1.845025 Tracked 74990416
0.05919129 -0.0710361 1.829486 Tracked 74990450
0.0639246 -0.06859433 1.821385 Tracked 74990483
0.0676006 -0.06812734 1.812415 Tracked 74990516
0.07072217 -0.0695653 1.803383 Tracked 74990550
0.07419518 -0.06987535 1.794835 Tracked 74990583
0.07691502 -0.07046645 1.787879 Tracked 74990621
0.07882701 -0.0707137 1.782391 Tracked 74990654
0.08054535 -0.0709215 1.777662 Tracked 74990686
0.08225408 -0.07089639 1.77381 Tracked 74990721
0.08291017 -0.07151467 1.770188 Tracked 74990750
