-0.08475886 0.5040457 2.023829 Tracked 68750166
-0.08475886 0.5040457 2.023829 Tracked 68750166
-0.08475886 0.5040457 2.023829 Tracked 68750167
-0.08458873 0.5038516 2.024026 Tracked 68750167
-0.08458844 0.5038491 2.024031 Tracked 68750192
-0.08454526 0.5038445 2.024056 Tracked 68750226
-0.08454514 0.5038475 2.024009 Tracked 68750258
-0.08887865 0.5063908 2.019571 Tracked 68750292
-0.08867746 0.5062241 2.019576 Tracked 68750325
-0.08843419 0.5061153 2.019425 Tracked 68750358
-0.0881381 0.5058852 2.018887 Tracked 68750392
-0.08964609 0.5062211 2.014874 Tracked 68750426
-0.09086322 0.5061169 2.010035 Tracked 68750458
-0.09205586 0.5056223 2.005867 Tracked 68750493
-0.09574753 0.503126 1.991663 Tracked 68750525
-0.1034296 0.4920338 1.958113 Tracked 68750558
-0.1037143 0.4897718 1.954365 Tracked 68750592
-0.1033194 0.4842212 1.947735 Tracked 68750625
-0.1020296 0.4410532 1.907795 Tracked 68750658
-0.1023254 0.4374597 1.905995 Tracked 68750692
-0.1053137 0.3867704 1.875584 Tracked 68750725
-0.104819 0.3792502 1.829036 Tracked 68750758
-0.1028053 0.3619771 1.824024 Tracked 68750792
-0.09580457 0.3060879 1.807052 Tracked 68750825
-0.10387 0.2705677 1.79418 Tracked 68750858
-0.1046278 0.228104 1.787153 Tracked 68750893
-0.1054797 0.1816682 1.778268 Tracked 68750925
-0.1058019 0.156174 1.771907 Tracked 68750957
-0.0846182 0.1256518 1.754066 Tracked 68750992
-0.08249611 0.1013747 1.763761 Tracked 68751030
-0.07795915 0.08746043 1.760888 Tracked 68751059
-0.07621957 0.08038834 1.757654 Tracked 68751094
-0.0745706 0.07545884 1.756396 Tracked 68751126
-0.0743569 0.07270335 1.756068 Tracked 68751159
-0.07789516 0.06991548 1.754831 Tracked 68751193
-0.07767973 0.07036708 1.754579 Tracked 68751225
-0.0755011 0.07022078 1.75493 Tracked 68751258
-0.08116094 0.07051487 1.753245 Tracked 68751293
-0.08134932 0.08226012 1.752346 Tracked 68751325
-0.06648948 0.1356468 1.76157 Tracked 68751358
-0.07401977 0.1461051 1.764013 Tracked 68751393
-0.08472277 0.1976984 1.780319 Tracked 68751425
-0.09589615 0.2200141 1.785767 Tracked 68751459
-0.1006544 0.2626623 1.793863 Tracked 68751492
-0.1008161 0.2953835 1.798914 Tracked 68751526
-0.1015006 0.340685 1.812351 Tracked 68751558
-0.09952479 0.357466 1.812585 Tracked 68751593
-0.1013701 0.3942129 1.82625 Tracked 68751626
-0.1002174 0.3867852 1.870018 Tracked 68751659
-0.09701468 0.4167388 1.886792 Tracked 68751692
-0.09654592 0.431574 1.894407 Tracked 68751725
-0.09634867 0.4336536 1.895431 Tracked 68751758
-0.09558201 0.4380163 1.898661 Tracked 68751793
-0.09483439 0.4542295 1.911311 Tracked 68751825
-0.09415254 0.4582803 1.914467 Tracked 68751858
-0.09339053 0.4703222 1.924821 Tracked 68751893
-0.09290938 0.4738427 1.927759 Tracked 68751925
-0.09235394 0.4768334 1.930802 Tracked 68751958
-0.09078136 0.4847754 1.939931 Tracked 68751994
-0.089897 0.4872825 1.943035 Tracked 68752025
-0.08926266 0.4888172 1.94545 Tracked 68752058
-0.08861588 0.4897994 1.947557 Tracked 68752093
-0.08823958 0.4904528 1.948729 Tracked 68752125
-0.08789058 0.4908825 1.949448 Tracked 68752158
-0.08743533 0.4913037 1.950111 Tracked 68752193
-0.08707732 0.4916037 1.95053 Tracked 68752226
-0.0868167 0.4918123 1.950654 Tracked 68752259
-0.08673036 0.4918827 1.950601 Tracked 68752293
-0.08659391 0.491932 1.950311 Tracked 68752325
-0.08648448 0.491747 1.949365 Tracked 68752358
-0.08664011 0.4910152 1.947036 Tracked 68752393
-0.08675671 0.4888411 1.943197 Tracked 68752426
-0.08689508 0.484113 1.936814 Tracked 68752459
-0.08690406 0.4758913 1.930086 Tracked 68752494
-0.08758038 0.4197996 1.880859 Tracked 68752527
-0.08628319 0.4222618 1.850167 Tracked 68752559
-0.08783938 0.373896 1.815528 Tracked 68752592
-0.09005813 0.3485098 1.810627 Tracked 68752625
-0.09277769 0.2899748 1.797537 Tracked 68752658
-0.0965566 0.2455416 1.792867 Tracked 68752692
-0.09825044 0.2056741 1.789248 Tracked 68752725
-0.09564514 0.1759256 1.783572 Tracked 68752758
-0.0947509 0.1291748 1.77676 Tracked 68752793
-0.09873191 0.102322 1.772976 Tracked 68752826
-0.04911906 0.09295688 1.790992 Tracked 68752859
-0.0497592 0.09097201 1.790612 Tracked 68752893
-0.04924386 0.08552532 1.793695 Tracked 68752925
-0.05026769 0.07759094 1.791348 Tracked 68752957
-0.06295072 0.06062875 1.785337 Tracked 68752992
-0.06425396 0.05982045 1.78534 Tracked 68753025
-0.07025759 0.05975187 1.792818 Tracked 68753058
-0.07138601 0.05934231 1.793837 Tracked 68753092
-0.09270658 0.07493691 1.785598 Tracked 68753124
-0.07150089 0.1279337 1.793518 Tracked 68753157
-0.08300909 0.1429269 1.799281 Tracked 68753193
-0.09729499 0.1915833 1.815607 Tracked 68753225
-0.09957565 0.2170285 1.823564 Tracked 68753258
-0.09974886 0.2605044 1.831193 Tracked 68753292
-0.09705032 0.3003878 1.838298 Tracked 68753325
-0.09599421 0.3411439 1.849608 Tracked 68753360
-0.09596556 0.3485163 1.849711 Tracked 68753393
-0.09545761 0.4019623 1.871785 Tracked 68753426
-0.09282957 0.40828 1.9234 Tracked 68753459
-0.09185379 0.4167539 1.927292 Tracked 68753493
-0.09276183 0.4404287 1.934577 Tracked 68753527
-0.09257565 0.4416787 1.935113 Tracked 68753558
-0.09215527 0.4447172 1.936611 Tracked 68753592
-0.09160512 0.4573878 1.944413 Tracked 68753625
-0.0914152 0.4612393 1.947012 Tracked 68753659
-0.0914984 0.4713827 1.956113 Tracked 68753692
-0.09147198 0.4747192 1.959314 Tracked 68753725
-0.09140101 0.4764231 1.961407 Tracked 68753758
-0.09149222 0.4777705 1.963118 Tracked 68753792
-0.0915492 0.4826859 1.969855 Tracked 68753825
-0.09161553 0.4849306 1.973231 Tracked 68753859
-0.09155282 0.4857555 1.974478 Tracked 68753892
-0.09177505 0.486495 1.975684 Tracked 68753925
-0.0920217 0.4869252 1.976419 Tracked 68753958
-0.09219802 0.4872136 1.976701 Tracked 68753994
-0.09231506 0.4872376 1.976709 Tracked 68754026
-0.09248038 0.4872297 1.976541 Tracked 68754079
-0.09291738 0.4870249 1.976123 Tracked 68754096
-0.09352446 0.4861219 1.97491 Tracked 68754126
-0.09449473 0.484036 1.972634 Tracked 68754159
-0.09544981 0.4790516 1.967936 Tracked 68754192
-0.09863465 0.4605764 1.95029 Tracked 68754225
-0.104528 0.4344214 1.880504 Tracked 68754258
-0.1044497 0.4255626 1.872358 Tracked 68754293
-0.1050099 0.3690408 1.837361 Tracked 68754326
-0.1061589 0.3507549 1.835523 Tracked 68754358
-0.1090885 0.2894498 1.817844 Tracked 68754392
-0.1080511 0.2539933 1.812178 Tracked 68754425
-0.1108458 0.2107868 1.806671 Tracked 68754458
-0.1089797 0.1719638 1.797104 Tracked 68754492
-0.1185245 0.1204695 1.80085 Tracked 68754527
-0.1498788 0.111201 1.796922 Tracked 68754559
-0.1598038 0.09490476 1.801527 Tracked 68754593
-0.1500638 0.06572469 1.786445 Tracked 68754625
-0.147119 0.05628707 1.785496 Tracked 68754658
-0.129393 0.03129051 1.787974 Tracked 68754692
-0.1288393 0.03060173 1.788913 Tracked 68754725
-0.1251277 0.02556263 1.789235 Tracked 68754758
-0.1234923 0.02634709 1.788355 Tracked 68754792
-0.1217751 0.03194271 1.787653 Tracked 68754825
-0.1244716 0.06433063 1.794973 Tracked 68754858
-0.1517342 0.1273327 1.800485 Tracked 68754895
-0.1110612 0.1697063 1.808103 Tracked 68754925
-0.1129853 0.2004228 1.816773 Tracked 68754958
-0.1120138 0.2459162 1.826887 Tracked 68754992
-0.113148 0.2903915 1.838108 Tracked 68755025
-0.1180875 0.3435366 1.851048 Tracked 68755058
-0.1169729 0.3617629 1.853063 Tracked 68755092
-0.1224317 0.4009105 1.869564 Tracked 68755126
-0.1256864 0.3955812 1.91475 Tracked 68755158
-0.1233704 0.4220305 1.935835 Tracked 68755193
-0.1218658 0.4267389 1.939176 Tracked 68755226
-0.1201451 0.4495294 1.951867 Tracked 68755259
-0.1222949 0.4615357 1.957743 Tracked 68755292
-0.1228318 0.4660507 1.960127 Tracked 68755325
-0.1228073 0.469234 1.961975 Tracked 68755358
-0.1229385 0.471895 1.964541 Tracked 68755391
-0.1229395 0.4735363 1.966174 Tracked 68755426
-0.1229371 0.4750775 1.967826 Tracked 68755459
-0.1229382 0.4760434 1.968882 Tracked 68755493
-0.1227761 0.4771819 1.970757 Tracked 68755525
-0.1220715 0.4807766 1.976945 Tracked 68755558
-0.1215888 0.4823927 1.980234 Tracked 68755592
-0.1215718 0.4832809 1.981804 Tracked 68755625
-0.1214479 0.48367 1.982356 Tracked 68755658
-0.121323 0.4838594 1.982553 Tracked 68755692
-0.1213028 0.4838984 1.98254 Tracked 68755725
-0.1212886 0.4838972 1.982334 Tracked 68755758
-0.1212163 0.4836453 1.981636 Tracked 68755792
-0.1208646 0.4820583 1.978915 Tracked 68755827
-0.1202943 0.4784741 1.974693 Tracked 68755859
-0.1181886 0.4629539 1.957233 Tracked 68755893
-0.1140818 0.4134092 1.913223 Tracked 68755925
-0.1130874 0.4179207 1.874577 Tracked 68755958
-0.1096656 0.3712241 1.840386 Tracked 68755993
-0.1110138 0.3453253 1.834783 Tracked 68756026
-0.1108594 0.2880547 1.818813 Tracked 68756059
-0.1121352 0.2460169 1.812062 Tracked 68756092
-0.1163414 0.194115 1.803544 Tracked 68756128
-0.1127511 0.1634247 1.796508 Tracked 68756159
-0.1310866 0.1239016 1.787247 Tracked 68756192
-0.1545283 0.1008967 1.792618 Tracked 68756224
-0.158874 0.08923367 1.79082 Tracked 68756258
-0.1420052 0.04539067 1.772832 Tracked 68756292
-0.1414042 0.04234645 1.775592 Tracked 68756325
-0.1263737 0.02367526 1.778553 Tracked 68756360
-0.1240761 0.02030131 1.778729 Tracked 68756394
-0.1234882 0.0199417 1.778893 Tracked 68756427
-0.1234649 0.02096814 1.777691 Tracked 68756459
-0.1156274 0.01324827 1.771949 Tracked 68756492
-0.1206968 0.02601912 1.784432 Tracked 68756525
-0.1191768 0.04462689 1.788988 Tracked 68756558
-0.1412801 0.1226101 1.774473 Tracked 68756593
-0.1477991 0.1728142 1.779995 Tracked 68756626
-0.09765404 0.20605 1.79538 Tracked 68756659
-0.1015028 0.2544675 1.81082 Tracked 68756693
-0.1077497 0.3055546 1.819448 Tracked 68756726
-0.1054144 0.3410989 1.831161 Tracked 68756759
-0.1047379 0.3655917 1.836608 Tracked 68756792
-0.1056015 0.4001967 1.854189 Tracked 68756825
-0.1065524 0.4098091 1.86256 Tracked 68756858
-0.1083104 0.4498691 1.892256 Tracked 68756892
-0.1077109 0.4407166 1.935189 Tracked 68756925
-0.1081029 0.4455021 1.939423 Tracked 68756959
-0.1082042 0.4454115 1.939461 Tracked 68756994
-0.1086355 0.4629758 1.95429 Tracked 68757026
-0.1088296 0.4626231 1.954164 Tracked 68757059
-0.1088884 0.462473 1.954415 Tracked 68757092
-0.1093386 0.4650586 1.959651 Tracked 68757129
-0.1095882 0.466585 1.962819 Tracked 68757158
-0.1096371 0.4677432 1.965273 Tracked 68757192
-0.109646 0.468537 1.967007 Tracked 68757225
-0.109743 0.4692124 1.968134 Tracked 68757259
-0.1098355 0.4695471 1.968795 Tracked 68757292
-0.1099072 0.4698398 1.969377 Tracked 68757325
-0.109997 0.4699945 1.969599 Tracked 68757358
-0.1100099 0.4700035 1.969617 Tracked 68757393
-0.1100848 0.4698636 1.969355 Tracked 68757427
-0.1101545 0.4691388 1.968405 Tracked 68757459
-0.1102845 0.4669903 1.965782 Tracked 68757492
-0.1098432 0.4620039 1.960784 Tracked 68757525
-0.1073252 0.4674445 1.901037 Tracked 68757559
-0.1065286 0.4300515 1.873657 Tracked 68757593
-0.1060412 0.4205214 1.865448 Tracked 68757626
-0.1045491 0.3731762 1.843694 Tracked 68757660
-0.1064654 0.3385266 1.828799 Tracked 68757692
-0.1074544 0.284917 1.813755 Tracked 68757725
-0.1060225 0.2457447 1.810298 Tracked 68757758
-0.1202608 0.1919019 1.794238 Tracked 68757792
-0.1181896 0.147243 1.785689 Tracked 68757825
-0.1356533 0.1239101 1.773701 Tracked 68757859
-0.142346 0.05853071 1.795325 Tracked 68757892
-0.1417367 0.04074375 1.769599 Tracked 68757925
-0.1344007 0.01237052 1.771828 Tracked 68757958
-0.132754 0.008340614 1.773075 Tracked 68757992
-0.1332254 0.002792074 1.773185 Tracked 68758025
-0.1334693 0.002436856 1.773251 Tracked 68758059
-0.133399 0.002400195 1.773295 Tracked 68758092
-0.1307419 0.003615221 1.773514 Tracked 68758126
-0.1347532 0.0239453 1.802391 Tracked 68758159
-0.1304231 0.03465479 1.797684 Tracked 68758193
-0.1302482 0.06330734 1.79486 Tracked 68758226
-0.12815 0.09390292 1.790416 Tracked 68758260
-0.1136347 0.1498716 1.789518 Tracked 68758292
-0.08945595 0.1889418 1.796285 Tracked 68758325
-0.1079391 0.237741 1.807802 Tracked 68758358
-0.1150994 0.2837222 1.822162 Tracked 68758393
-0.1120142 0.3222913 1.829983 Tracked 68758425
-0.1103269 0.3629798 1.844279 Tracked 68758459
-0.1096774 0.3796451 1.847798 Tracked 68758493
-0.1116794 0.4089533 1.86113 Tracked 68758525
-0.1117321 0.4125373 1.863413 Tracked 68758558
-0.1150229 0.450566 1.890598 Tracked 68758593
-0.1139705 0.4194523 1.916956 Tracked 68758626
-0.1137611 0.4422836 1.929773 Tracked 68758659
-0.1136622 0.441802 1.929581 Tracked 68758692
-0.1134902 0.4433249 1.93037 Tracked 68758726
-0.1133958 0.4452911 1.931524 Tracked 68758758
-0.1133952 0.4468234 1.932694 Tracked 68758792
-0.1132012 0.4481407 1.933641 Tracked 68758825
-0.1131635 0.449157 1.934491 Tracked 68758858
-0.1132387 0.449778 1.934934 Tracked 68758892
-0.113105 0.4502589 1.935238 Tracked 68758925
-0.1129129 0.4504798 1.935426 Tracked 68758959
-0.1128333 0.4505749 1.935476 Tracked 68758993
-0.1127739 0.450478 1.935389 Tracked 68759025
-0.1126786 0.4498344 1.935085 Tracked 68759058
-0.1124149 0.4627396 1.895884 Tracked 68759093
-0.1117457 0.4601542 1.890542 Tracked 68759126
-0.1101526 0.4296429 1.860921 Tracked 68759158
-0.1088481 0.4199951 1.852515 Tracked 68759196
-0.1080642 0.3801352 1.836641 Tracked 68759227
-0.108558 0.345999 1.81935 Tracked 68759259
-0.1071841 0.3013292 1.803666 Tracked 68759293
-0.1043783 0.2693107 1.798591 Tracked 68759327
-0.1142669 0.2161947 1.7877 Tracked 68759358
-0.1097356 0.1790964 1.784203 Tracked 68759392
-0.08600216 0.1234828 1.766755 Tracked 68759425
-0.06393138 0.1159015 1.778711 Tracked 68759458
-0.05654466 0.09609295 1.780697 Tracked 68759492
-0.05505052 0.05448175 1.770124 Tracked 68759526
-0.05417515 0.03955359 1.770795 Tracked 68759559
-0.0680192 0.1327938 1.805161 Tracked 68759592
-0.06137162 -0.03485277 1.85742 Tracked 68759626
-0.06141198 -0.03411651 1.856956 Tracked 68759658
-0.06485748 -0.03304546 1.855768 Tracked 68759692
-0.06736325 -0.04380723 1.857839 Tracked 68759726
-0.05364327 -0.2146397 2.207802 Tracked 68759758
-0.0546759 -0.2145417 2.209251 Tracked 68759792
-0.04313112 0.07906554 1.756336 Tracked 68759825
-0.04447927 0.1100056 1.754909 Tracked 68759859
-0.07076289 0.1275725 1.760819 Tracked 68759893
-0.08733897 0.179336 1.772193 Tracked 68759925
-0.09961627 0.2167967 1.785043 Tracked 68759958
-0.1090696 0.2804666 1.800089 Tracked 68759992
-0.1089479 0.3199179 1.812311 Tracked 68760025
-0.1083676 0.3573231 1.824903 Tracked 68760058
-0.1069146 0.3710434 1.826842 Tracked 68760092
-0.1048531 0.3897176 1.836259 Tracked 68760127
-0.1015403 0.4273265 1.859782 Tracked 68760158
-0.1033739 0.4153746 1.905417 Tracked 68760195
-0.102329 0.4502898 1.890754 Tracked 68760226
-0.1017946 0.4383125 1.901524 Tracked 68760258
-0.1020036 0.4404761 1.909299 Tracked 68760292
-0.1019126 0.4422279 1.912602 Tracked 68760325
-0.1026113 0.4496667 1.921444 Tracked 68760359
-0.1022656 0.4523438 1.925069 Tracked 68760393
-0.1022157 0.4541642 1.92752 Tracked 68760425
-0.1021847 0.4557701 1.929446 Tracked 68760458
-0.1021712 0.456725 1.930712 Tracked 68760493
-0.1022108 0.4576224 1.932289 Tracked 68760525
-0.1024496 0.4618449 1.938529 Tracked 68760559
-0.1025273 0.4631136 1.940316 Tracked 68760592
-0.102777 0.4639525 1.941334 Tracked 68760625
-0.1029629 0.4640757 1.941718 Tracked 68760658
-0.1029629 0.4641026 1.941807 Tracked 68760693
-0.1029249 0.4638451 1.941779 Tracked 68760726
-0.1028996 0.4625041 1.941307 Tracked 68760759
-0.1007814 0.469275 1.895245 Tracked 68760792
-0.1016261 0.4451727 1.875979 Tracked 68760825
-0.1010022 0.4223932 1.859614 Tracked 68760858
-0.1008359 0.4138384 1.851608 Tracked 68760893
-0.1010476 0.3573496 1.830063 Tracked 68760926
-0.1028154 0.3236347 1.819147 Tracked 68760959
-0.1019708 0.2703365 1.807265 Tracked 68760993
-0.1045475 0.2370697 1.801473 Tracked 68761026
-0.1068856 0.1844477 1.796844 Tracked 68761058
-0.114627 0.1391504 1.784391 Tracked 68761092
-0.1262941 0.1206016 1.779969 Tracked 68761125
-0.1332465 0.1033773 1.773904 Tracked 68761158
-0.1297614 0.0491143 1.770847 Tracked 68761195
-0.1091995 0.02189008 1.785661 Tracked 68761226
-0.1116073 0.01577546 1.785448 Tracked 68761259
-0.06323034 0.001152081 1.793501 Tracked 68761293
-0.06311499 0.001055424 1.793363 Tracked 68761325
-0.06825785 0.00392274 1.794933 Tracked 68761358
-0.07233198 0.00507124 1.797715 Tracked 68761392
-0.05100935 0.05359619 1.821059 Tracked 68761425
-0.05487807 0.06975892 1.806352 Tracked 68761458
-0.04829192 0.1153487 1.805256 Tracked 68761492
-0.04902532 0.1586391 1.796313 Tracked 68761525
-0.1013841 0.1819887 1.803341 Tracked 68761558
-0.1060592 0.2116801 1.809626 Tracked 68761593
-0.1033543 0.2687465 1.822163 Tracked 68761627
-0.1062653 0.3146431 1.833952 Tracked 68761659
-0.1063913 0.3490151 1.844513 Tracked 68761693
-0.1052549 0.3709494 1.848161 Tracked 68761726
-0.1042237 0.4056425 1.867222 Tracked 68761759
-0.1040573 0.4243424 1.880505 Tracked 68761793
-0.1016639 0.4435596 1.897534 Tracked 68761826
-0.1005274 0.4352518 1.940031 Tracked 68761859
-0.1002624 0.4355797 1.939943 Tracked 68761892
-0.1027899 0.4538932 1.945341 Tracked 68761925
-0.1027159 0.453327 1.944682 Tracked 68761959
-0.1028376 0.4550261 1.945683 Tracked 68761993
-0.1026807 0.4568602 1.947086 Tracked 68762026
-0.1024828 0.4585165 1.948456 Tracked 68762058
-0.1010228 0.4723897 1.963485 Tracked 68762092
-0.1010291 0.4724282 1.963529 Tracked 68762125
-0.101061 0.4725075 1.963675 Tracked 68762157
-0.1010457 0.4725952 1.963856 Tracked 68762195
-0.101093 0.4726633 1.963974 Tracked 68762226
-0.1010761 0.4726778 1.964077 Tracked 68762258
-0.1010349 0.4739486 1.965399 Tracked 68762293
-0.1010598 0.4738578 1.965378 Tracked 68762324
-0.1011491 0.4732991 1.96506 Tracked 68762359
-0.1010771 0.4714759 1.963923 Tracked 68762393
-0.1011619 0.4676615 1.961945 Tracked 68762426
-0.09878028 0.469942 1.911965 Tracked 68762459
-0.09656724 0.435477 1.887484 Tracked 68762493
-0.09685764 0.4121335 1.873625 Tracked 68762525
-0.09632634 0.3871932 1.865553 Tracked 68762559
-0.09561478 0.3357787 1.847077 Tracked 68762593
-0.09569278 0.2964609 1.83836 Tracked 68762625
-0.1000028 0.2520742 1.824694 Tracked 68762660
-0.09875748 0.2027245 1.823655 Tracked 68762693
-0.09421676 0.1620756 1.815793 Tracked 68762726
-0.1009173 0.1139062 1.807714 Tracked 68762760
-0.1122454 0.09792401 1.803421 Tracked 68762794
-0.1174034 0.06402237 1.795241 Tracked 68762826
-0.1132492 0.04244837 1.795176 Tracked 68762858
-0.1119215 0.02751754 1.797435 Tracked 68762892
-0.1092183 0.01802736 1.799686 Tracked 68762925
-0.1087111 0.01431173 1.802952 Tracked 68762959
-0.1566745 -0.08830745 1.982864 Tracked 68762993
-0.1099009 0.01043454 1.799283 Tracked 68763026
-0.1107137 0.02382015 1.798929 Tracked 68763059
-0.1302038 0.0864398 1.796532 Tracked 68763092
-0.1280388 0.101589 1.798956 Tracked 68763125
-0.07230269 0.1320154 1.819671 Tracked 68763158
-0.08325427 0.1785766 1.82358 Tracked 68763194
-0.08505405 0.208138 1.825443 Tracked 68763226
-0.08297513 0.2629049 1.83596 Tracked 68763258
-0.08617799 0.3102205 1.846028 Tracked 68763293
-0.08492351 0.3416948 1.856404 Tracked 68763326
-0.08527145 0.3702378 1.861766 Tracked 68763359
-0.08757291 0.4075679 1.882741 Tracked 68763393
-0.08731113 0.4234476 1.896475 Tracked 68763425
-0.08897503 0.4046272 1.943683 Tracked 68763459
-0.08573848 0.4659402 1.935455 Tracked 68763494
-0.08611604 0.4574694 1.958708 Tracked 68763525
-0.08695232 0.4598239 1.96146 Tracked 68763558
-0.08715452 0.4596685 1.962113 Tracked 68763592
-0.08733019 0.4596902 1.962798 Tracked 68763625
-0.08753607 0.4600424 1.963882 Tracked 68763658
-0.08773827 0.4644397 1.970206 Tracked 68763693
-0.08801609 0.4665878 1.973867 Tracked 68763726
-0.08848137 0.4680502 1.976326 Tracked 68763758
-0.08858585 0.4689062 1.97774 Tracked 68763792
-0.08880667 0.4696436 1.978981 Tracked 68763825
-0.08897737 0.4700463 1.979663 Tracked 68763858
-0.08958392 0.4772856 1.988972 Tracked 68763893
-0.08967911 0.4766021 1.988073 Tracked 68763925
-0.08992726 0.4760288 1.987122 Tracked 68763959
-0.09026987 0.4750292 1.985853 Tracked 68763992
-0.09033641 0.4734846 1.984027 Tracked 68764025
-0.09092871 0.4704699 1.981126 Tracked 68764058
-0.09153172 0.4653178 1.976962 Tracked 68764092
-0.09492514 0.4529195 1.911453 Tracked 68764126
-0.09526379 0.4483851 1.908075 Tracked 68764159
-0.09576104 0.4004503 1.872774 Tracked 68764194
-0.09691283 0.3859712 1.870448 Tracked 68764225
-0.1002122 0.3331819 1.857975 Tracked 68764257
-0.1013646 0.2914067 1.838292 Tracked 68764292
-0.1051833 0.2460518 1.828556 Tracked 68764325
-0.1036989 0.2004222 1.818971 Tracked 68764359
-0.1021002 0.1621889 1.80935 Tracked 68764392
-0.1033452 0.1063077 1.796498 Tracked 68764425
-0.1258383 0.08259884 1.798904 Tracked 68764458
-0.1342518 0.0617341 1.799517 Tracked 68764493
-0.1279409 0.03946587 1.789246 Tracked 68764526
-0.1198243 0.02335788 1.790815 Tracked 68764560
-0.1183984 0.018222 1.791796 Tracked 68764593
-0.1182608 0.01783752 1.791819 Tracked 68764625
-0.1190632 0.01891171 1.792151 Tracked 68764658
-0.1263305 0.03285498 1.797609 Tracked 68764692
-0.1276953 0.03483887 1.798255 Tracked 68764725
-0.1416287 0.08460117 1.795289 Tracked 68764758
-0.1356911 0.1043751 1.789993 Tracked 68764792
-0.1088307 0.1435107 1.799882 Tracked 68764825
-0.0909819 0.1874631 1.813744 Tracked 68764859
-0.09376848 0.2334178 1.821117 Tracked 68764893
-0.09546828 0.274736 1.829408 Tracked 68764925
-0.09243079 0.3214885 1.836862 Tracked 68764958
-0.0909413 0.3615299 1.84931 Tracked 68764992
-0.0895216 0.3826044 1.852678 Tracked 68765025
-0.09048079 0.4220732 1.87295 Tracked 68765059
-0.0915288 0.4142529 1.911746 Tracked 68765092
-0.08641773 0.4431367 1.93614 Tracked 68765125
-0.08647068 0.4478504 1.938826 Tracked 68765158
-0.08634838 0.4527857 1.94174 Tracked 68765194
-0.08675991 0.4578329 1.945112 Tracked 68765225
-0.08809696 0.4698817 1.955219 Tracked 68765257
-0.08832353 0.4735728 1.958592 Tracked 68765292
-0.08859653 0.4822736 1.967882 Tracked 68765325
-0.08869786 0.4851657 1.971487 Tracked 68765358
-0.08851175 0.4868296 1.974045 Tracked 68765393
-0.08831612 0.4881313 1.976004 Tracked 68765425
-0.08833832 0.4890164 1.97762 Tracked 68765458
-0.08813831 0.4929906 1.985174 Tracked 68765492
-0.08821785 0.4940923 1.987163 Tracked 68765524
-0.08832229 0.4948145 1.9885 Tracked 68765557
-0.08855414 0.495402 1.989641 Tracked 68765593
