-0.02802721 -0.1144575 1.76101 Tracked 76602421
-0.02802721 -0.1144575 1.76101 Tracked 76602421
-0.02802721 -0.1144575 1.76101 Tracked 76602421
-0.02802721 -0.1144575 1.76101 Tracked 76602421
-0.02802721 -0.1144575 1.76101 Tracked 76602421
-0.02795232 -0.1145136 1.760837 Tracked 76602421
-0.02796378 -0.1145228 1.760834 Tracked 76602452
-0.02800144 -0.1145461 1.760775 Tracked 76602485
-0.02793975 -0.1146276 1.760545 Tracked 76602523
-0.02797145 -0.1146531 1.760467 Tracked 76602557
-0.02796008 -0.1146653 1.760484 Tracked 76602589
-0.02798973 -0.1146585 1.760461 Tracked 76602624
-0.02798809 -0.114622 1.760476 Tracked 76602658
-0.02797606 -0.1145591 1.760514 Tracked 76602690
-0.02787908 -0.1143482 1.760732 Tracked 76602719
-0.02776917 -0.1141146 1.760944 Tracked 76602752
-0.027773 -0.113649 1.761624 Tracked 76602789
-0.02758069 -0.1133282 1.762155 Tracked 76602825
-0.02744886 -0.1128928 1.762883 Tracked 76602861
-0.02737413 -0.1123704 1.764041 Tracked 76602888
-0.02740948 -0.1120303 1.764472 Tracked 76602919
-0.02742004 -0.1118398 1.764678 Tracked 76602952
-0.02733172 -0.1116106 1.765122 Tracked 76602985
-0.02736871 -0.1111564 1.765831 Tracked 76603019
-0.02727476 -0.1106075 1.766453 Tracked 76603051
-0.02718308 -0.1097517 1.767547 Tracked 76603085
-0.02731866 -0.1091672 1.768387 Tracked 76603119
-0.02702439 -0.1080286 1.770247 Tracked 76603152
-0.02742056 -0.1069749 1.773503 Tracked 76603185
-0.02708768 -0.1053531 1.777342 Tracked 76603218
-0.02736447 -0.1038935 1.783365 Tracked 76603251
-0.02820706 -0.1020805 1.794378 Tracked 76603289
-0.02983152 -0.1012163 1.80967 Tracked 76603323
-0.03142549 -0.102119 1.825286 Tracked 76603355
-0.03283513 -0.1074852 1.844976 Tracked 76603385
-0.03560544 -0.1185169 1.868415 Tracked 76603419
-0.03747648 -0.1298319 1.889771 Tracked 76603452
-0.04013121 -0.1462328 1.913423 Tracked 76603484
-0.04993511 -0.1144172 2.029699 Tracked 76603519
-0.05127887 -0.1322475 2.036286 Tracked 76603551
-0.0513748 -0.1333579 2.041863 Tracked 76603585
-0.05150605 -0.1336919 2.058164 Tracked 76603619
-0.05342005 -0.1340131 2.068545 Tracked 76603651
-0.05498865 -0.1557647 2.082311 Tracked 76603685
-0.05169298 -0.171641 2.088136 Tracked 76603718
-0.05015709 -0.1804953 2.093168 Tracked 76603752
-0.05276662 -0.1911239 2.100468 Tracked 76603784
-0.05757577 -0.1912398 2.106256 Tracked 76603818
-0.05930051 -0.1920027 2.108854 Tracked 76603852
-0.06110545 -0.188463 2.110819 Tracked 76603884
-0.06107003 -0.1892947 2.111399 Tracked 76603918
-0.06500154 -0.1948674 2.112412 Tracked 76603951
-0.05185538 -0.3136472 2.087574 Tracked 76603984
-0.04671277 -0.3129668 2.083417 Tracked 76604018
-0.04722637 -0.3072436 2.079338 Tracked 76604051
-0.04509075 -0.2900775 2.074222 Tracked 76604084
-0.04495327 -0.2702507 2.068029 Tracked 76604118
-0.04356312 -0.2544072 2.063186 Tracked 76604152
-0.04249689 -0.2406281 2.055888 Tracked 76604185
-0.04051173 -0.2264225 2.047922 Tracked 76604218
-0.03964036 -0.2136234 2.038751 Tracked 76604252
-0.03851711 -0.2010031 2.028012 Tracked 76604285
-0.03790906 -0.1890246 2.015265 Tracked 76604319
-0.03871045 -0.1824036 1.9894 Tracked 76604351
-0.0382661 -0.1808617 1.92384 Tracked 76604385
-0.03535041 -0.1289847 1.935873 Tracked 76604418
-0.03411553 -0.1471204 1.933694 Tracked 76604452
-0.03340518 -0.1505858 1.928478 Tracked 76604485
-0.03247102 -0.1523667 1.918279 Tracked 76604519
-0.03002864 -0.1520748 1.899579 Tracked 76604552
-0.02877561 -0.1484156 1.88192 Tracked 76604585
-0.02796835 -0.15105 1.810699 Tracked 76604619
-0.01883618 -0.1035492 1.796589 Tracked 76604654
-0.01836407 -0.1046031 1.794753 Tracked 76604688
-0.01774046 -0.1070244 1.789021 Tracked 76604721
-0.01722567 -0.11015 1.781427 Tracked 76604755
-0.01788317 -0.1117396 1.777977 Tracked 76604788
-0.01827825 -0.1135884 1.772822 Tracked 76604821
-0.01845883 -0.1146452 1.769775 Tracked 76604853
-0.01885641 -0.1153277 1.767664 Tracked 76604884
-0.0189369 -0.115621 1.766258 Tracked 76604918
-0.01910723 -0.1156464 1.765163 Tracked 76604952
-0.01913211 -0.11574 1.764781 Tracked 76604985
-0.0191334 -0.1157547 1.764748 Tracked 76605018
-0.01906805 -0.1156064 1.76491 Tracked 76605051
-0.01895908 -0.1144309 1.767023 Tracked 76605084
-0.01868967 -0.1119036 1.771675 Tracked 76605118
-0.01919304 -0.1063911 1.780891 Tracked 76605151
-0.02065383 -0.1020895 1.791979 Tracked 76605184
-0.02297604 -0.09978922 1.803549 Tracked 76605219
-0.02613686 -0.09936471 1.817966 Tracked 76605251
-0.03016704 -0.1042451 1.838182 Tracked 76605285
-0.03314973 -0.112466 1.857769 Tracked 76605319
-0.03402895 -0.1196293 1.870897 Tracked 76605351
-0.03780529 -0.1370193 1.895432 Tracked 76605384
-0.03956248 -0.1123125 1.996106 Tracked 76605418
-0.0415292 -0.1298326 2.004491 Tracked 76605452
-0.04074912 -0.1306529 2.009494 Tracked 76605484
-0.04051371 -0.1377566 2.019887 Tracked 76605518
-0.04181062 -0.1440825 2.031203 Tracked 76605551
-0.04654774 -0.1936997 2.041348 Tracked 76605584
-0.04385272 -0.1965869 2.045147 Tracked 76605618
-0.04590055 -0.2062881 2.051648 Tracked 76605652
-0.04573102 -0.2113943 2.057667 Tracked 76605685
-0.04600488 -0.2116833 2.061727 Tracked 76605718
-0.05049431 -0.1907825 2.075262 Tracked 76605751
-0.04368357 -0.1866282 2.079408 Tracked 76605784
-0.0423272 -0.2563221 2.069562 Tracked 76605818
-0.05539492 -0.1671892 2.086328 Tracked 76605851
-0.04775149 -0.4251047 2.063834 Tracked 76605885
0.09010799 -0.4021199 2.043751 Tracked 76605918
0.08974753 -0.3990155 2.045897 Tracked 76605950
-0.03765481 -0.367348 2.071807 Tracked 76605984
-0.038075 -0.3691641 2.071579 Tracked 76606019
-0.02366795 -0.374636 2.060091 Tracked 76606051
-0.01916323 -0.3754566 2.051021 Tracked 76606085
-0.01518265 -0.3755873 2.015404 Tracked 76606118
-0.01022162 -0.3763618 1.998598 Tracked 76606151
-0.04308527 -0.3189646 1.995047 Tracked 76606185
-0.04557813 -0.3015731 1.991647 Tracked 76606218
-0.04195639 -0.2088172 2.012684 Tracked 76606251
-0.04232339 -0.1972061 2.01029 Tracked 76606286
-0.04044461 -0.1763491 1.998239 Tracked 76606318
-0.03868934 -0.1736354 1.931786 Tracked 76606351
-0.03714057 -0.1374435 1.906145 Tracked 76606385
-0.03750787 -0.1260725 1.913032 Tracked 76606418
-0.03922007 -0.1363553 1.915363 Tracked 76606452
-0.03864038 -0.1401071 1.910984 Tracked 76606485
-0.03795262 -0.141593 1.900321 Tracked 76606519
-0.03922927 -0.1438621 1.884229 Tracked 76606552
-0.03999534 -0.1436801 1.869397 Tracked 76606589
-0.03721285 -0.1557301 1.794275 Tracked 76606623
-0.02536632 -0.1035557 1.778791 Tracked 76606656
-0.02639803 -0.1047579 1.776566 Tracked 76606689
-0.02747132 -0.1085548 1.769986 Tracked 76606721
-0.028107 -0.1114431 1.762967 Tracked 76606753
-0.0283154 -0.1141845 1.757569 Tracked 76606785
-0.02832205 -0.1160237 1.753946 Tracked 76606819
-0.02810302 -0.1177523 1.750378 Tracked 76606852
-0.02760039 -0.1186365 1.747574 Tracked 76606885
-0.02762318 -0.1191701 1.74613 Tracked 76606918
-0.02746663 -0.1197496 1.745164 Tracked 76606952
-0.02745177 -0.1203907 1.744483 Tracked 76606985
-0.02740559 -0.120628 1.744388 Tracked 76607018
-0.02742772 -0.120669 1.744434 Tracked 76607051
-0.02752439 -0.1204531 1.745056 Tracked 76607084
-0.02717092 -0.1199455 1.746084 Tracked 76607118
-0.02684333 -0.1182362 1.749254 Tracked 76607151
-0.02817703 -0.1164436 1.756583 Tracked 76607185
-0.0287908 -0.1107378 1.765667 Tracked 76607218
-0.03009083 -0.1059689 1.778957 Tracked 76607251
-0.03180639 -0.1010216 1.791454 Tracked 76607285
-0.03445386 -0.09699526 1.81011 Tracked 76607318
-0.03686938 -0.1009488 1.831615 Tracked 76607352
-0.0363043 -0.1065985 1.852523 Tracked 76607385
-0.03763454 -0.1186937 1.875306 Tracked 76607419
-0.03869189 -0.132884 1.895345 Tracked 76607452
-0.03730751 -0.1164181 1.999883 Tracked 76607485
-0.03824308 -0.1220774 2.007651 Tracked 76607518
-0.03742288 -0.1339113 2.017505 Tracked 76607554
-0.03805772 -0.1401471 2.034963 Tracked 76607587
-0.03966085 -0.1764352 2.053811 Tracked 76607619
-0.03901881 -0.1792824 2.058674 Tracked 76607652
-0.04609449 -0.1875643 2.069506 Tracked 76607685
-0.05684265 -0.219286 2.087197 Tracked 76607719
-0.06341007 -0.2317059 2.093362 Tracked 76607752
-0.05317688 -0.265106 2.107401 Tracked 76607786
-0.0531498 -0.2677572 2.105947 Tracked 76607819
-0.04704248 -0.2637219 2.102357 Tracked 76607853
-0.04730382 -0.2643615 2.101175 Tracked 76607886
-0.03336782 -0.433168 2.048412 Tracked 76607918
-0.02734563 -0.3813918 2.077718 Tracked 76607951
-0.02468737 -0.3927714 2.067423 Tracked 76607985
-0.06010754 -0.3748735 2.0726 Tracked 76608019
-0.05193118 -0.3178021 2.107253 Tracked 76608051
-0.05028057 -0.3448786 2.090835 Tracked 76608085
-0.05014715 -0.3470599 2.0899 Tracked 76608119
-0.05074824 -0.3499716 2.082433 Tracked 76608151
-0.05065793 -0.3517808 2.073157 Tracked 76608184
-0.05154229 -0.3494613 2.057412 Tracked 76608218
-0.05097886 -0.3435172 2.028813 Tracked 76608252
-0.05050133 -0.3393306 1.990995 Tracked 76608284
-0.05076092 -0.3289392 1.980429 Tracked 76608318
-0.07117477 -0.2657577 1.970321 Tracked 76608351
-0.04633093 -0.1864248 2.023894 Tracked 76608385
-0.0450699 -0.1788633 2.018399 Tracked 76608419
-0.04661896 -0.1691128 2.009953 Tracked 76608451
-0.04576752 -0.1685857 1.930426 Tracked 76608484
-0.04318897 -0.1203494 1.940673 Tracked 76608518
-0.04476837 -0.1365781 1.936755 Tracked 76608552
-0.04519741 -0.1437582 1.929645 Tracked 76608585
-0.04564046 -0.1478611 1.911456 Tracked 76608619
-0.04307175 -0.1473315 1.888882 Tracked 76608652
-0.03884935 -0.1446987 1.814084 Tracked 76608685
-0.03010567 -0.114197 1.801953 Tracked 76608719
-0.03052624 -0.1130411 1.797314 Tracked 76608751
-0.02995826 -0.115561 1.788335 Tracked 76608784
-0.0295617 -0.1172504 1.780181 Tracked 76608818
-0.02876426 -0.1193057 1.773776 Tracked 76608851
-0.02832678 -0.1198732 1.770057 Tracked 76608884
-0.02776067 -0.1199806 1.766993 Tracked 76608918
-0.02738866 -0.1199305 1.765435 Tracked 76608951
-0.0273316 -0.119873 1.765358 Tracked 76608984
-0.02716955 -0.1195611 1.765787 Tracked 76609018
-0.02664265 -0.1183047 1.768889 Tracked 76609051
-0.02569924 -0.1140383 1.777027 Tracked 76609084
-0.02727761 -0.1077473 1.790528 Tracked 76609118
-0.0287266 -0.1048841 1.801545 Tracked 76609152
-0.03089023 -0.1024558 1.818746 Tracked 76609185
-0.03323525 -0.1021611 1.8355 Tracked 76609219
-0.0358212 -0.1093377 1.857038 Tracked 76609252
-0.03915199 -0.119085 1.876821 Tracked 76609285
-0.04217805 -0.1324299 1.900627 Tracked 76609319
-0.04963294 -0.09868182 2.009317 Tracked 76609351
-0.05158418 -0.1065176 2.015766 Tracked 76609385
-0.05295503 -0.1107256 2.024395 Tracked 76609418
-0.0561146 -0.122696 2.038211 Tracked 76609451
-0.06131983 -0.1780767 2.048717 Tracked 76609484
-0.059252 -0.1838054 2.052328 Tracked 76609518
-0.06401036 -0.2114853 2.058421 Tracked 76609552
-0.06164378 -0.212164 2.062669 Tracked 76609585
-0.05908451 -0.20714 2.071098 Tracked 76609618
-0.06739942 -0.1856062 2.080568 Tracked 76609652
-0.0623035 -0.1948219 2.09045 Tracked 76609684
-0.07420941 -0.2269954 2.088778 Tracked 76609718
-0.1684763 -0.2000522 2.06476 Tracked 76609752
-0.0503315 -0.4236719 2.094309 Tracked 76609785
0.1693165 -0.4129949 2.078469 Tracked 76609819
0.09833616 -0.429129 2.089732 Tracked 76609852
-0.029496 -0.7523441 2.060196 Tracked 76609890
0.09440549 -0.4125211 2.069292 Tracked 76609920
0.0784433 -0.412492 2.066026 Tracked 76609953
-0.01236108 -0.4931869 2.032569 Tracked 76609986
-0.01054798 -0.3786812 2.086327 Tracked 76610019
0.008905732 -0.4112568 2.016631 Tracked 76610052
0.009992376 -0.4178999 1.9809 Tracked 76610086
0.01129316 -0.4137807 1.97438 Tracked 76610120
0.02085287 -0.3247479 1.983302 Tracked 76610152
-0.04104609 -0.2310385 2.031065 Tracked 76610185
-0.04176473 -0.2217209 2.025632 Tracked 76610220
-0.042235 -0.2012611 2.016272 Tracked 76610253
-0.04340579 -0.18061 2.007104 Tracked 76610286
-0.04396398 -0.1637939 2.000957 Tracked 76610319
-0.04627782 -0.1686512 1.917787 Tracked 76610352
-0.04609704 -0.1204801 1.928681 Tracked 76610386
-0.04986133 -0.1353457 1.926513 Tracked 76610419
-0.0515705 -0.1413128 1.921365 Tracked 76610452
-0.0537361 -0.1449804 1.910623 Tracked 76610486
-0.05377289 -0.1466345 1.895449 Tracked 76610521
-0.0521974 -0.145878 1.879996 Tracked 76610553
-0.04405727 -0.145048 1.806471 Tracked 76610586
-0.04203898 -0.1061395 1.79486 Tracked 76610619
-0.04184061 -0.1057027 1.79293 Tracked 76610652
-0.04212195 -0.1055493 1.790328 Tracked 76610685
-0.0422599 -0.1062467 1.785567 Tracked 76610719
-0.04188549 -0.1062265 1.782051 Tracked 76610753
-0.04152031 -0.1065038 1.77975 Tracked 76610786
-0.041488 -0.1069155 1.777951 Tracked 76610819
-0.04164125 -0.1069553 1.776796 Tracked 76610852
-0.04157281 -0.1070275 1.775971 Tracked 76610885
-0.04146484 -0.1070345 1.775818 Tracked 76610919
-0.04139753 -0.1068437 1.775801 Tracked 76610952
-0.04118468 -0.1063434 1.776462 Tracked 76610985
-0.04104149 -0.1051377 1.778981 Tracked 76611019
-0.04145632 -0.1029007 1.785782 Tracked 76611052
-0.04309156 -0.09954791 1.797051 Tracked 76611085
-0.04475337 -0.09782439 1.80971 Tracked 76611118
-0.04724731 -0.09783067 1.824173 Tracked 76611152
-0.04899396 -0.1044942 1.84431 Tracked 76611185
-0.05069847 -0.1125241 1.865891 Tracked 76611219
-0.05223087 -0.1266825 1.885687 Tracked 76611251
-0.05928524 -0.1005209 1.992479 Tracked 76611284
-0.06103514 -0.1184435 2.004539 Tracked 76611318
-0.05941955 -0.1187572 2.010683 Tracked 76611352
-0.05970915 -0.1253553 2.022665 Tracked 76611384
-0.06118798 -0.1330272 2.036656 Tracked 76611419
-0.06284294 -0.182698 2.051487 Tracked 76611451
-0.06167844 -0.1952427 2.05417 Tracked 76611487
-0.06471512 -0.2000991 2.059846 Tracked 76611525
-0.06161051 -0.1824648 2.078119 Tracked 76611560
-0.1269779 -0.1669212 2.084344 Tracked 76611595
0.003170018 -0.1623314 2.097589 Tracked 76611620
-0.008319017 -0.1656363 2.094234 Tracked 76611651
0.003354998 -0.2884913 2.117007 Tracked 76611686
-0.01468902 -0.2992861 2.119021 Tracked 76611721
-0.06272894 -0.4608856 2.080433 Tracked 76611753
-0.02070523 -0.5068025 1.947806 Tracked 76611785
-0.01939294 -0.5067285 1.94601 Tracked 76611818
0.0047063 -0.5196143 1.886809 Tracked 76611852
-0.006462739 -0.4115527 2.033182 Tracked 76611884
-0.0003500021 -0.4240104 2.029215 Tracked 76611919
0.00237673 -0.428473 2.021429 Tracked 76611952
0.004383634 -0.4321434 2.010157 Tracked 76611985
0.004321499 -0.4300524 1.983009 Tracked 76612019
0.00486738 -0.4242724 1.967635 Tracked 76612052
0.00954434 -0.4160206 1.89228 Tracked 76612085
0.007817044 -0.4125109 1.885668 Tracked 76612119
0.000909945 -0.379203 1.866885 Tracked 76612152
-0.0351862 -0.1940449 2.012055 Tracked 76612184
-0.03564908 -0.1800896 2.009972 Tracked 76612219
-0.0368593 -0.1655543 2.004583 Tracked 76612251
-0.03461364 -0.1681004 1.926274 Tracked 76612284
-0.03177431 -0.1329352 1.900262 Tracked 76612319
-0.0337288 -0.1197559 1.909546 Tracked 76612352
-0.03694358 -0.1358313 1.914486 Tracked 76612386
-0.03826679 -0.1394405 1.912165 Tracked 76612419
-0.03959491 -0.1470101 1.902774 Tracked 76612452
-0.03858246 -0.1526568 1.883133 Tracked 76612486
-0.03768712 -0.1648664 1.81686 Tracked 76612519
-0.03444697 -0.1028308 1.803227 Tracked 76612552
-0.03421482 -0.1037006 1.800922 Tracked 76612585
-0.03473944 -0.1046745 1.797559 Tracked 76612619
-0.03480111 -0.1066006 1.791397 Tracked 76612652
-0.03475232 -0.1074247 1.78814 Tracked 76612686
-0.03515847 -0.1086782 1.784208 Tracked 76612719
-0.03521341 -0.109157 1.782195 Tracked 76612752
-0.03521421 -0.1095368 1.779397 Tracked 76612785
-0.03503164 -0.1091515 1.778221 Tracked 76612819
-0.03527701 -0.1089353 1.778189 Tracked 76612852
-0.0355389 -0.1083351 1.778235 Tracked 76612885
-0.03667054 -0.1066703 1.780301 Tracked 76612919
-0.03776156 -0.1044139 1.785238 Tracked 76612952
-0.0386264 -0.1011131 1.795368 Tracked 76612985
-0.03901437 -0.09913795 1.806575 Tracked 76613019
-0.04015799 -0.09958332 1.822624 Tracked 76613052
-0.04113543 -0.103533 1.837716 Tracked 76613085
-0.04368272 -0.1156051 1.860284 Tracked 76613118
-0.04444253 -0.125947 1.875528 Tracked 76613152
-0.04836375 -0.09486482 1.986714 Tracked 76613185
-0.05260856 -0.110456 1.998093 Tracked 76613218
-0.05420753 -0.1096212 2.00226 Tracked 76613259
-0.05633445 -0.1169933 2.016823 Tracked 76613291
-0.05687653 -0.1212308 2.033365 Tracked 76613320
-0.05551416 -0.1891319 2.040356 Tracked 76613355
-0.0525231 -0.2045538 2.046422 Tracked 76613388
-0.05503166 -0.2031903 2.05833 Tracked 76613421
-0.06189391 -0.1768794 2.078718 Tracked 76613455
-0.06165215 -0.1769281 2.078775 Tracked 76613488
-0.08174391 -0.1189434 2.060228 Tracked 76613520
-0.07828638 -0.1584991 2.0937 Tracked 76613551
-0.05852475 -0.2786755 2.086823 Tracked 76613585
-0.05586902 -0.2777402 2.095706 Tracked 76613619
-0.04668001 -0.4439436 2.063133 Tracked 76613652
-0.0205874 -0.4254313 2.069353 Tracked 76613687
-0.02085549 -0.42337 2.067973 Tracked 76613721
-0.01059301 -0.4859997 1.915505 Tracked 76613751
-0.02855848 -0.4616294 1.866207 Tracked 76613785
-0.1011365 -0.4188818 1.88435 Tracked 76613818
0.1047189 -0.1260599 2.053826 Tracked 76613852
0.06199562 -0.1782145 2.076499 Tracked 76613884
-0.08703348 -0.2204454 2.077202 Tracked 76613918
-0.08476016 -0.2237795 2.074177 Tracked 76613951
-0.07834954 -0.2127405 2.065061 Tracked 76613984
-0.07305414 -0.194238 2.054295 Tracked 76614019
-0.06850972 -0.1715649 2.044128 Tracked 76614051
-0.06484579 -0.1594807 2.032526 Tracked 76614085
-0.05866993 -0.1258875 2.020843 Tracked 76614119
-0.05848412 -0.1263278 2.01544 Tracked 76614151
-0.05169848 -0.1433786 1.904584 Tracked 76614185
-0.05207726 -0.1284268 1.917432 Tracked 76614219
-0.05302142 -0.1371418 1.919308 Tracked 76614252
-0.05324687 -0.1420283 1.915613 Tracked 76614285
-0.05468058 -0.1441245 1.9044 Tracked 76614319
-0.055099 -0.1436542 1.884851 Tracked 76614351
-0.05292312 -0.1440183 1.867997 Tracked 76614385
-0.04387164 -0.1524313 1.796093 Tracked 76614418
-0.04293863 -0.1078529 1.783607 Tracked 76614452
-0.04239208 -0.1081941 1.781619 Tracked 76614485
-0.04129581 -0.1092905 1.777535 Tracked 76614519
-0.03856548 -0.1109698 1.770457 Tracked 76614551
-0.03712032 -0.1133481 1.764727 Tracked 76614585
-0.03576129 -0.1154891 1.760576 Tracked 76614618
-0.03377565 -0.1175598 1.756381 Tracked 76614651
-0.03232577 -0.1188445 1.753694 Tracked 76614691
-0.03101687 -0.1195364 1.751564 Tracked 76614726
-0.03008939 -0.1204445 1.749863 Tracked 76614758
-0.02905957 -0.1210856 1.748247 Tracked 76614787
-0.02845476 -0.1215394 1.747448 Tracked 76614818
-0.02805377 -0.1215732 1.747189 Tracked 76614851
-0.0276008 -0.1215853 1.747094 Tracked 76614885
-0.02716668 -0.1213998 1.747483 Tracked 76614919
-0.0268305 -0.1209905 1.748269 Tracked 76614951
-0.0264609 -0.1192053 1.751321 Tracked 76614984
-0.02675832 -0.1155747 1.757274 Tracked 76615019
-0.02672804 -0.1119896 1.764856 Tracked 76615052
-0.02808314 -0.1071493 1.776823 Tracked 76615085
-0.03023068 -0.1028917 1.791866 Tracked 76615119
-0.03088318 -0.1004086 1.809521 Tracked 76615152
-0.03198132 -0.1000252 1.829263 Tracked 76615184
-0.0337695 -0.1084219 1.855188 Tracked 76615219
-0.03615772 -0.1177184 1.874542 Tracked 76615252
-0.0372575 -0.1344109 1.898156 Tracked 76615285
-0.04126783 -0.09822098 2.012246 Tracked 76615318
-0.04240043 -0.1168644 2.020242 Tracked 76615352
-0.04067057 -0.1246838 2.025088 Tracked 76615386
-0.04264712 -0.1334979 2.038448 Tracked 76615419
-0.05012662 -0.1898554 2.054796 Tracked 76615452
-0.05050552 -0.1933422 2.05908 Tracked 76615485
-0.05603699 -0.2014797 2.068275 Tracked 76615519
-0.06065938 -0.2071126 2.079257 Tracked 76615551
-0.05964223 -0.2651111 2.092661 Tracked 76615585
-0.05564941 -0.2578627 2.097687 Tracked 76615619
-0.06414848 -0.203284 2.100296 Tracked 76615651
-0.01300662 -0.2574193 2.122602 Tracked 76615685
-0.02199765 -0.2559581 2.129692 Tracked 76615718
-0.02666089 -0.4601483 2.120225 Tracked 76615751
-0.03521667 -0.4430331 2.06861 Tracked 76615784
-0.02744969 -0.4469026 2.08057 Tracked 76615819
-0.02694329 -0.4477373 2.07907 Tracked 76615852
0.04182788 -0.4308749 2.058455 Tracked 76615884
0.01964576 -0.4346484 2.044981 Tracked 76615918
0.0157595 -0.4358481 2.039126 Tracked 76615952
0.01262431 -0.4373328 2.029506 Tracked 76615984
0.008242391 -0.4321483 1.998718 Tracked 76616018
0.0003225334 -0.3597867 2.002839 Tracked 76616051
-0.04098252 -0.2052042 2.069177 Tracked 76616085
-0.03996151 -0.1956086 2.066226 Tracked 76616118
-0.03791555 -0.1739382 2.056579 Tracked 76616151
-0.0355461 -0.1623144 2.045445 Tracked 76616185
-0.03518932 -0.1356706 2.033951 Tracked 76616218
-0.03643641 -0.1871576 1.937832 Tracked 76616251
-0.03503021 -0.1538168 1.915314 Tracked 76616284
-0.03727819 -0.1368327 1.921594 Tracked 76616319
-0.03839562 -0.1390312 1.920942 Tracked 76616351
-0.039248 -0.1436167 1.913464 Tracked 76616384
-0.04662538 -0.1455738 1.893801 Tracked 76616419
-0.04367903 -0.1469502 1.880717 Tracked 76616452
-0.04350732 -0.147606 1.861201 Tracked 76616485
-0.0471061 -0.1529133 1.781448 Tracked 76616518
-0.03768906 -0.1076976 1.770008 Tracked 76616551
-0.03657621 -0.1090346 1.767171 Tracked 76616585
-0.03598997 -0.1130031 1.760562 Tracked 76616623
-0.03640726 -0.1176815 1.752082 Tracked 76616654
-0.03561907 -0.1211503 1.746482 Tracked 76616685
-0.03395273 -0.1249076 1.741018 Tracked 76616718
-0.03358167 -0.126474 1.737643 Tracked 76616752
-0.03272174 -0.1285124 1.73375 Tracked 76616785
-0.03157672 -0.1295849 1.730667 Tracked 76616818
-0.0308272 -0.130977 1.72724 Tracked 76616855
-0.02996445 -0.1315844 1.725609 Tracked 76616886
-0.02929352 -0.1326554 1.723394 Tracked 76616920
-0.02860357 -0.1332738 1.722019 Tracked 76616954
-0.02783037 -0.1334248 1.720953 Tracked 76616986
-0.02728822 -0.1336367 1.720185 Tracked 76617020
-0.02678306 -0.133685 1.719802 Tracked 76617054
-0.02627805 -0.1334608 1.719766 Tracked 76617085
-0.02597873 -0.1332063 1.719866 Tracked 76617119
-0.02589155 -0.1327832 1.720216 Tracked 76617151
-0.02607171 -0.1317489 1.721937 Tracked 76617184
-0.02637303 -0.1288283 1.726287 Tracked 76617219
-0.0271187 -0.1216637 1.736395 Tracked 76617252
-0.02650912 -0.1155608 1.745306 Tracked 76617285
-0.02827496 -0.1089671 1.761595 Tracked 76617318
-0.02907322 -0.1036381 1.778315 Tracked 76617351
-0.03188669 -0.09656826 1.79686 Tracked 76617384
-0.03466604 -0.09441425 1.815849 Tracked 76617419
-0.03631225 -0.09962887 1.841527 Tracked 76617452
-0.03774451 -0.1095142 1.861392 Tracked 76617486
-0.039772 -0.1244618 1.888085 Tracked 76617519
-0.04563055 -0.09821395 1.991269 Tracked 76617552
-0.04625866 -0.1267303 1.999562 Tracked 76617585
-0.04486531 -0.1289513 2.005683 Tracked 76617619
-0.04502621 -0.1352106 2.020958 Tracked 76617651
-0.04636219 -0.1438267 2.039306 Tracked 76617685
-0.0502222 -0.2040478 2.050165 Tracked 76617719
-0.05034237 -0.2055588 2.054933 Tracked 76617752
-0.04945634 -0.2127486 2.063177 Tracked 76617785
-0.04689322 -0.2102192 2.071951 Tracked 76617822
-0.03734735 -0.1462406 2.093305 Tracked 76617856
-0.05885858 -0.214802 2.100451 Tracked 76617891
-0.05754741 -0.2172168 2.099799 Tracked 76617918
-0.05578398 -0.2537929 2.097617 Tracked 76617951
-0.0509856 -0.2437588 2.102083 Tracked 76617985
-0.02979351 -0.4671659 2.101276 Tracked 76618018
-0.04367456 -0.4525431 2.061659 Tracked 76618052
-0.0410995 -0.4464971 2.043596 Tracked 76618085
-0.03500203 -0.4070015 2.029978 Tracked 76618118
0.01195723 -0.4077788 2.079311 Tracked 76618152
-0.00293847 -0.4236099 2.05638 Tracked 76618185
-0.005083034 -0.4260224 2.050472 Tracked 76618218
-0.00656558 -0.4286798 2.040263 Tracked 76618251
-0.009161564 -0.4285251 2.019824 Tracked 76618291
-0.01111242 -0.41928 1.985005 Tracked 76618326
-0.009601292 -0.409678 1.930477 Tracked 76618358
-0.009973091 -0.4061658 1.926655 Tracked 76618387
-0.01145601 -0.3924496 1.910146 Tracked 76618421
-0.02780542 -0.206362 2.014694 Tracked 76618456
-0.03024342 -0.1955981 2.012306 Tracked 76618489
-0.03400284 -0.1761789 1.998125 Tracked 76618523
-0.03712419 -0.167639 1.990738 Tracked 76618555
-0.03966486 -0.1648591 1.907879 Tracked 76618585
-0.04094714 -0.120866 1.916022 Tracked 76618619
-0.04247873 -0.139982 1.915662 Tracked 76618651
-0.04263447 -0.1434436 1.909992 Tracked 76618685
-0.04696001 -0.1471396 1.889044 Tracked 76618719
-0.04874848 -0.148865 1.871959 Tracked 76618752
-0.04382944 -0.1499757 1.790361 Tracked 76618785
-0.03950232 -0.1097116 1.777604 Tracked 76618819
-0.03929287 -0.1100821 1.773317 Tracked 76618852
-0.03824966 -0.1118575 1.766959 Tracked 76618885
-0.0375799 -0.1146591 1.756945 Tracked 76618919
-0.03651798 -0.1170896 1.750423 Tracked 76618952
-0.03649816 -0.1189721 1.744449 Tracked 76618985
-0.03573931 -0.1207937 1.740107 Tracked 76619019
-0.03536528 -0.1218416 1.737103 Tracked 76619051
-0.03522118 -0.1230327 1.733423 Tracked 76619084
-0.03497468 -0.1241441 1.731288 Tracked 76619118
-0.03469197 -0.1251163 1.72929 Tracked 76619152
-0.03443727 -0.1256308 1.728421 Tracked 76619185
-0.0344 -0.1259672 1.727481 Tracked 76619218
-0.03431274 -0.12638 1.726113 Tracked 76619251
-0.03439467 -0.126418 1.725788 Tracked 76619285
-0.03439511 -0.1266239 1.725355 Tracked 76619318
-0.03443498 -0.1266662 1.725154 Tracked 76619352
-0.0344822 -0.1267321 1.72499 Tracked 76619385
-0.03442399 -0.1267086 1.724703 Tracked 76619418
-0.03442455 -0.1267065 1.724705 Tracked 76619452
-0.03442242 -0.1267086 1.724701 Tracked 76619485
-0.03441819 -0.1266652 1.724734 Tracked 76619519
-0.03444355 -0.126534 1.724796 Tracked 76619551
-0.0353661 -0.1236071 1.725509 Tracked 76619585
-0.03677801 -0.1186689 1.726339 Tracked 76619618
-0.03801282 -0.1090214 1.728756 Tracked 76619651
-0.03879209 -0.1010351 1.730587 Tracked 76619685
-0.03907436 -0.1011064 1.730957 Tracked 76619719
-0.03951062 -0.1018498 1.731761 Tracked 76619752
-0.04246615 -0.1042497 1.733029 Tracked 76619785
-0.0421857 -0.1047856 1.733029 Tracked 76619819
-0.04004412 -0.1057808 1.73311 Tracked 76619852
-0.04021357 -0.106134 1.733269 Tracked 76619886
-0.04021172 -0.1061861 1.733439 Tracked 76619919
-0.04016401 -0.106139 1.733671 Tracked 76619953
-0.04018922 -0.1060348 1.733688 Tracked 76619986
-0.04005228 -0.1056831 1.733941 Tracked 76620019
-0.03975896 -0.1053377 1.734131 Tracked 76620053
-0.03940794 -0.1046896 1.734496 Tracked 76620085
-0.03920453 -0.1042883 1.734848 Tracked 76620119
-0.03877425 -0.1036774 1.735555 Tracked 76620153
-0.03857028 -0.103515 1.736498 Tracked 76620185
-0.03817336 -0.1033096 1.738044 Tracked 76620220
-0.03798361 -0.1035124 1.739519 Tracked 76620252
-0.03781958 -0.1039038 1.740298 Tracked 76620285
-0.03747953 -0.1045453 1.74217 Tracked 76620319
-0.03735661 -0.1052569 1.743861 Tracked 76620352
-0.03683629 -0.1058852 1.745322 Tracked 76620386
