0.05396276 0.5009255 1.802484 Tracked 74979350
0.05390823 0.5009608 1.8025 Tracked 74979383
0.05388918 0.5009716 1.802492 Tracked 74979416
0.05387734 0.5009823 1.802499 Tracked 74979449
0.05386942 0.5010436 1.802541 Tracked 74979482
0.0538695 0.5010785 1.802482 Tracked 74979516
0.05385641 0.5011443 1.80239 Tracked 74979549
0.05390012 0.5012307 1.802175 Tracked 74979582
0.05401272 0.5013233 1.80187 Tracked 74979617
0.05458886 0.5013806 1.800844 Tracked 74979650
0.05500369 0.5015168 1.800043 Tracked 74979681
0.05578848 0.5018957 1.798457 Tracked 74979716
0.05639273 0.5022838 1.796022 Tracked 74979749
0.05742097 0.5026865 1.792771 Tracked 74979781
0.05910206 0.5031698 1.789535 Tracked 74979816
0.06114613 0.5032369 1.784093 Tracked 74979850
0.0646379 0.503023 1.775936 Tracked 74979882
0.06880707 0.5005372 1.766398 Tracked 74979916
0.07475974 0.4971325 1.754867 Tracked 74979948
0.08193439 0.4908421 1.742351 Tracked 74979981
0.09096538 0.4822636 1.729627 Tracked 74980016
0.1011076 0.4683859 1.712667 Tracked 74980049
0.1121498 0.4497121 1.69666 Tracked 74980082
0.1239117 0.4288953 1.681533 Tracked 74980117
0.1375801 0.398562 1.662998 Tracked 74980149
0.1485309 0.3648506 1.649052 Tracked 74980182
0.1581113 0.3322681 1.63584 Tracked 74980216
0.1688253 0.2931789 1.623208 Tracked 74980250
0.1788771 0.2553376 1.61086 Tracked 74980282
0.18503 0.2191738 1.599554 Tracked 74980317
0.1877245 0.1962396 1.592676 Tracked 74980352
0.1898679 0.1599882 1.5871 Tracked 74980382
0.1865018 0.1236033 1.585441 Tracked 74980416
0.1854107 0.09531358 1.582491 Tracked 74980449
0.1845742 0.05942509 1.584624 Tracked 74980482
0.1844833 0.04165316 1.584571 Tracked 74980516
0.1840714 0.02595163 1.585419 Tracked 74980549
0.1819583 0.01461258 1.581577 Tracked 74980581
0.1821588 0.002595684 1.577951 Tracked 74980616
0.1827128 -0.0116209 1.570316 Tracked 74980649
0.1830889 -0.01772769 1.568898 Tracked 74980681
0.183195 -0.01964089 1.567595 Tracked 74980715
0.1837933 -0.02159509 1.567156 Tracked 74980752
0.184753 -0.02100073 1.567654 Tracked 74980788
0.1863858 -0.0180171 1.570561 Tracked 74980820
0.188136 -0.01378971 1.571349 Tracked 74980859
0.1860253 0.00489012 1.577554 Tracked 74980890
0.1844215 0.02003648 1.577222 Tracked 74980920
0.1980667 0.02567539 1.570756 Tracked 74980949
0.1816169 0.09763315 1.579316 Tracked 74980982
0.1832305 0.116527 1.580374 Tracked 74981017
0.1837832 0.1632271 1.586077 Tracked 74981049
0.1816537 0.1914791 1.592982 Tracked 74981082
0.1760165 0.2286443 1.605292 Tracked 74981117
0.1704818 0.2591746 1.612952 Tracked 74981149
0.164691 0.2988521 1.629097 Tracked 74981182
0.1573257 0.3289781 1.63677 Tracked 74981216
0.1502655 0.3599258 1.651347 Tracked 74981250
0.143119 0.3921708 1.670457 Tracked 74981283
0.136979 0.4033246 1.677197 Tracked 74981316
0.1256493 0.4337201 1.690869 Tracked 74981349
0.1185702 0.4468872 1.700096 Tracked 74981382
0.1101261 0.4621551 1.712852 Tracked 74981416
0.102647 0.4755534 1.724196 Tracked 74981449
0.0962512 0.4846277 1.734386 Tracked 74981482
0.09089654 0.4897231 1.743146 Tracked 74981516
0.08602316 0.4939998 1.75263 Tracked 74981549
0.08089187 0.4972217 1.760143 Tracked 74981583
0.07712369 0.499535 1.766224 Tracked 74981616
0.0743408 0.5008392 1.771532 Tracked 74981650
0.07239845 0.5017605 1.775833 Tracked 74981682
0.06956013 0.5030675 1.779877 Tracked 74981715
0.06821079 0.5035878 1.781722 Tracked 74981749
0.06797755 0.5037215 1.782242 Tracked 74981782
0.06643075 0.5046561 1.784919 Tracked 74981817
0.06643257 0.5046723 1.78494 Tracked 74981849
0.06642963 0.5046791 1.784928 Tracked 74981882
0.06643165 0.504779 1.784929 Tracked 74981916
0.06666672 0.5053158 1.784387 Tracked 74981949
0.06796367 0.5061708 1.782346 Tracked 74981982
0.0713958 0.5066552 1.777249 Tracked 74982016
0.07776636 0.5062931 1.766811 Tracked 74982050
0.08515048 0.503772 1.754127 Tracked 74982083
0.094482 0.4990194 1.73932 Tracked 74982116
0.1052109 0.4898246 1.721895 Tracked 74982149
0.1179699 0.4726082 1.702776 Tracked 74982182
0.1294585 0.4512954 1.685099 Tracked 74982215
0.1407321 0.4241392 1.665122 Tracked 74982249
0.1523734 0.3919095 1.64806 Tracked 74982282
0.1671075 0.3452624 1.63219 Tracked 74982316
0.1734483 0.309774 1.620595 Tracked 74982350
0.1823033 0.2608871 1.609 Tracked 74982382
0.1901772 0.2211992 1.597663 Tracked 74982416
0.1934768 0.1946085 1.589063 Tracked 74982448
0.1940668 0.1530677 1.579288 Tracked 74982482
0.1942573 0.1195253 1.571866 Tracked 74982516
0.1901802 0.08132624 1.57007 Tracked 74982549
0.1883168 0.04619565 1.568113 Tracked 74982581
0.187585 0.0235988 1.567988 Tracked 74982616
0.1846092 0.006930088 1.564714 Tracked 74982649
0.1870066 -0.01364412 1.558138 Tracked 74982681
0.1878765 -0.03575991 1.554289 Tracked 74982716
0.1866925 -0.04445018 1.551319 Tracked 74982748
0.1856756 -0.05536896 1.55138 Tracked 74982800
0.1858808 -0.0628895 1.547693 Tracked 74982817
0.1850735 -0.0699563 1.547269 Tracked 74982848
0.1840913 -0.07330427 1.546588 Tracked 74982881
0.1833604 -0.07479151 1.546417 Tracked 74982915
0.1826911 -0.07612638 1.546712 Tracked 74982948
0.1823131 -0.07621164 1.546212 Tracked 74982981
0.1810394 -0.07395628 1.547101 Tracked 74983016
0.1792833 -0.06626432 1.54686 Tracked 74983048
0.1769531 -0.0487495 1.54551 Tracked 74983081
0.1758339 -0.02976208 1.555998 Tracked 74983117
0.1641314 0.02261997 1.561226 Tracked 74983152
0.1626127 0.03135271 1.560943 Tracked 74983182
0.1642201 0.04481454 1.56552 Tracked 74983216
0.1677695 0.1021546 1.561751 Tracked 74983249
0.1702675 0.1344973 1.572829 Tracked 74983282
0.1684806 0.1871427 1.577729 Tracked 74983316
0.1670646 0.2170068 1.587733 Tracked 74983349
0.169403 0.2912292 1.585959 Tracked 74983382
0.167034 0.3048639 1.589056 Tracked 74983416
0.1477805 0.3373913 1.629794 Tracked 74983449
0.1420335 0.3620879 1.637759 Tracked 74983482
0.1318748 0.3985879 1.659346 Tracked 74983516
0.1258645 0.4128931 1.670526 Tracked 74983552
0.1185781 0.4335152 1.686282 Tracked 74983586
0.1108947 0.4486681 1.697787 Tracked 74983626
0.1042475 0.4603104 1.709247 Tracked 74983657
0.09741353 0.4699357 1.716493 Tracked 74983686
0.09018809 0.4812238 1.724794 Tracked 74983717
0.08527202 0.4863509 1.7309 Tracked 74983750
0.08162143 0.4916086 1.735654 Tracked 74983783
0.07869188 0.4969286 1.739662 Tracked 74983818
0.07562567 0.5007462 1.743084 Tracked 74983850
0.07620888 0.500193 1.741809 Tracked 74983882
0.07575943 0.5006251 1.742044 Tracked 74983915
0.07099359 0.5046889 1.746761 Tracked 74983949
0.06879339 0.5059639 1.748167 Tracked 74983982
0.0674407 0.506892 1.74876 Tracked 74984017
0.06670305 0.5074205 1.749044 Tracked 74984050
0.06564663 0.5080422 1.749184 Tracked 74984083
0.06485914 0.5086575 1.748664 Tracked 74984116
0.06424884 0.5089633 1.748256 Tracked 74984150
0.06355933 0.5089762 1.747009 Tracked 74984189
0.06336186 0.5090345 1.745917 Tracked 74984223
0.06615824 0.5068899 1.742144 Tracked 74984257
0.06750289 0.506003 1.735579 Tracked 74984291
0.06957011 0.5043463 1.728491 Tracked 74984321
0.07357235 0.5007034 1.719302 Tracked 74984352
0.07968662 0.4943039 1.704586 Tracked 74984384
0.08789884 0.4864929 1.689552 Tracked 74984419
0.10024 0.4709997 1.671644 Tracked 74984453
0.1126773 0.4551844 1.654325 Tracked 74984485
0.1256349 0.4268737 1.635964 Tracked 74984520
0.1367336 0.3984208 1.619131 Tracked 74984552
0.1512018 0.3617534 1.601234 Tracked 74984585
0.1634382 0.3219669 1.588396 Tracked 74984619
0.1727892 0.2861472 1.579715 Tracked 74984652
0.1805642 0.2433781 1.570235 Tracked 74984685
0.182866 0.2128956 1.560102 Tracked 74984719
0.1858857 0.1747433 1.55327 Tracked 74984750
0.1849529 0.123907 1.552252 Tracked 74984782
0.1842681 0.09108681 1.549415 Tracked 74984816
0.182714 0.05097004 1.551927 Tracked 74984850
0.1837478 0.01850234 1.551753 Tracked 74984882
0.1881944 -0.01071583 1.547368 Tracked 74984916
0.1883194 -0.02713012 1.537388 Tracked 74984949
0.1825742 -0.03923753 1.533851 Tracked 74984980
0.1842497 -0.05320628 1.534735 Tracked 74985015
0.1857666 -0.06254876 1.533094 Tracked 74985049
0.1871958 -0.06793613 1.532642 Tracked 74985082
0.1878465 -0.07528175 1.53065 Tracked 74985116
0.1890842 -0.07863171 1.529714 Tracked 74985148
0.1896401 -0.07982625 1.52923 Tracked 74985182
0.1898783 -0.07998382 1.529094 Tracked 74985216
0.190589 -0.07818757 1.529833 Tracked 74985249
0.1910744 -0.0735534 1.529747 Tracked 74985282
0.1916293 -0.06898596 1.530252 Tracked 74985316
0.189119 -0.05265645 1.531251 Tracked 74985350
0.1866974 -0.04206685 1.532207 Tracked 74985382
0.1838424 -0.02641497 1.536297 Tracked 74985416
0.1818002 -0.001988429 1.539682 Tracked 74985449
0.1807961 0.01841689 1.542296 Tracked 74985483
0.1750784 0.05407352 1.548655 Tracked 74985516
0.1733943 0.0750372 1.551364 Tracked 74985548
0.1714233 0.1023017 1.555394 Tracked 74985582
0.1695032 0.1399873 1.561207 Tracked 74985616
0.1685266 0.1703943 1.568716 Tracked 74985650
0.1682711 0.1836121 1.571943 Tracked 74985683
0.1639851 0.2452441 1.590763 Tracked 74985720
0.1585349 0.2733816 1.598057 Tracked 74985749
0.159823 0.3166263 1.609706 Tracked 74985782
0.1528155 0.3455067 1.620167 Tracked 74985817
0.1442266 0.3770501 1.636954 Tracked 74985853
0.1361388 0.4023034 1.650827 Tracked 74985886
0.1283285 0.4251699 1.665805 Tracked 74985919
0.1204237 0.4446233 1.680419 Tracked 74985952
0.1112961 0.4587635 1.691781 Tracked 74985986
0.102361 0.4705769 1.702735 Tracked 74986020
0.1013162 0.4718972 1.704009 Tracked 74986050
0.08512662 0.4862341 1.723719 Tracked 74986083
0.07997344 0.4897972 1.731014 Tracked 74986116
0.07575186 0.4934668 1.737765 Tracked 74986149
0.07137119 0.4960813 1.743546 Tracked 74986182
0.06813904 0.4979682 1.749025 Tracked 74986216
0.06382371 0.4996531 1.75463 Tracked 74986249
0.06192477 0.5006548 1.757071 Tracked 74986282
0.05949952 0.5023857 1.76039 Tracked 74986320
0.05879449 0.5027246 1.761258 Tracked 74986354
0.05726881 0.5037495 1.763288 Tracked 74986390
0.0568584 0.5038888 1.763771 Tracked 74986423
0.05665651 0.5039239 1.763908 Tracked 74986455
0.05652579 0.5039284 1.764096 Tracked 74986484
0.05639318 0.5039777 1.764262 Tracked 74986523
0.05633404 0.5040234 1.764378 Tracked 74986558
0.05641767 0.5040573 1.764289 Tracked 74986590
0.05717953 0.5040026 1.763369 Tracked 74986626
0.06029952 0.5033693 1.759245 Tracked 74986652
0.06562128 0.5015689 1.751476 Tracked 74986682
0.07277352 0.4980073 1.740604 Tracked 74986716
0.08080036 0.4929157 1.728605 Tracked 74986749
0.0926036 0.4827241 1.714438 Tracked 74986782
0.1051374 0.4683837 1.700327 Tracked 74986822
0.1174039 0.4494927 1.684889 Tracked 74986857
0.1298113 0.427449 1.670557 Tracked 74986892
0.1437815 0.3964405 1.652802 Tracked 74986918
0.1545719 0.3637278 1.64021 Tracked 74986951
0.1663206 0.3233169 1.628781 Tracked 74986986
0.1773249 0.2861396 1.6194 Tracked 74987019
0.186249 0.2454638 1.604504 Tracked 74987053
0.1905634 0.2222807 1.596213 Tracked 74987086
0.1990269 0.1838428 1.587267 Tracked 74987117
0.2017556 0.1572563 1.58416 Tracked 74987150
0.2031388 0.1280775 1.58158 Tracked 74987183
0.2036947 0.1007577 1.581236 Tracked 74987216
0.2037767 0.07888404 1.580531 Tracked 74987250
0.2027923 0.05742169 1.577889 Tracked 74987282
0.2017523 0.03632108 1.578468 Tracked 74987316
0.2011318 0.01772294 1.578822 Tracked 74987351
0.2006575 0.001866017 1.576702 Tracked 74987387
0.2016766 -0.009121059 1.576854 Tracked 74987419
0.201673 -0.02013209 1.574951 Tracked 74987452
0.2027196 -0.02517989 1.575304 Tracked 74987487
0.2028899 -0.02802 1.575408 Tracked 74987519
0.2029203 -0.02943091 1.575554 Tracked 74987550
0.2028333 -0.03118945 1.575443 Tracked 74987583
0.2024155 -0.03138405 1.575408 Tracked 74987618
0.2017709 -0.03030611 1.575817 Tracked 74987650
0.2004412 -0.02538728 1.576228 Tracked 74987683
0.198874 -0.01201495 1.581805 Tracked 74987717
0.1976845 0.01061879 1.586025 Tracked 74987751
0.1950505 0.03213038 1.592251 Tracked 74987784
0.1945356 0.05267164 1.594895 Tracked 74987818
0.1905315 0.08478361 1.601176 Tracked 74987858
0.190109 0.11402 1.605274 Tracked 74987888
0.1887487 0.1499932 1.610557 Tracked 74987925
0.1849608 0.1822937 1.614393 Tracked 74987953
0.1838702 0.2192666 1.621207 Tracked 74987984
0.1768879 0.2576861 1.633238 Tracked 74988018
0.171432 0.2903247 1.644234 Tracked 74988059
0.1629885 0.3263631 1.656848 Tracked 74988090
0.1557165 0.3594344 1.667282 Tracked 74988124
0.1456493 0.3899133 1.678272 Tracked 74988158
0.1381664 0.4128529 1.688467 Tracked 74988185
0.1284096 0.4333293 1.698297 Tracked 74988220
0.1207834 0.4487487 1.708484 Tracked 74988253
0.1117218 0.4615074 1.721257 Tracked 74988285
0.1042161 0.4703037 1.729732 Tracked 74988320
0.1041944 0.4703647 1.729639 Tracked 74988353
0.1014044 0.4734339 1.73222 Tracked 74988383
0.09927154 0.4751261 1.733895 Tracked 74988416
0.09729787 0.4773024 1.735663 Tracked 74988449
0.09061202 0.4831344 1.741847 Tracked 74988483
0.08800551 0.4851479 1.744137 Tracked 74988516
0.07677406 0.4928706 1.754903 Tracked 74988550
0.07455485 0.4938442 1.756923 Tracked 74988582
0.07328141 0.4941879 1.75782 Tracked 74988616
0.07201217 0.4943133 1.758678 Tracked 74988649
0.07349614 0.4931105 1.756409 Tracked 74988682
0.07182156 0.4935486 1.756538 Tracked 74988716
0.07066764 0.4939058 1.755451 Tracked 74988749
0.07319257 0.4924976 1.751983 Tracked 74988783
0.0745056 0.4916235 1.749578 Tracked 74988816
0.07337997 0.4913783 1.747817 Tracked 74988850
0.07303627 0.490992 1.741849 Tracked 74988884
0.07610317 0.4896196 1.738958 Tracked 74988917
0.08118213 0.486498 1.72532 Tracked 74988950
0.08779487 0.4800763 1.711864 Tracked 74988983
0.1012587 0.4679841 1.692604 Tracked 74989016
0.1118838 0.4533991 1.679451 Tracked 74989054
0.124873 0.4302808 1.663015 Tracked 74989087
0.1375131 0.4047229 1.645813 Tracked 74989121
0.153981 0.3684556 1.62896 Tracked 74989155
0.1684786 0.3311136 1.614484 Tracked 74989188
0.1801082 0.2928111 1.601782 Tracked 74989223
0.1869903 0.2448813 1.591556 Tracked 74989250
0.1912419 0.2187604 1.582106 Tracked 74989283
0.1927752 0.1762325 1.570571 Tracked 74989316
0.1912092 0.1323167 1.568184 Tracked 74989350
0.1905127 0.1081787 1.564691 Tracked 74989390
0.1950338 0.06365616 1.559707 Tracked 74989428
0.1956005 0.0429993 1.557046 Tracked 74989454
0.197936 0.009556735 1.553163 Tracked 74989484
0.1985884 -0.0185886 1.550527 Tracked 74989518
0.1989132 -0.03100527 1.547427 Tracked 74989551
0.2005364 -0.04612071 1.54587 Tracked 74989584
0.1996943 -0.05954263 1.544525 Tracked 74989619
0.2000045 -0.06506568 1.543202 Tracked 74989653
0.2001701 -0.06851402 1.541827 Tracked 74989685
0.2001933 -0.06947976 1.540877 Tracked 74989719
0.2000724 -0.06952332 1.540442 Tracked 74989751
0.1996044 -0.06862407 1.539456 Tracked 74989784
0.1996086 -0.06313565 1.538987 Tracked 74989819
0.1972912 -0.05457987 1.538175 Tracked 74989852
0.1951783 -0.04174831 1.540531 Tracked 74989883
0.195562 -0.02052867 1.542487 Tracked 74989916
0.1955014 0.008871643 1.547803 Tracked 74989949
0.1921084 0.03251673 1.551216 Tracked 74989987
0.1829663 0.07588989 1.551807 Tracked 74990022
0.1830252 0.09313031 1.556929 Tracked 74990056
0.1826743 0.1355464 1.565313 Tracked 74990087
0.1776597 0.1558895 1.570924 Tracked 74990117
0.1735927 0.2051858 1.582716 Tracked 74990150
0.1705347 0.2307709 1.590795 Tracked 74990183
0.161798 0.2705454 1.605312 Tracked 74990216
0.1551059 0.2979847 1.615301 Tracked 74990250
0.1484642 0.3287657 1.626431 Tracked 74990286
0.1390356 0.3640437 1.640702 Tracked 74990318
0.1316253 0.3859073 1.648309 Tracked 74990350
0.1226655 0.4131376 1.661998 Tracked 74990383
0.1176409 0.4279633 1.672211 Tracked 74990416
0.1103116 0.445381 1.683798 Tracked 74990450
0.1031936 0.4574035 1.694055 Tracked 74990483
0.09641971 0.4652537 1.702391 Tracked 74990516
0.09118511 0.4712844 1.709412 Tracked 74990550
0.08552554 0.4753713 1.715894 Tracked 74990583
0.08175909 0.4787585 1.72061 Tracked 74990621
0.08176801 0.478776 1.720595 Tracked 74990654
0.07655229 0.4831426 1.728335 Tracked 74990686
0.07339893 0.485547 1.732535 Tracked 74990721
0.07169126 0.4859513 1.734508 Tracked 74990750
