-0.0236715 -0.1119501 1.749403 Tracked 76778521
-0.02366706 -0.1119395 1.74937 Tracked 76778552
-0.02369236 -0.1119393 1.749252 Tracked 76778584
-0.02369233 -0.1119126 1.749198 Tracked 76778619
-0.02368495 -0.1118964 1.749186 Tracked 76778653
-0.02369927 -0.1118742 1.74916 Tracked 76778685
-0.02377142 -0.1118185 1.749043 Tracked 76778719
-0.02380069 -0.1117167 1.748909 Tracked 76778753
-0.02388007 -0.1116875 1.748774 Tracked 76778786
-0.02394915 -0.1116258 1.748697 Tracked 76778820
-0.02405564 -0.1115995 1.748672 Tracked 76778852
-0.02414244 -0.1115721 1.748523 Tracked 76778885
-0.02422556 -0.1115186 1.748412 Tracked 76778919
-0.02428881 -0.1114917 1.748325 Tracked 76778952
-0.02435754 -0.1114899 1.748216 Tracked 76778986
-0.0244849 -0.1114228 1.748041 Tracked 76779019
-0.02449948 -0.1114187 1.747967 Tracked 76779053
-0.02450564 -0.1113485 1.747828 Tracked 76779085
-0.02453463 -0.1112856 1.747623 Tracked 76779119
-0.02455061 -0.1112672 1.74754 Tracked 76779153
-0.02459349 -0.1112447 1.747382 Tracked 76779185
-0.02467703 -0.1112251 1.747289 Tracked 76779219
-0.0247124 -0.1111745 1.747175 Tracked 76779253
-0.02475745 -0.1111437 1.747158 Tracked 76779286
-0.02482251 -0.1110755 1.747098 Tracked 76779319
-0.02492142 -0.1109796 1.747086 Tracked 76779370
-0.0249114 -0.1108446 1.747125 Tracked 76779385
-0.02492844 -0.110615 1.747238 Tracked 76779419
-0.02511765 -0.1104643 1.748164 Tracked 76779451
-0.02537248 -0.1102658 1.749124 Tracked 76779485
-0.0255675 -0.1101418 1.750912 Tracked 76779518
-0.02515959 -0.1107535 1.753414 Tracked 76779552
-0.02447516 -0.1108001 1.756095 Tracked 76779585
-0.02240709 -0.1113223 1.763001 Tracked 76779619
-0.01943593 -0.112304 1.770261 Tracked 76779652
-0.01671375 -0.1158047 1.777876 Tracked 76779685
-0.009878524 -0.1196414 1.790887 Tracked 76779719
-0.003064662 -0.1311985 1.803538 Tracked 76779752
0.006657866 -0.1438899 1.816712 Tracked 76779785
0.01348829 -0.1599138 1.832392 Tracked 76779818
0.02048881 -0.1770197 1.848295 Tracked 76779852
0.02253299 -0.1997118 1.8632 Tracked 76779885
0.01382789 -0.2283244 1.917081 Tracked 76779919
0.03678192 -0.2679179 1.901873 Tracked 76779951
0.04938552 -0.2512991 1.898138 Tracked 76779985
0.05731644 -0.2477244 1.899127 Tracked 76780019
0.07676366 -0.2332974 1.900936 Tracked 76780056
0.08640576 -0.2329191 1.90308 Tracked 76780086
0.1238224 -0.2435504 1.890793 Tracked 76780121
0.1302163 -0.2417105 1.891506 Tracked 76780154
0.1360784 -0.252528 1.889976 Tracked 76780187
0.1398346 -0.2567671 1.88767 Tracked 76780220
0.1425258 -0.2575886 1.887777 Tracked 76780252
0.1475835 -0.2535345 1.888757 Tracked 76780285
0.1409456 -0.2647267 1.912354 Tracked 76780319
0.1370035 -0.2628683 1.917736 Tracked 76780357
0.1398803 -0.2534717 1.898119 Tracked 76780387
0.1358321 -0.2379952 1.91314 Tracked 76780419
0.1307914 -0.2338834 1.918056 Tracked 76780452
0.1168738 -0.2286659 1.921398 Tracked 76780485
0.1130922 -0.2234902 1.895712 Tracked 76780518
0.1084922 -0.2110959 1.890125 Tracked 76780552
0.1006727 -0.2046094 1.886384 Tracked 76780585
0.09355024 -0.1910685 1.879178 Tracked 76780619
0.07766698 -0.1791701 1.874787 Tracked 76780652
0.0612488 -0.1655728 1.86832 Tracked 76780685
0.03579799 -0.1799443 1.856395 Tracked 76780719
0.0244336 -0.1804781 1.853263 Tracked 76780753
0.009852037 -0.1675672 1.844456 Tracked 76780785
0.003913992 -0.1649938 1.838626 Tracked 76780819
-0.007130297 -0.1551462 1.828337 Tracked 76780852
-0.01662431 -0.1431871 1.819554 Tracked 76780885
-0.02199581 -0.1351611 1.812767 Tracked 76780919
-0.02709621 -0.1303957 1.804127 Tracked 76780952
-0.0316003 -0.1267527 1.795577 Tracked 76780985
-0.03697999 -0.124332 1.78768 Tracked 76781019
-0.04257018 -0.1227687 1.77942 Tracked 76781051
-0.04657531 -0.1234838 1.772547 Tracked 76781085
-0.05032741 -0.1252668 1.7672 Tracked 76781119
-0.0531119 -0.1260381 1.764804 Tracked 76781152
-0.05487156 -0.1277607 1.76059 Tracked 76781185
-0.05561958 -0.1282608 1.75849 Tracked 76781219
-0.05587675 -0.1286603 1.756509 Tracked 76781252
-0.05577717 -0.1290152 1.756079 Tracked 76781284
-0.05565758 -0.1294063 1.755094 Tracked 76781318
-0.05494067 -0.1295814 1.753962 Tracked 76781351
-0.0543764 -0.1296318 1.753613 Tracked 76781384
-0.0537367 -0.1296954 1.753163 Tracked 76781419
-0.05328808 -0.1296236 1.75318 Tracked 76781452
-0.05267326 -0.1294626 1.753796 Tracked 76781485
-0.0518555 -0.1288844 1.75506 Tracked 76781518
-0.05064885 -0.1277181 1.756845 Tracked 76781552
-0.04918031 -0.125016 1.760912 Tracked 76781585
-0.04678541 -0.1230549 1.764451 Tracked 76781619
-0.04334762 -0.1196744 1.770796 Tracked 76781651
-0.04041194 -0.1183543 1.77749 Tracked 76781685
-0.03625417 -0.1174261 1.787289 Tracked 76781718
-0.03287864 -0.1189768 1.798797 Tracked 76781751
-0.02788759 -0.1263074 1.811045 Tracked 76781785
-0.02051334 -0.1403645 1.827327 Tracked 76781819
-0.01420587 -0.1559945 1.842944 Tracked 76781852
-0.004223187 -0.179731 1.861563 Tracked 76781885
-0.002715579 -0.2014499 1.872657 Tracked 76781919
0.0076598 -0.2067237 1.877223 Tracked 76781951
0.02398662 -0.2222081 1.89136 Tracked 76781985
0.03706253 -0.2367123 1.8999 Tracked 76782018
0.04262086 -0.2349815 1.901225 Tracked 76782052
0.06679193 -0.2392145 1.899315 Tracked 76782085
0.07854467 -0.2430292 1.899521 Tracked 76782118
0.08857415 -0.2520039 1.896562 Tracked 76782151
0.09631506 -0.2597987 1.895782 Tracked 76782184
0.1006931 -0.2713856 1.893519 Tracked 76782218
0.1457577 -0.2464963 1.886042 Tracked 76782252
0.1321239 -0.2553936 1.921102 Tracked 76782285
0.1375853 -0.2542133 1.919125 Tracked 76782319
0.1376403 -0.254746 1.916325 Tracked 76782352
0.1383118 -0.2541872 1.91492 Tracked 76782386
0.1389544 -0.2535063 1.913842 Tracked 76782419
0.1372864 -0.2543095 1.914689 Tracked 76782453
0.136904 -0.2534842 1.913896 Tracked 76782487
0.1365487 -0.2535996 1.913763 Tracked 76782519
0.1378611 -0.244838 1.912731 Tracked 76782552
0.1348443 -0.2427528 1.913515 Tracked 76782586
0.1349891 -0.2307388 1.921056 Tracked 76782619
0.1344025 -0.227511 1.923669 Tracked 76782652
0.1264028 -0.2181495 1.924051 Tracked 76782685
0.1163083 -0.2087498 1.920596 Tracked 76782719
0.1026366 -0.2054951 1.913796 Tracked 76782756
0.08829857 -0.2025129 1.864918 Tracked 76782788
0.06257799 -0.1989687 1.858568 Tracked 76782821
0.04609307 -0.1924463 1.85601 Tracked 76782855
0.02240619 -0.1765707 1.849072 Tracked 76782888
0.01144898 -0.1663314 1.867266 Tracked 76782921
-0.003812632 -0.1505354 1.819677 Tracked 76782953
-0.007425165 -0.1442394 1.817247 Tracked 76782992
-0.01514574 -0.1325215 1.810079 Tracked 76783027
-0.02036044 -0.1269705 1.80132 Tracked 76783054
-0.0256353 -0.1230506 1.792819 Tracked 76783085
-0.03109625 -0.1210525 1.786137 Tracked 76783119
-0.03787383 -0.1218287 1.777686 Tracked 76783154
-0.0435249 -0.1238364 1.771461 Tracked 76783188
-0.0497246 -0.1253642 1.765111 Tracked 76783222
-0.05480704 -0.1262852 1.761322 Tracked 76783254
-0.05813857 -0.1271913 1.758663 Tracked 76783288
-0.06000093 -0.1277778 1.756363 Tracked 76783322
-0.06197528 -0.1292789 1.753335 Tracked 76783353
-0.06253666 -0.1299794 1.751776 Tracked 76783386
-0.06355929 -0.1305545 1.750136 Tracked 76783422
-0.06429553 -0.1313453 1.749043 Tracked 76783455
-0.06486347 -0.1317781 1.7484 Tracked 76783488
-0.06517836 -0.1319496 1.748165 Tracked 76783522
-0.06530771 -0.1319954 1.748156 Tracked 76783555
-0.06527311 -0.1319278 1.748241 Tracked 76783586
-0.06496591 -0.1307657 1.749321 Tracked 76783623
-0.06382513 -0.1288688 1.751487 Tracked 76783660
-0.05965846 -0.1259129 1.755543 Tracked 76783693
-0.05373539 -0.1218396 1.762826 Tracked 76783723
-0.04777244 -0.1202165 1.769968 Tracked 76783757
-0.04202219 -0.1192729 1.778536 Tracked 76783786
-0.03477287 -0.1234498 1.789086 Tracked 76783819
-0.02269403 -0.1369406 1.803619 Tracked 76783852
-0.01392302 -0.1545553 1.819067 Tracked 76783885
-0.002982905 -0.1723026 1.834007 Tracked 76783919
0.001583039 -0.1999775 1.850319 Tracked 76783951
2.26339E-05 -0.2255434 1.865869 Tracked 76783985
0.03824961 -0.2308348 1.871543 Tracked 76784019
0.04326881 -0.2308079 1.874647 Tracked 76784052
0.06264395 -0.2302261 1.882579 Tracked 76784085
0.07601184 -0.2390136 1.883305 Tracked 76784118
0.08541013 -0.2447744 1.884411 Tracked 76784153
0.09663973 -0.251725 1.884586 Tracked 76784185
0.1051721 -0.2593824 1.883633 Tracked 76784218
0.1104301 -0.2627133 1.882621 Tracked 76784252
0.1147684 -0.2728986 1.880705 Tracked 76784285
0.13429 -0.2716354 1.883143 Tracked 76784319
0.1406979 -0.2718181 1.88289 Tracked 76784352
0.1463002 -0.2726351 1.88302 Tracked 76784385
0.1486838 -0.2731799 1.883242 Tracked 76784419
0.1500535 -0.2726739 1.883438 Tracked 76784452
0.1507044 -0.271988 1.883705 Tracked 76784485
0.1511846 -0.2703514 1.883861 Tracked 76784519
0.1512311 -0.2650502 1.884702 Tracked 76784552
0.1497815 -0.2583689 1.887685 Tracked 76784584
0.1277721 -0.2401094 1.933017 Tracked 76784619
0.1162743 -0.2372585 1.934853 Tracked 76784652
0.1004033 -0.2297552 1.934222 Tracked 76784685
0.0751811 -0.2224876 1.928119 Tracked 76784719
0.06755959 -0.2106093 1.888507 Tracked 76784752
0.06076251 -0.2035208 1.886357 Tracked 76784791
0.05924526 -0.1979778 1.883494 Tracked 76784818
0.0480618 -0.1884041 1.867048 Tracked 76784852
0.003788392 -0.1811969 1.86199 Tracked 76784886
-0.006326452 -0.1752228 1.881435 Tracked 76784919
-0.0121338 -0.1632513 1.880496 Tracked 76784952
-0.02141787 -0.1516497 1.876774 Tracked 76784986
0.003073952 -0.1886507 1.826519 Tracked 76785019
-0.04251457 -0.1279429 1.811321 Tracked 76785052
-0.04285039 -0.127856 1.809735 Tracked 76785085
-0.0457248 -0.1270816 1.801552 Tracked 76785119
-0.04909193 -0.1263457 1.793937 Tracked 76785152
-0.05585281 -0.1241179 1.783751 Tracked 76785186
-0.06040543 -0.1239259 1.777089 Tracked 76785218
-0.06578101 -0.1248918 1.772129 Tracked 76785252
-0.06984606 -0.1252933 1.769094 Tracked 76785285
-0.07373811 -0.1259834 1.765967 Tracked 76785319
-0.07609627 -0.1268131 1.763083 Tracked 76785355
-0.07744105 -0.127509 1.761473 Tracked 76785388
-0.07835105 -0.1281029 1.759233 Tracked 76785422
-0.07862376 -0.1284868 1.757104 Tracked 76785453
-0.07894503 -0.1285873 1.756447 Tracked 76785485
-0.07903542 -0.1289268 1.755783 Tracked 76785518
-0.07906999 -0.128876 1.755088 Tracked 76785552
-0.07910382 -0.1287024 1.754984 Tracked 76785585
-0.07903551 -0.1284153 1.755085 Tracked 76785619
-0.07785648 -0.127711 1.755384 Tracked 76785655
-0.07545626 -0.1262096 1.75633 Tracked 76785686
-0.07196579 -0.124724 1.758481 Tracked 76785719
-0.06703794 -0.123972 1.762899 Tracked 76785753
-0.05905789 -0.1217929 1.77023 Tracked 76785786
-0.05312189 -0.1221298 1.776939 Tracked 76785819
-0.04357246 -0.1268506 1.786939 Tracked 76785851
-0.03253572 -0.1356812 1.79534 Tracked 76785885
-0.0214836 -0.1462587 1.806904 Tracked 76785920
-0.01246089 -0.1679267 1.823452 Tracked 76785953
-0.0112099 -0.1875639 1.836636 Tracked 76785988
-0.01090653 -0.209966 1.851214 Tracked 76786022
0.02426348 -0.2175343 1.860659 Tracked 76786056
0.03896079 -0.2222654 1.863446 Tracked 76786088
0.05393628 -0.2218488 1.870301 Tracked 76786121
0.06020851 -0.2272692 1.867418 Tracked 76786153
0.0688998 -0.2302503 1.868207 Tracked 76786185
0.08078298 -0.2321372 1.871598 Tracked 76786219
0.08814216 -0.2417389 1.869892 Tracked 76786253
0.1063402 -0.2459324 1.870179 Tracked 76786286
0.1173512 -0.2462256 1.868796 Tracked 76786320
0.1307337 -0.2496864 1.864364 Tracked 76786352
0.130337 -0.2618975 1.89586 Tracked 76786386
0.1317026 -0.2598575 1.897121 Tracked 76786419
0.131646 -0.2611553 1.897944 Tracked 76786458
0.1321132 -0.2608091 1.89859 Tracked 76786494
0.1319808 -0.2611912 1.898689 Tracked 76786530
0.1310858 -0.2608396 1.898065 Tracked 76786555
0.131 -0.2613951 1.898013 Tracked 76786588
0.1310253 -0.2608098 1.897254 Tracked 76786621
0.1313817 -0.259529 1.894393 Tracked 76786654
0.1274535 -0.2550304 1.891518 Tracked 76786687
0.1258625 -0.2466558 1.895913 Tracked 76786722
0.1276328 -0.2184468 1.870879 Tracked 76786753
0.1319183 -0.1915683 1.842003 Tracked 76786785
0.1133504 -0.1928224 1.850152 Tracked 76786819
0.09008508 -0.200816 1.859489 Tracked 76786852
0.09001133 -0.1977361 1.859671 Tracked 76786885
0.0726808 -0.1953269 1.85783 Tracked 76786919
0.05626842 -0.1888726 1.851681 Tracked 76786952
0.03515923 -0.1802563 1.841812 Tracked 76786986
0.0196143 -0.1839206 1.835558 Tracked 76787019
-0.002775506 -0.1733476 1.82771 Tracked 76787052
-0.009449752 -0.1732689 1.821992 Tracked 76787085
-0.01875561 -0.1646127 1.811497 Tracked 76787119
-0.02849193 -0.1476336 1.795716 Tracked 76787152
-0.03531681 -0.1395647 1.789873 Tracked 76787186
-0.04223977 -0.1325478 1.781436 Tracked 76787219
-0.04874102 -0.127715 1.772983 Tracked 76787252
-0.05444972 -0.1262663 1.763969 Tracked 76787284
-0.05931129 -0.1258794 1.75758 Tracked 76787323
-0.06244565 -0.1252447 1.753018 Tracked 76787360
-0.06529498 -0.1258778 1.74868 Tracked 76787389
-0.0673544 -0.1264919 1.746357 Tracked 76787419
-0.06982706 -0.1273272 1.74265 Tracked 76787452
-0.07095793 -0.128032 1.740163 Tracked 76787485
-0.07248694 -0.1289211 1.737618 Tracked 76787519
-0.07379961 -0.1292795 1.735438 Tracked 76787552
-0.07466289 -0.1293412 1.733256 Tracked 76787585
-0.07522389 -0.129735 1.731007 Tracked 76787619
-0.07559997 -0.1297748 1.729652 Tracked 76787651
-0.07579921 -0.1300205 1.728839 Tracked 76787685
-0.07587598 -0.1298743 1.727794 Tracked 76787718
-0.07559637 -0.1296672 1.726757 Tracked 76787758
-0.07562604 -0.1292071 1.726477 Tracked 76787792
-0.07558008 -0.1289939 1.726501 Tracked 76787827
-0.07520872 -0.1282368 1.726817 Tracked 76787857
-0.07469156 -0.1265946 1.728226 Tracked 76787887
-0.07358928 -0.1248203 1.731099 Tracked 76787920
-0.07017062 -0.1211067 1.737383 Tracked 76787953
-0.06477059 -0.1192904 1.747266 Tracked 76787987
-0.05738194 -0.1232824 1.759499 Tracked 76788020
-0.04732436 -0.1342161 1.771144 Tracked 76788054
-0.03724809 -0.1458777 1.786157 Tracked 76788087
-0.03157677 -0.167409 1.804853 Tracked 76788120
-0.02980503 -0.1884073 1.820397 Tracked 76788153
-0.02016502 -0.1963735 1.826731 Tracked 76788188
-0.0059317 -0.2053016 1.839968 Tracked 76788221
0.0213953 -0.2215849 1.852503 Tracked 76788256
0.02326614 -0.221896 1.856281 Tracked 76788286
0.03444389 -0.2312348 1.858595 Tracked 76788321
0.05495854 -0.2335752 1.861599 Tracked 76788354
0.06648535 -0.2366789 1.864722 Tracked 76788387
0.07773276 -0.2528018 1.865258 Tracked 76788421
0.08941919 -0.256861 1.865551 Tracked 76788462
0.09956745 -0.2612904 1.863391 Tracked 76788489
0.1107566 -0.260815 1.860916 Tracked 76788520
0.119272 -0.2621637 1.886451 Tracked 76788554
0.1221095 -0.2663903 1.888839 Tracked 76788586
0.1250176 -0.2677953 1.892772 Tracked 76788619
0.1250559 -0.2703369 1.896509 Tracked 76788653
0.1236179 -0.2731881 1.89945 Tracked 76788687
0.1231221 -0.2737659 1.90028 Tracked 76788719
0.123901 -0.2713267 1.901883 Tracked 76788756
0.123227 -0.2692048 1.902355 Tracked 76788791
0.1202975 -0.2589158 1.905046 Tracked 76788825
0.1161561 -0.236931 1.91382 Tracked 76788861
0.118316 -0.2247575 1.920172 Tracked 76788896
0.1185933 -0.2201554 1.923693 Tracked 76788931
0.1134466 -0.211132 1.921757 Tracked 76788954
0.09920577 -0.205715 1.876518 Tracked 76788987
0.07326298 -0.1943892 1.864503 Tracked 76789020
0.05844272 -0.1677409 1.867209 Tracked 76789054
0.03903859 -0.177177 1.856931 Tracked 76789087
0.02952968 -0.1743773 1.849794 Tracked 76789119
0.01676093 -0.1705743 1.86293 Tracked 76789153
0.00914377 -0.1571677 1.859711 Tracked 76789186
-0.001297814 -0.1423539 1.851739 Tracked 76789219
-0.01631849 -0.1252795 1.790601 Tracked 76789252
-0.01774862 -0.124436 1.786898 Tracked 76789286
-0.02279378 -0.1221043 1.776935 Tracked 76789319
-0.02815358 -0.1210772 1.767781 Tracked 76789352
-0.03545397 -0.1216196 1.759216 Tracked 76789385
-0.04377087 -0.1238393 1.748979 Tracked 76789419
-0.04677045 -0.1263054 1.742707 Tracked 76789452
-0.0511581 -0.1312991 1.734505 Tracked 76789485
-0.05441184 -0.1343384 1.729139 Tracked 76789519
-0.0574618 -0.1376452 1.724082 Tracked 76789552
-0.05930801 -0.1408335 1.719052 Tracked 76789585
-0.06010993 -0.1426571 1.716399 Tracked 76789619
-0.06054944 -0.146707 1.711995 Tracked 76789651
-0.06102811 -0.1482797 1.710616 Tracked 76789685
-0.06115923 -0.1496177 1.709041 Tracked 76789719
-0.06112473 -0.1503638 1.707799 Tracked 76789752
-0.06101115 -0.151495 1.707268 Tracked 76789785
-0.06094831 -0.1519615 1.707303 Tracked 76789819
-0.06087986 -0.151956 1.707365 Tracked 76789852
-0.06059478 -0.1516266 1.707892 Tracked 76789885
-0.06050285 -0.1508672 1.709267 Tracked 76789919
-0.06074759 -0.1492622 1.711921 Tracked 76789952
-0.06035326 -0.1466648 1.715569 Tracked 76789985
-0.0597951 -0.141181 1.722964 Tracked 76790019
-0.05934442 -0.1312388 1.732718 Tracked 76790051
-0.05659253 -0.123518 1.740831 Tracked 76790085
-0.04912373 -0.1170221 1.751145 Tracked 76790119
-0.04093049 -0.1130306 1.763094 Tracked 76790152
-0.0328281 -0.1122958 1.775531 Tracked 76790186
-0.02486317 -0.1191406 1.791647 Tracked 76790222
-0.01456088 -0.1325526 1.807669 Tracked 76790254
-0.003705119 -0.1451949 1.820307 Tracked 76790289
0.007343145 -0.1630525 1.83622 Tracked 76790321
0.006919177 -0.1923498 1.850744 Tracked 76790353
0.007032327 -0.2245909 1.868127 Tracked 76790386
0.02270513 -0.2256988 1.873507 Tracked 76790420
0.05271997 -0.2340219 1.882596 Tracked 76790453
0.0671797 -0.2307705 1.883663 Tracked 76790486
0.07786523 -0.2345094 1.885256 Tracked 76790520
0.09429174 -0.2452923 1.88662 Tracked 76790553
0.1051116 -0.2575489 1.885781 Tracked 76790587
0.1070351 -0.2629601 1.884414 Tracked 76790620
0.14117 -0.2660665 1.881468 Tracked 76790653
0.1450715 -0.2713108 1.894122 Tracked 76790686
0.1458685 -0.2831863 1.902364 Tracked 76790720
0.1481262 -0.287974 1.902812 Tracked 76790754
0.1515391 -0.2892094 1.905356 Tracked 76790787
0.1533114 -0.2934691 1.905232 Tracked 76790820
0.1540937 -0.2939877 1.905475 Tracked 76790852
0.1515501 -0.2916445 1.909524 Tracked 76790886
0.148088 -0.2862634 1.91113 Tracked 76790920
0.1406192 -0.2825991 1.91322 Tracked 76790952
0.1352023 -0.2711466 1.915496 Tracked 76790986
0.1231963 -0.245223 1.928138 Tracked 76791021
0.120766 -0.2425461 1.929485 Tracked 76791053
0.1107731 -0.2297046 1.929211 Tracked 76791086
0.0936996 -0.2252542 1.924784 Tracked 76791120
0.08692946 -0.2223411 1.923035 Tracked 76791153
0.08479138 -0.2219398 1.922585 Tracked 76791187
0.08011065 -0.2177786 1.917241 Tracked 76791221
0.02185873 -0.1981355 1.896769 Tracked 76791254
0.02024569 -0.1983147 1.893529 Tracked 76791286
0.01951823 -0.1951483 1.890307 Tracked 76791320
0.01389444 -0.1809544 1.878123 Tracked 76791353
0.009948693 -0.1730904 1.870297 Tracked 76791386
0.007339253 -0.171112 1.865656 Tracked 76791420
0.00336927 -0.1710902 1.862023 Tracked 76791453
-0.0006767585 -0.1708688 1.857714 Tracked 76791487
-0.001336026 -0.1703622 1.8572 Tracked 76791520
-0.00192118 -0.1702383 1.856877 Tracked 76791553
-0.002341596 -0.170052 1.856575 Tracked 76791586
-0.0075912 -0.1844241 1.824438 Tracked 76791620
-0.06532039 -0.1319302 1.720755 Tracked 76791652
-0.06583625 -0.1325216 1.720063 Tracked 76791685
-0.066652 -0.1336415 1.719209 Tracked 76791719
-0.06797292 -0.1353535 1.717965 Tracked 76791755
-0.06914061 -0.1367118 1.716651 Tracked 76791790
-0.07024841 -0.1379362 1.715424 Tracked 76791823
-0.07134663 -0.1394458 1.714392 Tracked 76791854
-0.07206377 -0.1400701 1.713896 Tracked 76791888
-0.07263237 -0.140754 1.713369 Tracked 76791919
-0.07287103 -0.1412003 1.713095 Tracked 76791952
-0.07295529 -0.1412079 1.713177 Tracked 76791985
-0.07303556 -0.1412092 1.713801 Tracked 76792019
-0.0731861 -0.1406443 1.7149 Tracked 76792059
-0.07207633 -0.1390433 1.717594 Tracked 76792094
-0.0711112 -0.135242 1.722491 Tracked 76792123
-0.07002391 -0.1315133 1.728275 Tracked 76792154
-0.06656353 -0.1246147 1.736963 Tracked 76792187
-0.05977435 -0.1209111 1.746283 Tracked 76792219
-0.04977464 -0.1188692 1.758464 Tracked 76792254
-0.04115295 -0.1191597 1.770754 Tracked 76792288
-0.0300688 -0.1251084 1.784947 Tracked 76792321
-0.01635111 -0.1368267 1.797139 Tracked 76792352
-0.0007327184 -0.1550176 1.81698 Tracked 76792388
0.007823911 -0.1722467 1.829907 Tracked 76792421
0.006914552 -0.2061645 1.847874 Tracked 76792454
0.02793573 -0.2089334 1.895277 Tracked 76792488
0.06615097 -0.2396836 1.882331 Tracked 76792522
0.06861199 -0.237825 1.881935 Tracked 76792552
0.07078994 -0.238626 1.879728 Tracked 76792586
0.07955641 -0.2427459 1.878553 Tracked 76792618
0.0923891 -0.2522233 1.877696 Tracked 76792654
0.1018537 -0.2603136 1.878281 Tracked 76792687
0.1137838 -0.2733535 1.87563 Tracked 76792723
0.1210547 -0.2826543 1.872452 Tracked 76792752
0.1428783 -0.2845866 1.870199 Tracked 76792785
0.146116 -0.2883742 1.893081 Tracked 76792818
0.1468704 -0.2899793 1.895734 Tracked 76792852
0.1543718 -0.2835866 1.897265 Tracked 76792885
0.1653895 -0.2762499 1.894564 Tracked 76792920
0.1581488 -0.2888969 1.895024 Tracked 76792952
0.1649789 -0.2738967 1.893757 Tracked 76792985
0.1626267 -0.2742498 1.893983 Tracked 76793018
0.1611181 -0.2728999 1.893467 Tracked 76793052
0.1576103 -0.2597781 1.895365 Tracked 76793085
0.1510963 -0.2586356 1.89812 Tracked 76793119
0.1446943 -0.2450667 1.909374 Tracked 76793152
0.1438403 -0.2382573 1.912032 Tracked 76793186
0.129745 -0.2249711 1.912021 Tracked 76793219
0.1177801 -0.217612 1.909139 Tracked 76793252
0.0984435 -0.2050256 1.903402 Tracked 76793285
0.09170151 -0.2017595 1.901554 Tracked 76793319
0.09027276 -0.2018139 1.900247 Tracked 76793356
0.08633389 -0.1973374 1.895217 Tracked 76793386
0.05328329 -0.1551002 1.884325 Tracked 76793419
0.04597858 -0.1602416 1.845917 Tracked 76793452
-0.0134423 -0.1365577 1.844465 Tracked 76793486
-0.02308226 -0.1301848 1.79318 Tracked 76793519
-0.02625098 -0.1276784 1.789177 Tracked 76793557
-0.02995438 -0.1256051 1.78043 Tracked 76793587
-0.03656868 -0.1237106 1.767149 Tracked 76793619
-0.04296776 -0.1241871 1.758884 Tracked 76793652
-0.0493272 -0.1252556 1.749949 Tracked 76793685
-0.05507035 -0.1283815 1.74421 Tracked 76793719
-0.0611205 -0.1298234 1.739092 Tracked 76793752
-0.06613283 -0.1320143 1.734168 Tracked 76793785
-0.06960244 -0.1333936 1.731304 Tracked 76793819
-0.07156159 -0.134671 1.728613 Tracked 76793852
-0.07314885 -0.1351666 1.726986 Tracked 76793884
-0.07437614 -0.1356459 1.725105 Tracked 76793919
-0.07483802 -0.1359181 1.724542 Tracked 76793952
-0.07530758 -0.1364282 1.723721 Tracked 76793985
-0.07542801 -0.1366828 1.723049 Tracked 76794019
-0.07537878 -0.1367935 1.722977 Tracked 76794052
-0.07526612 -0.1369532 1.722855 Tracked 76794091
-0.07496765 -0.1370499 1.7228 Tracked 76794126
-0.07452136 -0.1369837 1.723101 Tracked 76794160
-0.07358505 -0.1366287 1.724021 Tracked 76794194
-0.07257933 -0.135908 1.725739 Tracked 76794225
-0.07095191 -0.1345991 1.728131 Tracked 76794254
-0.06887255 -0.1329011 1.731218 Tracked 76794285
-0.064469 -0.1302304 1.735626 Tracked 76794319
-0.05992049 -0.1276319 1.741452 Tracked 76794352
-0.05544727 -0.1258537 1.748961 Tracked 76794385
-0.04976809 -0.1234386 1.758628 Tracked 76794421
-0.04379808 -0.1238919 1.771491 Tracked 76794453
-0.03262294 -0.1351147 1.785887 Tracked 76794485
-0.02659549 -0.1496421 1.801864 Tracked 76794519
-0.01739124 -0.1700105 1.82207 Tracked 76794552
-0.01527676 -0.1919813 1.834051 Tracked 76794585
-0.007876368 -0.2015351 1.843067 Tracked 76794619
0.02056178 -0.2199672 1.867962 Tracked 76794652
0.03044467 -0.2205354 1.869843 Tracked 76794685
0.04114422 -0.2272135 1.872522 Tracked 76794719
0.06551411 -0.2406117 1.869129 Tracked 76794752
0.07763689 -0.2445134 1.869939 Tracked 76794786
0.08315957 -0.2496603 1.868663 Tracked 76794819
0.1250168 -0.2592917 1.866883 Tracked 76794853
0.1290592 -0.2617684 1.866933 Tracked 76794885
0.1376179 -0.2569726 1.868377 Tracked 76794919
0.1449788 -0.2629666 1.863146 Tracked 76794952
0.1433821 -0.2689646 1.882763 Tracked 76794986
0.1465745 -0.266045 1.893197 Tracked 76795019
0.1586869 -0.2518907 1.896958 Tracked 76795053
0.1670085 -0.2240208 1.898883 Tracked 76795086
0.1675053 -0.2160418 1.899471 Tracked 76795119
0.1837412 -0.189734 1.864069 Tracked 76795152
0.1484481 -0.2555835 1.902796 Tracked 76795186
0.1454302 -0.2585684 1.901713 Tracked 76795219
0.1479194 -0.2466201 1.901354 Tracked 76795253
0.1464549 -0.2446328 1.901759 Tracked 76795286
0.1410496 -0.2392663 1.905441 Tracked 76795319
0.1290317 -0.2191522 1.911447 Tracked 76795352
0.1162207 -0.2176962 1.91108 Tracked 76795385
0.1042737 -0.2124086 1.8843 Tracked 76795419
0.1021251 -0.2094703 1.881786 Tracked 76795452
0.08874542 -0.1997897 1.871872 Tracked 76795486
0.07212751 -0.194069 1.862442 Tracked 76795519
0.04735303 -0.1824174 1.851197 Tracked 76795553
0.0342834 -0.1819272 1.850302 Tracked 76795586
0.01829782 -0.174831 1.84352 Tracked 76795619
0.001480215 -0.1612353 1.859162 Tracked 76795652
-0.01545398 -0.169908 1.859982 Tracked 76795686
-0.01217342 -0.1749835 1.858707 Tracked 76795719
-0.01526797 -0.1786141 1.853123 Tracked 76795753
-0.02718496 -0.1800838 1.841162 Tracked 76795786
-0.04617824 -0.1868836 1.767004 Tracked 76795819
-0.05844615 -0.1291896 1.751555 Tracked 76795852
-0.05943524 -0.1309964 1.749202 Tracked 76795886
-0.06295566 -0.1346323 1.7431 Tracked 76795919
-0.0680658 -0.1391082 1.734611 Tracked 76795952
-0.07131562 -0.1414908 1.728334 Tracked 76795985
-0.07276797 -0.1433718 1.724117 Tracked 76796019
-0.07333855 -0.144529 1.720944 Tracked 76796052
-0.07379753 -0.1453234 1.717926 Tracked 76796085
-0.07344538 -0.1452587 1.714888 Tracked 76796119
-0.0735539 -0.145017 1.713616 Tracked 76796151
-0.07324161 -0.144397 1.712491 Tracked 76796185
-0.07244039 -0.1435864 1.711366 Tracked 76796219
-0.07119425 -0.1429437 1.710846 Tracked 76796251
-0.06882288 -0.1422352 1.710404 Tracked 76796285
-0.06628699 -0.1385345 1.71064 Tracked 76796320
-0.06363508 -0.1382757 1.710744 Tracked 76796352
-0.06087378 -0.1371137 1.711169 Tracked 76796385
-0.05788037 -0.1356258 1.712301 Tracked 76796420
-0.05515806 -0.1215393 1.716328 Tracked 76796452
-0.05355309 -0.1137316 1.718555 Tracked 76796486
-0.05127887 -0.1110424 1.719474 Tracked 76796519
-0.04990311 -0.1090048 1.720551 Tracked 76796553
-0.04706914 -0.1090736 1.721335 Tracked 76796586
-0.04262537 -0.1076819 1.72489 Tracked 76796619
-0.0447312 -0.1081857 1.725987 Tracked 76796653
-0.04440185 -0.1092955 1.726146 Tracked 76796686
-0.04269026 -0.1106124 1.726376 Tracked 76796720
-0.04118853 -0.1107319 1.725762 Tracked 76796753
-0.04079787 -0.1105963 1.725698 Tracked 76796786
-0.04034944 -0.1104088 1.725399 Tracked 76796820
-0.03977886 -0.1100896 1.725273 Tracked 76796853
-0.03896238 -0.1094129 1.724873 Tracked 76796886
-0.03831728 -0.1092043 1.724637 Tracked 76796920
-0.03757393 -0.1086655 1.724321 Tracked 76796954
-0.03699346 -0.1081874 1.724143 Tracked 76796986
-0.03621189 -0.1078677 1.724023 Tracked 76797020
-0.03544109 -0.1077256 1.72399 Tracked 76797052
-0.03454577 -0.1076554 1.723984 Tracked 76797086
-0.03381659 -0.1078302 1.724127 Tracked 76797120
-0.03285842 -0.1082503 1.724066 Tracked 76797153
-0.0319932 -0.1085715 1.724301 Tracked 76797187
-0.03141055 -0.1088519 1.724572 Tracked 76797220
-0.03077471 -0.1092633 1.724923 Tracked 76797252
-0.03050259 -0.1095155 1.725308 Tracked 76797287
-0.03053953 -0.1097245 1.725425 Tracked 76797320
-0.03050165 -0.1099633 1.725902 Tracked 76797354
