-0.01150562 0.4567953 1.779832 Tracked 76778521
-0.0114621 0.4567901 1.779584 Tracked 76778552
-0.01147913 0.4567348 1.779445 Tracked 76778584
-0.01139886 0.4567672 1.77923 Tracked 76778619
-0.01139714 0.4567851 1.77915 Tracked 76778653
-0.01131636 0.456841 1.778972 Tracked 76778685
-0.01129346 0.456891 1.778809 Tracked 76778719
-0.01126196 0.4569925 1.778545 Tracked 76778753
-0.01135447 0.4570085 1.778314 Tracked 76778786
-0.01137522 0.4570543 1.778133 Tracked 76778820
-0.01136101 0.4570607 1.778067 Tracked 76778852
-0.01139989 0.4570407 1.77779 Tracked 76778885
-0.01139904 0.4571034 1.777651 Tracked 76778919
-0.01141462 0.4571428 1.777438 Tracked 76778952
-0.01142374 0.4571737 1.777247 Tracked 76778986
-0.01144167 0.4571823 1.777072 Tracked 76779019
-0.01143595 0.4571663 1.777002 Tracked 76779053
-0.01145711 0.457213 1.776742 Tracked 76779085
-0.01137765 0.4572246 1.77637 Tracked 76779119
-0.01139014 0.457228 1.776199 Tracked 76779153
-0.01151389 0.4572015 1.776006 Tracked 76779185
-0.01148957 0.457255 1.775863 Tracked 76779219
-0.01150395 0.4572829 1.775735 Tracked 76779253
-0.01149384 0.4573438 1.775545 Tracked 76779286
-0.01147362 0.4574717 1.775343 Tracked 76779319
-0.01145537 0.4576675 1.775151 Tracked 76779370
-0.01157125 0.4579378 1.774868 Tracked 76779385
-0.01210288 0.458452 1.77347 Tracked 76779419
-0.01286888 0.4589366 1.772533 Tracked 76779451
-0.0149237 0.4593866 1.770006 Tracked 76779485
-0.01902564 0.459082 1.766312 Tracked 76779518
-0.02543421 0.4581577 1.761015 Tracked 76779552
-0.03349561 0.4562874 1.755028 Tracked 76779585
-0.04290505 0.4530386 1.749257 Tracked 76779619
-0.05725231 0.4474565 1.740497 Tracked 76779652
-0.07337831 0.4382189 1.729334 Tracked 76779685
-0.08934895 0.4285434 1.721254 Tracked 76779719
-0.1092976 0.4128425 1.708576 Tracked 76779752
-0.1285328 0.3914236 1.697916 Tracked 76779785
-0.1475371 0.3670925 1.686849 Tracked 76779818
-0.1674207 0.3356829 1.674325 Tracked 76779852
-0.1813419 0.3023865 1.665673 Tracked 76779885
-0.194583 0.2636568 1.658365 Tracked 76779919
-0.1998582 0.2287153 1.649732 Tracked 76779951
-0.2106285 0.2072807 1.640912 Tracked 76779985
-0.2202755 0.1688881 1.636766 Tracked 76780019
-0.2237829 0.1531706 1.63062 Tracked 76780056
-0.2287506 0.1225907 1.624915 Tracked 76780086
-0.2301582 0.0993406 1.618946 Tracked 76780121
-0.2344044 0.07580498 1.617368 Tracked 76780154
-0.2389393 0.05379098 1.615402 Tracked 76780187
-0.2410334 0.03816288 1.614488 Tracked 76780220
-0.2431215 0.02726877 1.616405 Tracked 76780252
-0.2444247 0.0226627 1.617979 Tracked 76780285
-0.2472146 0.01735015 1.6209 Tracked 76780319
-0.2488583 0.01702379 1.621885 Tracked 76780357
-0.2502216 0.0184312 1.622578 Tracked 76780387
-0.2537294 0.0299135 1.627753 Tracked 76780419
-0.2554766 0.05044125 1.633562 Tracked 76780452
-0.2566614 0.07801529 1.638919 Tracked 76780485
-0.2577779 0.1038311 1.641691 Tracked 76780518
-0.256471 0.1377226 1.648706 Tracked 76780552
-0.2535518 0.1661245 1.654641 Tracked 76780585
-0.2470973 0.2043943 1.663603 Tracked 76780619
-0.2471136 0.2057209 1.663496 Tracked 76780652
-0.2316211 0.2785806 1.681388 Tracked 76780685
-0.2269811 0.2943353 1.682395 Tracked 76780719
-0.2259094 0.2972073 1.683126 Tracked 76780753
-0.195348 0.3644829 1.699135 Tracked 76780785
-0.1855106 0.3785431 1.701857 Tracked 76780819
-0.1691148 0.4002446 1.708032 Tracked 76780852
-0.1534632 0.4177689 1.714693 Tracked 76780885
-0.1364352 0.4328918 1.720038 Tracked 76780919
-0.1213082 0.4431074 1.725425 Tracked 76780952
-0.1063804 0.4522909 1.73142 Tracked 76780985
-0.09411509 0.459266 1.736764 Tracked 76781019
-0.08162543 0.4640491 1.742224 Tracked 76781051
-0.07146888 0.466647 1.746497 Tracked 76781085
-0.06240058 0.4677345 1.751101 Tracked 76781119
-0.05434531 0.4684913 1.755758 Tracked 76781152
-0.04831242 0.4680812 1.757974 Tracked 76781185
-0.04309911 0.4678781 1.760461 Tracked 76781219
-0.03868387 0.4673373 1.762431 Tracked 76781252
-0.03421334 0.4669886 1.765747 Tracked 76781284
-0.03170337 0.4668246 1.767511 Tracked 76781318
-0.02933379 0.4669465 1.769177 Tracked 76781351
-0.02772388 0.4668671 1.769915 Tracked 76781384
-0.027063 0.4670486 1.770428 Tracked 76781419
-0.02685798 0.4670869 1.770668 Tracked 76781452
-0.02696447 0.4672786 1.770949 Tracked 76781485
-0.02784111 0.4674763 1.770839 Tracked 76781518
-0.03117437 0.4681502 1.769588 Tracked 76781552
-0.03933235 0.4695292 1.766344 Tracked 76781585
-0.05095504 0.4690217 1.759848 Tracked 76781619
-0.06380671 0.4678698 1.752918 Tracked 76781651
-0.08172183 0.4634731 1.743143 Tracked 76781685
-0.1001551 0.4554474 1.733626 Tracked 76781718
-0.1221656 0.4437088 1.721016 Tracked 76781751
-0.1449603 0.4257194 1.707819 Tracked 76781785
-0.1668187 0.4012663 1.695921 Tracked 76781819
-0.1878945 0.3706962 1.684365 Tracked 76781852
-0.2080763 0.3347711 1.670655 Tracked 76781885
-0.2260296 0.2908725 1.657684 Tracked 76781919
-0.230848 0.265866 1.651253 Tracked 76781951
-0.2453029 0.2126815 1.638727 Tracked 76781985
-0.2502137 0.1827046 1.634357 Tracked 76782018
-0.2549955 0.14741 1.631121 Tracked 76782052
-0.2587712 0.1120971 1.625107 Tracked 76782085
-0.2624433 0.08282081 1.619151 Tracked 76782118
-0.2646723 0.05566978 1.612868 Tracked 76782151
-0.2659468 0.03371068 1.609807 Tracked 76782184
-0.2680832 0.01039817 1.607829 Tracked 76782218
-0.2670087 -0.0002186984 1.605923 Tracked 76782252
-0.2680196 -0.01750609 1.606994 Tracked 76782285
-0.2685536 -0.02479789 1.606773 Tracked 76782319
-0.270384 -0.03003643 1.605756 Tracked 76782352
-0.2712827 -0.03254735 1.60551 Tracked 76782386
-0.2717674 -0.03317725 1.605725 Tracked 76782419
-0.272328 -0.03286551 1.606164 Tracked 76782453
-0.2729603 -0.03006749 1.607519 Tracked 76782487
-0.2730227 -0.02009825 1.610286 Tracked 76782519
-0.2704994 0.003198247 1.616028 Tracked 76782552
-0.2699576 0.02102249 1.618435 Tracked 76782586
-0.2627709 0.06018879 1.624282 Tracked 76782619
-0.2594776 0.08391219 1.629104 Tracked 76782652
-0.2559867 0.1187633 1.637378 Tracked 76782685
-0.2481765 0.1528066 1.642897 Tracked 76782719
-0.2403574 0.1947989 1.651396 Tracked 76782756
-0.2299237 0.2358603 1.654037 Tracked 76782788
-0.2211459 0.2715941 1.658932 Tracked 76782821
-0.2061422 0.3108937 1.667928 Tracked 76782855
-0.1932404 0.3415508 1.676059 Tracked 76782888
-0.1733629 0.3794648 1.691508 Tracked 76782921
-0.160439 0.3964965 1.691385 Tracked 76782953
-0.1411505 0.4213743 1.698674 Tracked 76782992
-0.1273208 0.4348255 1.703345 Tracked 76783027
-0.1115051 0.4475728 1.708487 Tracked 76783054
-0.09959625 0.4565369 1.712248 Tracked 76783085
-0.08631866 0.4648545 1.718479 Tracked 76783119
-0.07818542 0.4673962 1.721023 Tracked 76783154
-0.06872178 0.469975 1.72465 Tracked 76783188
-0.06131707 0.4713325 1.726398 Tracked 76783222
-0.05457677 0.4720989 1.728283 Tracked 76783254
-0.04861588 0.472333 1.730528 Tracked 76783288
-0.04393958 0.4724552 1.732522 Tracked 76783322
-0.03993143 0.4724133 1.733379 Tracked 76783353
-0.03639356 0.4722725 1.734175 Tracked 76783386
-0.03340236 0.4720671 1.735096 Tracked 76783422
-0.03182999 0.4717363 1.73578 Tracked 76783455
-0.0310264 0.471556 1.736073 Tracked 76783488
-0.03081608 0.4715718 1.736224 Tracked 76783522
-0.03086701 0.4716233 1.736284 Tracked 76783555
-0.03204262 0.4718471 1.735998 Tracked 76783586
-0.03545704 0.4725778 1.735044 Tracked 76783623
-0.04445445 0.4732115 1.731899 Tracked 76783660
-0.0558073 0.4729269 1.727679 Tracked 76783693
-0.07281853 0.4717324 1.722155 Tracked 76783723
-0.09277514 0.4665034 1.714699 Tracked 76783757
-0.1127677 0.4590388 1.70598 Tracked 76783786
-0.1387046 0.4423157 1.694744 Tracked 76783819
-0.1621488 0.41842 1.684581 Tracked 76783852
-0.1860804 0.3891734 1.672466 Tracked 76783885
-0.2094693 0.3486796 1.659532 Tracked 76783919
-0.2271897 0.3066969 1.648051 Tracked 76783951
-0.2422032 0.2645282 1.639196 Tracked 76783985
-0.2478891 0.2281823 1.627211 Tracked 76784019
-0.254699 0.1865724 1.62118 Tracked 76784052
-0.2561623 0.1523183 1.61867 Tracked 76784085
-0.2611964 0.1164852 1.611435 Tracked 76784118
-0.262836 0.09050767 1.606411 Tracked 76784153
-0.2639816 0.0618025 1.602946 Tracked 76784185
-0.2642959 0.0380909 1.599663 Tracked 76784218
-0.2631525 0.02225105 1.598686 Tracked 76784252
-0.2614367 0.006155619 1.597152 Tracked 76784285
-0.2591075 -0.003542925 1.5966 Tracked 76784319
-0.2572347 -0.01115719 1.596218 Tracked 76784352
-0.2557741 -0.01597796 1.596069 Tracked 76784385
-0.255148 -0.0185904 1.596403 Tracked 76784419
-0.2548597 -0.0188712 1.596795 Tracked 76784452
-0.2540899 -0.01723724 1.598763 Tracked 76784485
-0.2537035 -0.01121028 1.601393 Tracked 76784519
-0.2530372 0.004600598 1.607672 Tracked 76784552
-0.2530149 0.02297348 1.611973 Tracked 76784584
-0.2526846 0.05628891 1.621867 Tracked 76784619
-0.2543588 0.08112352 1.627896 Tracked 76784652
-0.2526775 0.1181677 1.634022 Tracked 76784685
-0.2514032 0.1467205 1.638452 Tracked 76784719
-0.2465173 0.1928169 1.643 Tracked 76784752
-0.2412231 0.230602 1.64955 Tracked 76784791
-0.2332125 0.2660619 1.6562 Tracked 76784818
-0.2243078 0.2949967 1.664431 Tracked 76784852
-0.2159124 0.3273294 1.674968 Tracked 76784886
-0.2057737 0.3519801 1.685695 Tracked 76784919
-0.1904133 0.3833295 1.694497 Tracked 76784952
-0.1790086 0.4021426 1.701964 Tracked 76784986
-0.1731637 0.405863 1.702431 Tracked 76785019
-0.1445131 0.4407808 1.712467 Tracked 76785052
-0.1369401 0.4465525 1.715213 Tracked 76785085
-0.1252788 0.4532823 1.719357 Tracked 76785119
-0.1124652 0.4603934 1.725196 Tracked 76785152
-0.1022103 0.4648688 1.729802 Tracked 76785186
-0.09276606 0.4668853 1.733169 Tracked 76785218
-0.08501299 0.4681429 1.737646 Tracked 76785252
-0.07913853 0.4691188 1.741468 Tracked 76785285
-0.07461601 0.4697248 1.743634 Tracked 76785319
-0.07077514 0.470049 1.745093 Tracked 76785355
-0.06748949 0.4698639 1.747039 Tracked 76785388
-0.06483971 0.4698514 1.748372 Tracked 76785422
-0.06287896 0.4701186 1.748986 Tracked 76785453
-0.06106671 0.4705279 1.750081 Tracked 76785485
-0.06043946 0.4705827 1.750367 Tracked 76785518
-0.06026698 0.4705513 1.750337 Tracked 76785552
-0.06026334 0.4705605 1.750336 Tracked 76785585
-0.06074594 0.4707803 1.750188 Tracked 76785619
-0.06259363 0.4711858 1.749438 Tracked 76785655
-0.06751717 0.4718625 1.746517 Tracked 76785686
-0.0773466 0.4710921 1.742164 Tracked 76785719
-0.09063906 0.4698264 1.736719 Tracked 76785753
-0.1055704 0.465943 1.731177 Tracked 76785786
-0.12566 0.4579133 1.720722 Tracked 76785819
-0.143769 0.4463366 1.712608 Tracked 76785851
-0.1678647 0.4273328 1.700482 Tracked 76785885
-0.1878068 0.4055239 1.691502 Tracked 76785920
-0.2136864 0.3681807 1.678678 Tracked 76785953
-0.2360617 0.3338388 1.669853 Tracked 76785988
-0.257054 0.2876433 1.657123 Tracked 76786022
-0.2612152 0.2560693 1.650409 Tracked 76786056
-0.2702431 0.202009 1.63899 Tracked 76786088
-0.2734389 0.1748887 1.633116 Tracked 76786121
-0.2841459 0.1214402 1.615809 Tracked 76786153
-0.2885775 0.09316216 1.606693 Tracked 76786185
-0.2909722 0.03964518 1.602041 Tracked 76786219
-0.2907833 0.01282364 1.595835 Tracked 76786253
-0.2893953 -0.02207422 1.589213 Tracked 76786286
-0.2885922 -0.04377038 1.586925 Tracked 76786320
-0.2880149 -0.06939833 1.583616 Tracked 76786352
-0.2889373 -0.08974806 1.584413 Tracked 76786386
-0.2892666 -0.1006673 1.58375 Tracked 76786419
-0.2896041 -0.111297 1.584185 Tracked 76786458
-0.290177 -0.1148936 1.584578 Tracked 76786494
-0.2907344 -0.1158679 1.584299 Tracked 76786530
-0.2910313 -0.1157389 1.584257 Tracked 76786555
-0.2916238 -0.113342 1.584809 Tracked 76786588
-0.2930849 -0.1019519 1.586248 Tracked 76786621
-0.2938451 -0.08354743 1.587251 Tracked 76786654
-0.2961585 -0.06154342 1.588847 Tracked 76786687
-0.2983882 -0.01553011 1.591485 Tracked 76786722
-0.2935728 0.002999699 1.592581 Tracked 76786753
-0.2910896 0.03029679 1.589856 Tracked 76786785
-0.2902439 0.07827561 1.596612 Tracked 76786819
-0.2886254 0.1063188 1.602593 Tracked 76786852
-0.2789654 0.1522857 1.612334 Tracked 76786885
-0.2718116 0.1886586 1.617244 Tracked 76786919
-0.2585897 0.2393845 1.624533 Tracked 76786952
-0.2506337 0.2683697 1.633368 Tracked 76786986
-0.2369079 0.3073498 1.637812 Tracked 76787019
-0.2220221 0.3381454 1.648082 Tracked 76787052
-0.2088789 0.3648828 1.655814 Tracked 76787085
-0.1887994 0.3940486 1.66515 Tracked 76787119
-0.1730164 0.4108841 1.671438 Tracked 76787152
-0.1573329 0.4270565 1.676919 Tracked 76787186
-0.1410832 0.4389939 1.683829 Tracked 76787219
-0.128211 0.4477026 1.689181 Tracked 76787252
-0.1182218 0.4523769 1.691304 Tracked 76787284
-0.1077162 0.4565768 1.694583 Tracked 76787323
-0.09666527 0.4592769 1.698125 Tracked 76787360
-0.08967777 0.4607422 1.700359 Tracked 76787389
-0.08396723 0.4613571 1.702497 Tracked 76787419
-0.07929645 0.4623679 1.703538 Tracked 76787452
-0.07467352 0.4627509 1.704443 Tracked 76787485
-0.07147734 0.4628229 1.704898 Tracked 76787519
-0.06891683 0.4630032 1.704958 Tracked 76787552
-0.0659727 0.4632887 1.704931 Tracked 76787585
-0.06415454 0.4636776 1.704854 Tracked 76787619
-0.06293672 0.4641068 1.704665 Tracked 76787651
-0.06241051 0.4643849 1.704468 Tracked 76787685
-0.06199303 0.4649821 1.704131 Tracked 76787718
-0.0620211 0.4653611 1.703802 Tracked 76787758
-0.06283867 0.4664044 1.703056 Tracked 76787792
-0.06507543 0.4674643 1.701696 Tracked 76787827
-0.07012783 0.4689523 1.698457 Tracked 76787857
-0.07961204 0.4698175 1.693155 Tracked 76787887
-0.09377582 0.4682363 1.686818 Tracked 76787920
-0.1119007 0.4641467 1.677634 Tracked 76787953
-0.1329659 0.4559689 1.667871 Tracked 76787987
-0.1610101 0.4391124 1.655688 Tracked 76788020
-0.1862592 0.4174886 1.644665 Tracked 76788054
-0.2077156 0.3908454 1.630671 Tracked 76788087
-0.2335398 0.3507945 1.618774 Tracked 76788120
-0.2517543 0.3119485 1.608662 Tracked 76788153
-0.2654825 0.2707106 1.600866 Tracked 76788188
-0.2727442 0.2307627 1.594504 Tracked 76788221
-0.2821651 0.1866168 1.590094 Tracked 76788256
-0.2820711 0.1865685 1.590078 Tracked 76788286
-0.2951057 0.1071488 1.576936 Tracked 76788321
-0.295847 0.08388755 1.572614 Tracked 76788354
-0.2957146 0.04170881 1.570546 Tracked 76788387
-0.2954765 0.009186086 1.569482 Tracked 76788421
-0.294829 -0.01247769 1.568221 Tracked 76788462
-0.2936022 -0.03793704 1.569084 Tracked 76788489
-0.2919097 -0.05519142 1.57057 Tracked 76788520
-0.2918894 -0.07179584 1.574351 Tracked 76788554
-0.291083 -0.08190835 1.575878 Tracked 76788586
-0.2904302 -0.08766728 1.577731 Tracked 76788619
-0.2902053 -0.09022161 1.578876 Tracked 76788653
-0.2900105 -0.09048604 1.580009 Tracked 76788687
-0.2887737 -0.08668043 1.583655 Tracked 76788719
-0.2869686 -0.07215296 1.588396 Tracked 76788756
-0.28627 -0.0491239 1.591984 Tracked 76788791
-0.2837684 -0.0207602 1.600854 Tracked 76788825
-0.2773575 0.01512361 1.605021 Tracked 76788861
-0.2690576 0.06004622 1.614007 Tracked 76788896
-0.2619348 0.09163645 1.621703 Tracked 76788931
-0.255544 0.142461 1.629761 Tracked 76788954
-0.2464468 0.1749485 1.630792 Tracked 76788987
-0.2332317 0.2244169 1.64444 Tracked 76789020
-0.2202412 0.2642278 1.657675 Tracked 76789054
-0.2171393 0.2723708 1.657993 Tracked 76789087
-0.1858608 0.3386394 1.672347 Tracked 76789119
-0.1710871 0.3619278 1.68416 Tracked 76789153
-0.1468317 0.3944677 1.694891 Tracked 76789186
-0.1283988 0.4152699 1.703018 Tracked 76789219
-0.1076842 0.4338525 1.706068 Tracked 76789252
-0.08842903 0.4476338 1.713337 Tracked 76789286
-0.07042445 0.4581294 1.719434 Tracked 76789319
-0.05437037 0.4644195 1.726387 Tracked 76789352
-0.03973511 0.4691303 1.732858 Tracked 76789385
-0.02682257 0.4707239 1.736921 Tracked 76789419
-0.01424926 0.4712012 1.741985 Tracked 76789452
-0.002932679 0.4686434 1.745529 Tracked 76789485
0.006359082 0.4669181 1.748823 Tracked 76789519
0.01464443 0.4646523 1.752165 Tracked 76789552
0.02095965 0.4625699 1.753903 Tracked 76789585
0.02323775 0.4619243 1.754831 Tracked 76789619
0.02558013 0.4612048 1.755409 Tracked 76789651
0.02726511 0.4607664 1.755997 Tracked 76789685
0.02828905 0.460485 1.756259 Tracked 76789719
0.02902588 0.4602649 1.756487 Tracked 76789752
0.0294865 0.460088 1.756639 Tracked 76789785
0.02968428 0.4600947 1.756792 Tracked 76789819
0.03038921 0.460201 1.757112 Tracked 76789852
0.0304256 0.4603326 1.75729 Tracked 76789885
0.02909212 0.4609028 1.75721 Tracked 76789919
0.0246617 0.4625632 1.756202 Tracked 76789952
0.01510748 0.4656979 1.753078 Tracked 76789985
0.001990109 0.4689033 1.747532 Tracked 76790019
-0.01299321 0.4724581 1.739321 Tracked 76790051
-0.02985624 0.4735362 1.729433 Tracked 76790085
-0.04768062 0.4723447 1.719968 Tracked 76790119
-0.07015869 0.4669644 1.707285 Tracked 76790152
-0.09400696 0.455569 1.695121 Tracked 76790186
-0.1176478 0.4373827 1.680488 Tracked 76790222
-0.1424305 0.4115285 1.665673 Tracked 76790254
-0.1657619 0.3823072 1.650808 Tracked 76790289
-0.1870386 0.344257 1.635586 Tracked 76790321
-0.2074684 0.2962881 1.619361 Tracked 76790353
-0.2176988 0.243877 1.612406 Tracked 76790386
-0.2228246 0.2194613 1.603936 Tracked 76790420
-0.2300363 0.1722688 1.594258 Tracked 76790453
-0.2331227 0.1434482 1.586251 Tracked 76790486
-0.2346009 0.09853438 1.579522 Tracked 76790520
-0.2340671 0.07154064 1.575575 Tracked 76790553
-0.2324985 0.037201 1.569964 Tracked 76790587
-0.2336478 0.01033824 1.566906 Tracked 76790620
-0.2300761 -0.01437235 1.565438 Tracked 76790653
-0.2288834 -0.03888876 1.568252 Tracked 76790686
-0.2287096 -0.05592292 1.567832 Tracked 76790720
-0.228578 -0.06984606 1.568157 Tracked 76790754
-0.2279924 -0.07506935 1.568018 Tracked 76790787
-0.227538 -0.07746415 1.567964 Tracked 76790820
-0.2274221 -0.07756771 1.568016 Tracked 76790852
-0.2264396 -0.07248195 1.569293 Tracked 76790886
-0.2250641 -0.04739437 1.570847 Tracked 76790920
-0.2254848 -0.02364666 1.576177 Tracked 76790952
-0.2261784 0.01248348 1.58052 Tracked 76790986
-0.2233764 0.04802885 1.585505 Tracked 76791021
-0.2202343 0.0833761 1.592113 Tracked 76791053
-0.2162726 0.1284019 1.600796 Tracked 76791086
-0.2124482 0.1587688 1.608411 Tracked 76791120
-0.2033656 0.210771 1.621336 Tracked 76791153
-0.1929377 0.2426655 1.629636 Tracked 76791187
-0.1770147 0.2881818 1.640689 Tracked 76791221
-0.1704589 0.3199899 1.65051 Tracked 76791254
-0.1566522 0.351289 1.660969 Tracked 76791286
-0.1506268 0.3624326 1.665593 Tracked 76791320
-0.1222437 0.4099553 1.686616 Tracked 76791353
-0.1139468 0.4205325 1.692834 Tracked 76791386
-0.09797822 0.4355776 1.702399 Tracked 76791420
-0.0859037 0.4455217 1.709765 Tracked 76791453
-0.08417248 0.4467818 1.71058 Tracked 76791487
-0.06096394 0.4608664 1.724508 Tracked 76791520
-0.05727908 0.4625267 1.726955 Tracked 76791553
-0.0530639 0.4641553 1.730029 Tracked 76791586
-0.05022542 0.4643769 1.730896 Tracked 76791620
-0.03979988 0.469034 1.732444 Tracked 76791652
-0.03486518 0.4699642 1.733899 Tracked 76791685
-0.02888664 0.4708534 1.736185 Tracked 76791719
-0.02450825 0.4708338 1.738785 Tracked 76791755
-0.02076269 0.4703004 1.740581 Tracked 76791790
-0.01773712 0.4699217 1.74215 Tracked 76791823
-0.01556133 0.4693995 1.743561 Tracked 76791854
-0.01427001 0.4691218 1.744417 Tracked 76791888
-0.01367812 0.4689528 1.74478 Tracked 76791919
-0.01350577 0.4687224 1.744864 Tracked 76791952
-0.01343894 0.4687077 1.745202 Tracked 76791985
-0.01363092 0.4686978 1.745382 Tracked 76792019
-0.01459376 0.4688668 1.745266 Tracked 76792059
-0.01728892 0.4697299 1.744822 Tracked 76792094
-0.02404489 0.4715857 1.742625 Tracked 76792123
-0.03564142 0.4733004 1.738284 Tracked 76792154
-0.04927044 0.473847 1.733278 Tracked 76792187
-0.06575821 0.4728628 1.725205 Tracked 76792219
-0.08343507 0.4680351 1.716875 Tracked 76792254
-0.1062876 0.4570359 1.706334 Tracked 76792288
-0.1297655 0.4396515 1.69461 Tracked 76792321
-0.1523966 0.4146491 1.68308 Tracked 76792352
-0.1755124 0.3835351 1.669535 Tracked 76792388
-0.200217 0.3407192 1.655336 Tracked 76792421
-0.2196365 0.2981212 1.644108 Tracked 76792454
-0.2262182 0.2645038 1.639401 Tracked 76792488
-0.2241873 0.2153299 1.625975 Tracked 76792522
-0.2332622 0.1818988 1.61881 Tracked 76792552
-0.2412693 0.1407819 1.609684 Tracked 76792586
-0.2434079 0.1100804 1.604132 Tracked 76792618
-0.2448985 0.07053377 1.598306 Tracked 76792654
-0.2449546 0.04803162 1.59223 Tracked 76792687
-0.2429482 0.01654471 1.586729 Tracked 76792723
-0.2413012 -0.003097588 1.584919 Tracked 76792752
-0.2387476 -0.01852576 1.582422 Tracked 76792785
-0.2386039 -0.02980645 1.581886 Tracked 76792818
-0.2378777 -0.04188057 1.583653 Tracked 76792852
-0.2368091 -0.04475215 1.583982 Tracked 76792885
-0.2360517 -0.04597259 1.583859 Tracked 76792920
-0.2359784 -0.04599699 1.583695 Tracked 76792952
-0.2352895 -0.04288706 1.583399 Tracked 76792985
-0.2345998 -0.03600889 1.584419 Tracked 76793018
-0.2336497 -0.02118998 1.585136 Tracked 76793052
-0.2332953 0.003091201 1.586626 Tracked 76793085
-0.2326263 0.02204942 1.587467 Tracked 76793119
-0.2294453 0.05238029 1.592509 Tracked 76793152
-0.2260559 0.07991777 1.597954 Tracked 76793186
-0.2259309 0.1174191 1.604136 Tracked 76793219
-0.2211683 0.1522484 1.609287 Tracked 76793252
-0.2166741 0.194821 1.615672 Tracked 76793285
-0.2089112 0.2391066 1.620599 Tracked 76793319
-0.2087888 0.2389484 1.62078 Tracked 76793356
-0.2001794 0.2648425 1.627958 Tracked 76793386
-0.1750439 0.3455185 1.645064 Tracked 76793419
-0.1696744 0.3637448 1.647346 Tracked 76793452
-0.1601432 0.4016518 1.658663 Tracked 76793486
-0.1495507 0.4167407 1.661235 Tracked 76793519
-0.1350351 0.4355088 1.667783 Tracked 76793557
-0.1215152 0.4460425 1.674231 Tracked 76793587
-0.1079021 0.4545494 1.680213 Tracked 76793619
-0.09653556 0.4614105 1.685657 Tracked 76793652
-0.08657903 0.4657561 1.690757 Tracked 76793685
-0.07672591 0.4684486 1.696882 Tracked 76793719
-0.06861954 0.4699035 1.701267 Tracked 76793752
-0.0610497 0.4701517 1.705161 Tracked 76793785
-0.05403205 0.4693557 1.709049 Tracked 76793819
-0.04841019 0.4686979 1.711881 Tracked 76793852
-0.04404486 0.4682052 1.714634 Tracked 76793884
-0.03917332 0.4679725 1.717634 Tracked 76793919
-0.03562466 0.4672686 1.720572 Tracked 76793952
-0.03206192 0.4669935 1.722979 Tracked 76793985
-0.0303566 0.4667007 1.724154 Tracked 76794019
-0.02848917 0.46662 1.726116 Tracked 76794052
-0.02743518 0.4664954 1.727054 Tracked 76794091
-0.02718942 0.4664486 1.727427 Tracked 76794126
-0.02721918 0.4666053 1.727928 Tracked 76794160
-0.02771176 0.4668217 1.728161 Tracked 76794194
-0.03015993 0.4674655 1.728311 Tracked 76794225
-0.03561324 0.4684523 1.728039 Tracked 76794254
-0.0441631 0.469961 1.726219 Tracked 76794285
-0.05767155 0.4696758 1.722491 Tracked 76794319
-0.06002037 0.4699118 1.720068 Tracked 76794352
-0.1021093 0.4627795 1.706656 Tracked 76794385
-0.1160209 0.4561489 1.700497 Tracked 76794421
-0.1440595 0.4411719 1.689119 Tracked 76794453
-0.1684119 0.4200165 1.677694 Tracked 76794485
-0.1953141 0.3907401 1.664192 Tracked 76794519
-0.2183008 0.3519744 1.654679 Tracked 76794552
-0.239504 0.3068575 1.638595 Tracked 76794585
-0.2510993 0.2757201 1.632322 Tracked 76794619
-0.2594038 0.2245132 1.623287 Tracked 76794652
-0.2662523 0.1945899 1.618267 Tracked 76794685
-0.2721049 0.1501794 1.606051 Tracked 76794719
-0.2755483 0.1103643 1.600206 Tracked 76794752
-0.2760995 0.07420622 1.594919 Tracked 76794786
-0.2760991 0.06066386 1.594144 Tracked 76794819
-0.2732022 -0.001017512 1.591771 Tracked 76794853
-0.2724762 -0.01316216 1.591803 Tracked 76794885
-0.270525 -0.03323234 1.589404 Tracked 76794919
-0.2679402 -0.05241426 1.589068 Tracked 76794952
-0.2674235 -0.06615393 1.590874 Tracked 76794986
-0.2671719 -0.07574151 1.593713 Tracked 76795019
-0.2663617 -0.07900359 1.595188 Tracked 76795053
-0.2658074 -0.07967202 1.59592 Tracked 76795086
-0.2651756 -0.07935411 1.597251 Tracked 76795119
-0.2635033 -0.07573152 1.596775 Tracked 76795152
-0.2632444 -0.07338575 1.597814 Tracked 76795186
-0.2648778 -0.06364468 1.598443 Tracked 76795219
-0.2643499 -0.042591 1.603543 Tracked 76795253
-0.2634348 -0.02585829 1.606298 Tracked 76795286
-0.2614929 0.00332593 1.607942 Tracked 76795319
-0.2579887 0.03605459 1.610737 Tracked 76795352
-0.2578081 0.06848304 1.610895 Tracked 76795385
-0.2519283 0.1081697 1.612356 Tracked 76795419
-0.2473111 0.1368365 1.620872 Tracked 76795452
-0.2339353 0.1837618 1.628761 Tracked 76795486
-0.22659 0.2212786 1.635962 Tracked 76795519
-0.2157845 0.2641539 1.643695 Tracked 76795553
-0.2097516 0.2894068 1.649683 Tracked 76795586
-0.1926393 0.3343395 1.660503 Tracked 76795619
-0.1827511 0.3557373 1.668203 Tracked 76795652
-0.167638 0.3780494 1.679236 Tracked 76795686
-0.1497141 0.3954102 1.689479 Tracked 76795719
-0.1488503 0.3962168 1.689714 Tracked 76795753
-0.1097435 0.4315819 1.708212 Tracked 76795786
-0.1058775 0.4333052 1.708322 Tracked 76795819
-0.08904881 0.4480313 1.711048 Tracked 76795852
-0.08007554 0.4519971 1.713805 Tracked 76795886
-0.07470882 0.4535179 1.715633 Tracked 76795919
-0.06967155 0.4541051 1.717256 Tracked 76795952
-0.04784926 0.4534745 1.725063 Tracked 76795985
-0.04161211 0.4531011 1.727211 Tracked 76796019
-0.03576687 0.4522432 1.729027 Tracked 76796052
-0.03123784 0.4514771 1.730488 Tracked 76796085
-0.0274528 0.4509512 1.731782 Tracked 76796119
-0.02448063 0.4505396 1.732868 Tracked 76796151
-0.02191328 0.4502344 1.733212 Tracked 76796185
-0.02022145 0.4502339 1.733413 Tracked 76796219
-0.01865037 0.4501562 1.73362 Tracked 76796251
-0.01773516 0.4501098 1.733645 Tracked 76796285
-0.01650158 0.4508591 1.733857 Tracked 76796320
-0.01603238 0.4507827 1.733962 Tracked 76796352
-0.01562469 0.4508418 1.734066 Tracked 76796385
-0.01529286 0.4507585 1.734267 Tracked 76796420
-0.01514973 0.4508156 1.734372 Tracked 76796452
-0.01466945 0.4514114 1.734495 Tracked 76796486
-0.01445188 0.4515781 1.734499 Tracked 76796519
-0.01445088 0.4517243 1.734515 Tracked 76796553
-0.01449814 0.4519059 1.734355 Tracked 76796586
-0.01478891 0.4520115 1.734105 Tracked 76796619
-0.01545888 0.4519553 1.73316 Tracked 76796653
-0.01656797 0.451303 1.73148 Tracked 76796686
-0.01804293 0.4502509 1.729051 Tracked 76796720
-0.01950004 0.4491965 1.726015 Tracked 76796753
-0.02103771 0.4488834 1.723686 Tracked 76796786
-0.02207733 0.4485693 1.72132 Tracked 76796820
-0.0233177 0.4482717 1.719204 Tracked 76796853
-0.02469355 0.4479875 1.716799 Tracked 76796886
-0.02593071 0.4476477 1.714988 Tracked 76796920
-0.02668692 0.447229 1.713587 Tracked 76796954
-0.02693151 0.4470623 1.71294 Tracked 76796986
-0.02732253 0.4467289 1.712353 Tracked 76797020
-0.02754159 0.4463879 1.71203 Tracked 76797052
-0.0276302 0.4461283 1.712009 Tracked 76797086
-0.02779717 0.4458565 1.71214 Tracked 76797120
-0.02798773 0.4455442 1.712332 Tracked 76797153
-0.02818047 0.4451859 1.713245 Tracked 76797187
-0.02838803 0.444767 1.715273 Tracked 76797220
-0.02859106 0.4444513 1.717914 Tracked 76797252
-0.02858592 0.4449066 1.721916 Tracked 76797287
-0.02855731 0.4447622 1.723879 Tracked 76797320
-0.02865856 0.445208 1.727522 Tracked 76797354
