0.4442915 0.0004516176 1.190227 Tracked 67108634
0.4439351 0.0004613875 1.190127 Tracked 67108667
0.4459945 0.000397341 1.190483 Tracked 67108697
0.4478931 0.0004540452 1.191363 Tracked 67108731
0.4491837 0.0006325744 1.191942 Tracked 67108764
0.4503434 0.000614684 1.192391 Tracked 67108797
0.4511093 0.0006376592 1.192701 Tracked 67108832
0.4515624 0.0007792223 1.193035 Tracked 67108864
0.4518884 0.000885212 1.19319 Tracked 67108897
0.4521198 0.000925635 1.193309 Tracked 67108931
0.4523062 0.00103379 1.193499 Tracked 67108963
0.4525042 0.001185737 1.193681 Tracked 67108998
0.4525814 0.001268378 1.193805 Tracked 67109031
0.4527177 0.001276318 1.193927 Tracked 67109064
0.4528887 0.001314384 1.19405 Tracked 67109098
0.4530617 0.001455155 1.194384 Tracked 67109131
0.4532148 0.001500978 1.194547 Tracked 67109163
0.4533845 0.001596238 1.194807 Tracked 67109198
0.4536241 0.001572018 1.194955 Tracked 67109230
0.4537507 0.001567895 1.195061 Tracked 67109264
0.4539826 0.001613552 1.195394 Tracked 67109297
0.4541859 0.00170329 1.195819 Tracked 67109331
0.4544331 0.0017183 1.196188 Tracked 67109363
0.4546108 0.001669251 1.196484 Tracked 67109397
0.4546736 0.001663255 1.196603 Tracked 67109431
0.4547118 0.001712814 1.197127 Tracked 67109463
0.4546428 0.001785134 1.197404 Tracked 67109509
0.4545213 0.001827971 1.197795 Tracked 67109530
0.4545551 0.001944447 1.198742 Tracked 67109563
0.454391 0.002213659 1.199497 Tracked 67109597
0.4541397 0.002475902 1.20032 Tracked 67109631
0.4539473 0.002720794 1.20095 Tracked 67109663
0.4537816 0.002896768 1.201865 Tracked 67109697
0.4535971 0.003173138 1.20282 Tracked 67109732
0.4534851 0.003306231 1.203308 Tracked 67109763
0.4535118 0.003432327 1.20388 Tracked 67109797
0.4534532 0.003453599 1.204167 Tracked 67109831
0.4534025 0.003503471 1.204416 Tracked 67109864
0.4533841 0.003531841 1.204951 Tracked 67109897
0.4533547 0.003568617 1.205223 Tracked 67109931
0.4532107 0.00360016 1.205486 Tracked 67109965
0.4529803 0.003693458 1.205753 Tracked 67109997
0.4527339 0.003738494 1.205992 Tracked 67110031
0.4524925 0.00373911 1.206041 Tracked 67110064
0.452115 0.003685415 1.206289 Tracked 67110097
0.4514455 0.003707191 1.206708 Tracked 67110131
0.4509735 0.003755155 1.206906 Tracked 67110164
0.4503594 0.003808447 1.207364 Tracked 67110197
0.4498737 0.00387298 1.207496 Tracked 67110231
0.4493127 0.003868495 1.207856 Tracked 67110264
0.4488719 0.003849305 1.208139 Tracked 67110297
0.4484279 0.003931251 1.208392 Tracked 67110331
0.4479424 0.003916238 1.208743 Tracked 67110364
0.4477259 0.003880127 1.20897 Tracked 67110397
0.4474859 0.003873658 1.20918 Tracked 67110431
0.4473051 0.003816698 1.209353 Tracked 67110463
0.447137 0.00375961 1.209372 Tracked 67110497
0.446966 0.003730183 1.209389 Tracked 67110531
0.4467336 0.003614892 1.20941 Tracked 67110563
0.4465369 0.00358695 1.209566 Tracked 67110597
0.4463263 0.003505078 1.209641 Tracked 67110631
0.446207 0.003454949 1.209642 Tracked 67110663
0.4461837 0.003363741 1.209686 Tracked 67110696
0.4460937 0.003370304 1.209786 Tracked 67110731
0.4460591 0.003339152 1.209781 Tracked 67110763
0.4460228 0.003320855 1.209857 Tracked 67110796
0.4460451 0.003299484 1.210008 Tracked 67110831
0.4460784 0.003298108 1.210145 Tracked 67110863
0.4461795 0.003226989 1.210402 Tracked 67110897
0.4465176 0.003261456 1.210833 Tracked 67110931
0.4468983 0.003172005 1.211216 Tracked 67110964
0.4472726 0.003152195 1.211542 Tracked 67110997
0.447578 0.003201901 1.211808 Tracked 67111031
0.4481788 0.003351573 1.212418 Tracked 67111064
0.44866 0.003317607 1.212744 Tracked 67111097
0.4493791 0.003296598 1.213226 Tracked 67111131
0.4502759 0.003142107 1.213528 Tracked 67111164
0.4508911 0.003265033 1.213745 Tracked 67111197
0.4518592 0.003313689 1.214123 Tracked 67111231
0.4526564 0.003378341 1.214284 Tracked 67111264
0.4532935 0.003606023 1.214186 Tracked 67111297
0.4536894 0.003956486 1.214111 Tracked 67111331
0.4542754 0.004202851 1.213666 Tracked 67111364
0.4551051 0.004359098 1.213506 Tracked 67111397
0.456198 0.004291947 1.213198 Tracked 67111431
0.4572507 0.004544246 1.213226 Tracked 67111463
0.459 0.004368448 1.213251 Tracked 67111497
0.4608482 0.004294299 1.213455 Tracked 67111531
0.4620147 0.004417161 1.213739 Tracked 67111564
0.46319 0.004525787 1.213527 Tracked 67111597
0.4643371 0.004534448 1.213197 Tracked 67111631
0.4644751 0.005045021 1.213314 Tracked 67111664
0.4619792 0.008802792 1.215169 Tracked 67111697
0.4617289 0.01010683 1.215044 Tracked 67111731
0.4615582 0.01246193 1.214252 Inferred 67111764
0.4613308 0.01225745 1.214246 Inferred 67111797
0.4806302 0.01668513 1.210465 Tracked 67111832
0.4836318 0.01856692 1.209467 Tracked 67111864
0.4837444 0.01848546 1.209334 Tracked 67111897
0.4835137 0.01740137 1.208956 Tracked 67111932
0.4790601 0.01089557 1.210285 Tracked 67111964
0.4791471 0.01087981 1.210475 Tracked 67111997
0.4792531 0.01087545 1.210538 Tracked 67112031
0.479768 0.01136308 1.210867 Tracked 67112064
0.4797217 0.01141426 1.210956 Tracked 67112097
0.4805555 0.01191165 1.210889 Inferred 67112131
0.4830983 0.01308552 1.210346 Inferred 67112163
0.4849254 0.01392926 1.209649 Inferred 67112197
0.4883324 0.0118065 1.208725 Inferred 67112231
0.4898207 0.006241826 1.20855 Tracked 67112263
0.4897722 0.00616556 1.208461 Tracked 67112298
0.4895101 0.005740715 1.208639 Tracked 67112331
0.4893214 0.00524654 1.209278 Tracked 67112365
0.4868856 -0.004923354 1.2139 Tracked 67112397
0.4861782 -0.007878187 1.21549 Tracked 67112431
0.4858584 -0.009282999 1.21631 Tracked 67112465
0.4857194 -0.009997373 1.216288 Tracked 67112497
0.4856991 -0.01027693 1.216201 Tracked 67112531
0.4856849 -0.01032764 1.216012 Tracked 67112564
0.4866331 -0.005469764 1.21363 Tracked 67112597
0.4865835 -0.005914863 1.212736 Tracked 67112631
0.4866105 -0.006050807 1.211901 Tracked 67112665
0.4867019 -0.005885969 1.211443 Tracked 67112696
0.4859501 -0.006956252 1.207371 Tracked 67112730
0.4859193 -0.007007425 1.207047 Tracked 67112764
0.4858869 -0.007110777 1.206602 Tracked 67112796
0.4859868 -0.007580503 1.205737 Tracked 67112831
0.4860056 -0.008261787 1.204777 Tracked 67112865
0.4861221 -0.00857921 1.204313 Tracked 67112897
0.4858834 -0.009815603 1.201345 Tracked 67112931
0.4848557 -0.01235803 1.194033 Tracked 67112964
0.4849158 -0.01352111 1.189875 Tracked 67112998
0.4864983 -0.008339087 1.19091 Tracked 67113033
0.4871349 -0.006136698 1.190945 Tracked 67113064
0.4878969 -0.008092614 1.186587 Tracked 67113097
0.4885396 -0.00843701 1.186474 Tracked 67113131
0.4904584 -0.009304721 1.186494 Tracked 67113163
0.4924028 -0.004532495 1.191777 Tracked 67113198
0.4935941 -0.002217419 1.195099 Tracked 67113231
0.4944762 -0.0002966804 1.198092 Tracked 67113264
0.4949228 0.0007378726 1.199998 Tracked 67113298
0.4951718 0.001540871 1.201667 Tracked 67113331
0.4948507 0.003061788 1.204591 Tracked 67113364
0.4942006 0.004467498 1.207736 Tracked 67113398
0.4934605 0.005593474 1.211181 Tracked 67113431
0.492419 0.006150736 1.214578 Tracked 67113464
0.4901042 0.0073068 1.22059 Tracked 67113497
0.473693 -0.001039639 1.261812 Tracked 67113531
0.4710284 -0.001630274 1.264703 Tracked 67113564
0.4667326 -0.002561683 1.272978 Tracked 67113597
0.4632366 -0.002620361 1.278513 Tracked 67113630
0.4544462 -0.001969883 1.28976 Tracked 67113664
0.4456016 -0.001306562 1.296245 Tracked 67113696
0.4377874 -0.001791544 1.302664 Tracked 67113731
0.4269097 -0.001642823 1.310887 Tracked 67113764
0.420401 -0.002426725 1.314615 Tracked 67113797
0.4055526 -0.007893453 1.320954 Tracked 67113831
0.3959943 -0.009637055 1.325343 Tracked 67113866
0.3880032 -0.01048899 1.330108 Tracked 67113897
0.3805124 -0.0109161 1.334358 Tracked 67113932
0.376395 -0.01056751 1.337014 Tracked 67113965
0.3721412 -0.008929396 1.340476 Tracked 67113997
0.3689611 -0.007310055 1.344027 Tracked 67114031
0.3548141 0.003747113 1.35809 Tracked 67114066
0.353018 0.004682144 1.359654 Tracked 67114097
0.3503282 0.005211342 1.360727 Tracked 67114131
0.3495426 0.004880344 1.360914 Tracked 67114164
0.3482533 0.003185168 1.360363 Tracked 67114198
0.3480199 0.001231999 1.360521 Tracked 67114231
0.3478015 -0.0004496887 1.360281 Tracked 67114264
0.3513283 -0.003901736 1.356249 Tracked 67114298
0.3531563 -0.004935724 1.354948 Tracked 67114332
0.354582 -0.005100229 1.35379 Tracked 67114364
0.3565263 -0.005201887 1.352271 Tracked 67114398
0.3584628 -0.004192408 1.351539 Tracked 67114431
0.3603792 -0.005305596 1.350017 Tracked 67114464
0.3624132 -0.005478009 1.348805 Tracked 67114497
0.3643563 -0.005811103 1.348002 Tracked 67114531
0.3650292 -0.006312529 1.347579 Tracked 67114563
0.3658937 -0.00717324 1.347309 Tracked 67114597
0.3677338 -0.00910842 1.347082 Tracked 67114631
0.3700234 -0.01092122 1.346418 Tracked 67114664
0.3710868 -0.01121265 1.345495 Tracked 67114697
0.3727877 -0.01127902 1.344384 Tracked 67114731
0.380251 -0.01033428 1.340774 Tracked 67114764
0.3857708 -0.008785839 1.337828 Tracked 67114797
0.388173 -0.00773953 1.334209 Tracked 67114831
0.3870704 -0.006697434 1.331267 Tracked 67114865
0.3862587 -0.006997182 1.330913 Tracked 67114897
0.3855148 -0.008666412 1.329852 Tracked 67114931
0.3840838 -0.01048127 1.329057 Tracked 67114965
0.383163 -0.01144458 1.328211 Tracked 67114997
0.3821012 -0.01177703 1.327674 Tracked 67115032
0.3817801 -0.011628 1.327271 Tracked 67115067
0.3819315 -0.01136012 1.326393 Tracked 67115097
0.3793409 -0.01231641 1.324762 Tracked 67115131
0.3768715 -0.01293695 1.323236 Tracked 67115164
0.3746075 -0.01454167 1.321075 Tracked 67115197
0.3752262 -0.01626567 1.31106 Tracked 67115232
0.3778077 -0.0139113 1.30711 Tracked 67115264
0.3782468 -0.01284502 1.305138 Tracked 67115298
0.385431 -0.005971348 1.282533 Tracked 67115331
0.3842442 -0.01138336 1.283542 Tracked 67115364
0.3938987 -0.020179 1.258754 Tracked 67115398
0.393919 -0.02021546 1.258491 Tracked 67115432
0.3935592 -0.02135336 1.259659 Tracked 67115464
0.3916266 -0.01693966 1.266636 Tracked 67115497
0.3915023 -0.01644698 1.267504 Tracked 67115532
0.3957599 -0.01151472 1.263886 Tracked 67115564
0.3944245 -0.01297643 1.2646 Tracked 67115597
0.3958766 -0.01250258 1.26025 Tracked 67115631
0.3957981 -0.01287485 1.260565 Tracked 67115664
0.3961059 -0.01315226 1.260347 Tracked 67115697
0.3963634 -0.01305967 1.260339 Tracked 67115731
0.3963221 -0.01315788 1.260382 Tracked 67115764
0.3966088 -0.01708769 1.258484 Tracked 67115797
0.3968383 -0.01963429 1.257028 Tracked 67115831
0.3970102 -0.02097827 1.256217 Tracked 67115865
0.3973903 -0.02171089 1.255766 Tracked 67115897
0.3981733 -0.02009353 1.256542 Tracked 67115931
0.3993328 -0.01864679 1.257062 Tracked 67115965
0.4095541 -0.01284321 1.260513 Inferred 67115997
0.407702 -0.01299348 1.260249 Inferred 67116031
0.4054569 -0.01347572 1.260471 Inferred 67116064
0.4039882 -0.01385186 1.260932 Inferred 67116097
0.4030836 -0.01405786 1.261611 Inferred 67116132
0.4002728 -0.01519493 1.262509 Inferred 67116165
0.3997962 -0.01531435 1.263064 Tracked 67116197
0.3998102 -0.01695568 1.262729 Tracked 67116232
0.4149773 -0.01364338 1.237533 Tracked 67116264
0.4045053 -0.03158048 1.259287 Tracked 67116298
0.4045205 -0.03221845 1.261545 Inferred 67116332
0.4100181 -0.02628623 1.252342 Inferred 67116364
0.4149125 -0.02407902 1.246195 Inferred 67116398
0.410743 -0.02425698 1.251717 Inferred 67116431
0.4080946 -0.02380044 1.255022 Inferred 67116464
0.4037425 -0.02226034 1.258025 Inferred 67116498
0.3991111 -0.01942495 1.261227 Inferred 67116532
0.4021309 -0.01995094 1.258406 Inferred 67116564
0.4098124 -0.01604275 1.245752 Inferred 67116598
0.4090996 -0.01250581 1.255251 Tracked 67116631
0.3910323 -0.003668673 1.30411 Tracked 67116664
0.3942368 -0.005073316 1.297232 Tracked 67116697
0.3944218 -0.006472503 1.295342 Tracked 67116731
0.4162159 -0.02910241 1.277987 Inferred 67116764
0.4099718 -0.02529798 1.280725 Inferred 67116797
0.397681 -0.01743738 1.287118 Inferred 67116831
0.3979586 -0.01224614 1.292258 Tracked 67116864
0.3985342 -0.0109218 1.292963 Tracked 67116897
0.3976592 -0.01067698 1.293381 Inferred 67116931
0.3973754 -0.01059534 1.29327 Inferred 67116965
0.3990087 -0.0115981 1.291588 Inferred 67116997
0.3990357 -0.01161447 1.29123 Inferred 67117031
0.3965337 -0.01074465 1.29144 Inferred 67117064
0.3971109 -0.0110248 1.290831 Inferred 67117097
0.3971186 -0.01109999 1.290696 Inferred 67117132
0.3970784 -0.01133431 1.290475 Inferred 67117164
0.3969893 -0.01152562 1.290263 Inferred 67117197
0.3980412 -0.009394688 1.293663 Tracked 67117232
0.3983497 -0.008585845 1.29617 Tracked 67117264
0.3986897 -0.007754043 1.298099 Tracked 67117298
0.3986013 -0.00779043 1.297987 Inferred 67117332
0.4007273 -0.009683124 1.294519 Inferred 67117364
0.401162 -0.009787835 1.293359 Inferred 67117398
0.3997336 -0.008948302 1.292886 Inferred 67117432
0.3986244 -0.009101566 1.292424 Inferred 67117464
0.3976858 -0.009622534 1.292012 Inferred 67117497
0.3975322 -0.009702084 1.291818 Inferred 67117531
0.3975194 -0.009867098 1.29136 Inferred 67117564
0.3991001 -0.01241556 1.28862 Inferred 67117597
0.4122515 -0.03263102 1.274544 Inferred 67117631
0.4079182 -0.03452577 1.28255 Tracked 67117664
0.4183394 -0.03763479 1.28013 Inferred 67117697
0.4120845 -0.02061068 1.289689 Tracked 67117731
0.412157 -0.02044773 1.289872 Tracked 67117764
0.4127913 -0.02057165 1.28975 Tracked 67117797
0.413954 -0.0209128 1.289021 Tracked 67117831
0.4267182 -0.0229702 1.287053 Tracked 67117864
0.4265063 -0.02289091 1.285206 Tracked 67117897
0.4418381 -0.02285523 1.277756 Tracked 67117931
0.4470885 -0.02248557 1.27407 Tracked 67117965
0.4512163 -0.02074021 1.270899 Tracked 67117997
0.4547811 -0.01784968 1.265028 Tracked 67118031
0.4566477 -0.01690207 1.26343 Tracked 67118065
0.4684868 -0.01082038 1.251283 Tracked 67118097
0.4707345 -0.007648546 1.246263 Tracked 67118131
0.4709848 -0.006346693 1.242918 Tracked 67118164
0.4702052 -0.01273653 1.234824 Tracked 67118197
0.4668033 -0.01467657 1.214208 Tracked 67118232
0.4802571 0.002568475 1.197111 Tracked 67118267
0.4823443 0.01010322 1.188934 Tracked 67118297
0.4809293 0.01209297 1.183564 Tracked 67118332
0.4811854 0.02016413 1.16375 Inferred 67118364
0.4816081 0.01929897 1.15362 Inferred 67118398
0.4806984 0.01846193 1.158235 Inferred 67118432
0.4700443 0.01356058 1.144553 Inferred 67118464
0.4459855 0.009854066 1.134554 Inferred 67118498
0.429911 0.0004070259 1.117198 Tracked 67118532
0.4036502 -0.0412595 1.098573 Tracked 67118564
0.3874983 -0.05161139 1.091335 Tracked 67118597
0.3882328 -0.0476861 1.091558 Tracked 67118632
0.3804196 -0.02730655 1.084784 Tracked 67118664
0.3771163 -0.02335353 1.079887 Tracked 67118697
0.3710028 -0.01978806 1.072809 Tracked 67118731
0.3626147 -0.01769137 1.062101 Tracked 67118764
0.3524528 -0.01764869 1.046761 Tracked 67118797
0.3508488 -0.01507642 1.039188 Tracked 67118831
0.3512423 -0.01486943 1.039302 Tracked 67118864
0.3431747 -0.01969804 1.006554 Tracked 67118897
0.3432401 -0.01831932 0.9990523 Tracked 67118931
0.3438456 -0.01768102 0.9926239 Tracked 67118964
0.3472653 -0.01777559 0.9739857 Tracked 67118997
0.3506347 -0.01786982 0.9601468 Tracked 67119030
0.3490259 -0.01150846 0.9493979 Tracked 67119066
0.3480233 -0.0120485 0.9500321 Tracked 67119113
0.3413801 -0.02722158 0.897487 Tracked 67119131
0.3454807 -0.01549936 0.8901895 Tracked 67119165
0.3544321 0.0006125305 0.8741045 Tracked 67119197
0.3577941 0.01516487 0.8618058 Tracked 67119231
0.3570153 0.01946451 0.8526131 Tracked 67119264
0.3569368 0.02047149 0.8495864 Tracked 67119296
0.3515583 0.02010827 0.8281829 Tracked 67119331
0.34569 0.01818984 0.8209875 Tracked 67119365
0.3292531 0.008364099 0.8130109 Tracked 67119397
0.286364 -0.02221679 0.810387 Tracked 67119431
0.2741289 0.001039302 0.8202773 Tracked 67119464
0.2743953 0.002293679 0.8202881 Tracked 67119498
0.2744002 0.002285842 0.8200952 Tracked 67119532
0.2742217 0.002138176 0.8193229 Tracked 67119564
0.273683 0.002412781 0.8179333 Tracked 67119598
0.2731318 0.002194249 0.8028902 Tracked 67119632
0.2721449 0.004581142 0.7918885 Tracked 67119664
0.2717503 0.005947597 0.7930062 Tracked 67119698
0.2712847 0.01510684 0.7744516 Tracked 67119732
0.2709143 0.01661627 0.7653364 Tracked 67119764
0.2702209 0.01954604 0.7569257 Tracked 67119797
0.2699867 0.02180859 0.7487512 Tracked 67119831
0.2691179 0.02272668 0.7468305 Tracked 67119864
0.2654775 0.02167614 0.7343531 Tracked 67119897
0.2626331 0.02119797 0.7268038 Tracked 67119931
0.2584451 0.0217728 0.7203008 Tracked 67119964
0.2561901 0.02433852 0.7118233 Tracked 67119997
0.2529532 0.01690304 0.6970333 Tracked 67120031
0.2647149 -0.04235954 0.6525171 Tracked 67120064
0.2682309 -0.03642453 0.6467419 Tracked 67120097
0.2714258 -0.02725572 0.6369557 Tracked 67120130
0.2709366 -0.02333145 0.6283255 Tracked 67120165
0.2680185 -0.02718864 0.6294318 Tracked 67120197
0.2588783 -0.03673098 0.6302893 Tracked 67120231
0.2491381 -0.04161689 0.6190912 Inferred 67120265
0.2207239 0.006691664 0.6228861 Inferred 67120297
0.2218169 0.01026194 0.6237942 Tracked 67120331
0.2219602 0.01037499 0.6236858 Tracked 67120364
0.2221024 0.01048377 0.6234276 Tracked 67120397
0.2220878 0.01091469 0.6221152 Tracked 67120432
0.2201851 0.01079533 0.6194527 Tracked 67120464
0.2147474 0.003271163 0.6116642 Tracked 67120497
0.2130552 -0.005515656 0.6039504 Tracked 67120531
0.2138389 -0.01087255 0.5991247 Tracked 67120564
0.2146073 -0.0141986 0.5957622 Tracked 67120598
0.2148443 -0.01444785 0.5945516 Tracked 67120632
0.2150434 -0.01462632 0.5937248 Inferred 67120664
0.2177669 -0.009232532 0.6056195 Inferred 67120698
0.2218691 0.01531434 0.6104126 Tracked 67120731
0.2377403 0.0363947 0.603511 Tracked 67120764
0.2632086 0.03936824 0.5925347 Inferred 67120797
0.2650439 0.03621126 0.5912338 Tracked 67120831
0.2682024 0.02093742 0.5875512 Tracked 67120864
0.2693341 0.01761739 0.5868857 Tracked 67120897
0.271608 0.01437064 0.5871467 Tracked 67120931
0.2730525 0.01573005 0.5878748 Tracked 67120964
0.2767619 0.01395143 0.5932387 Tracked 67120997
0.2798665 0.03363543 0.6132456 Tracked 67121031
0.2772698 0.0570327 0.6366346 Tracked 67121064
0.2676746 -0.0008778842 0.6333418 Tracked 67121097
0.2698999 -0.004578575 0.6326743 Tracked 67121133
0.2925443 -0.00912769 0.6336316 Tracked 67121164
0.301548 -0.006768841 0.6412506 Tracked 67121197
0.2990157 -0.005460471 0.6434441 Tracked 67121231
0.3123925 -0.008318951 0.6774615 Tracked 67121265
0.3102641 -0.0156111 0.6884884 Tracked 67121297
0.3021394 -0.03089121 0.7089635 Tracked 67121331
0.2940729 -0.03456151 0.726915 Tracked 67121365
0.3058687 -0.008107156 0.7587186 Tracked 67121397
0.3128581 -0.002980138 0.7678739 Tracked 67121431
0.3206034 -0.00298495 0.7814535 Tracked 67121464
0.3280538 0.008533457 0.8053007 Tracked 67121497
0.3300414 0.009758999 0.8098619 Tracked 67121532
0.3322966 0.01013214 0.8148552 Tracked 67121565
0.3445705 0.007679242 0.8363813 Tracked 67121597
0.3491567 0.006070961 0.842098 Tracked 67121632
0.3544958 0.003382694 0.8471907 Tracked 67121664
0.3611925 0.0004478731 0.8522796 Tracked 67121698
0.3665888 -0.001150991 0.8572482 Tracked 67121731
0.3725852 -0.001813474 0.8661033 Tracked 67121764
0.3778341 -0.001067902 0.8753633 Tracked 67121798
0.3822933 0.003779585 0.8887121 Tracked 67121831
0.3856205 0.006014124 0.8998507 Tracked 67121864
0.3853317 0.01035724 0.9165315 Tracked 67121897
0.3878462 0.02083776 0.9350889 Tracked 67121931
0.3868548 0.02054725 0.9347607 Tracked 67121964
0.3688493 -0.000528799 0.9704477 Tracked 67121997
0.374884 0.001427732 0.9781836 Tracked 67122031
0.3804885 0.001848425 0.9910423 Tracked 67122064
0.3833781 0.0002188876 1.005554 Tracked 67122097
0.3811416 -0.002739284 1.022448 Tracked 67122131
0.3735543 -0.004979503 1.0392 Tracked 67122164
0.3672148 -0.005879098 1.048237 Tracked 67122197
0.3599505 0.01079529 1.073676 Tracked 67122231
0.3636514 0.01075941 1.081388 Tracked 67122264
0.3683608 0.008449313 1.094441 Tracked 67122297
0.3745632 0.006415424 1.105848 Tracked 67122331
0.3812699 0.005653965 1.116003 Tracked 67122365
0.3868463 0.00492249 1.126219 Tracked 67122397
0.3904077 0.004187555 1.133316 Tracked 67122431
0.3935459 0.003039441 1.14014 Tracked 67122465
0.3957637 0.00134345 1.144518 Tracked 67122497
0.3992328 -0.001442579 1.15024 Tracked 67122532
0.4031216 -0.003955912 1.155557 Tracked 67122564
0.4071263 -0.005559466 1.15916 Tracked 67122597
0.4108349 -0.00679017 1.162353 Tracked 67122632
0.4151479 -0.007392537 1.166849 Tracked 67122664
0.4186482 -0.007520009 1.171734 Tracked 67122697
0.4230565 -0.006073726 1.181454 Tracked 67122731
0.4246645 -0.004983711 1.188258 Tracked 67122764
0.4218429 -0.00383915 1.200151 Tracked 67122797
0.4220585 -0.003209844 1.201108 Tracked 67122832
0.416643 0.01429748 1.22484 Tracked 67122864
0.4165018 0.007187813 1.221496 Tracked 67122898
0.3982195 -0.02106121 1.245063 Tracked 67122932
0.3989455 -0.02031664 1.24304 Tracked 67122964
0.3880791 -0.02711941 1.2551 Tracked 67122999
0.3838368 -0.02785292 1.262688 Tracked 67123032
0.3788151 -0.01808126 1.28016 Tracked 67123064
0.3766011 -0.01138339 1.287128 Tracked 67123097
0.3764359 -0.0005104 1.300978 Tracked 67123131
0.373951 -0.0005810781 1.312095 Tracked 67123164
0.3699999 -0.00270778 1.322583 Tracked 67123197
0.3691329 -0.003674445 1.3326 Tracked 67123231
0.3681067 -0.005198977 1.340125 Tracked 67123264
0.3673087 -0.006108161 1.347041 Tracked 67123297
0.3672442 -0.007471505 1.356236 Tracked 67123331
0.3682005 -0.007561002 1.362789 Tracked 67123364
0.3697484 -0.007564949 1.369645 Tracked 67123397
0.3728225 -0.006913317 1.376242 Tracked 67123431
0.3750133 -0.005803015 1.38101 Tracked 67123464
0.3772408 -0.004138566 1.384102 Tracked 67123497
0.3793674 -0.002884628 1.386654 Tracked 67123531
0.3810858 -0.002123305 1.388638 Tracked 67123564
0.383974 -0.001110583 1.392302 Tracked 67123597
0.3860476 -0.0005984325 1.394949 Tracked 67123632
0.3872251 -0.0008457942 1.397024 Tracked 67123664
0.3883112 -0.0008740616 1.398695 Tracked 67123697
0.3901479 -0.0006333374 1.401811 Tracked 67123732
0.3914914 -0.0003381451 1.40393 Tracked 67123764
0.3926185 -0.000275229 1.405589 Tracked 67123797
0.3936768 -0.0004858148 1.407321 Tracked 67123832
0.3941593 -0.0004058774 1.40836 Tracked 67123864
0.3947437 -0.0003710777 1.409681 Tracked 67123897
0.3953998 -0.0003824379 1.411216 Tracked 67123931
0.3953338 -0.0004169224 1.411916 Tracked 67123964
0.3953332 -0.0003100078 1.412946 Tracked 67123997
0.3952595 -0.0001217756 1.413975 Tracked 67124031
0.3952275 -0.0001873399 1.415268 Tracked 67124064
0.3950671 -0.0002990917 1.416196 Tracked 67124097
0.3948567 -0.0003677382 1.417143 Tracked 67124131
0.394479 -0.0005789728 1.418154 Tracked 67124164
0.3933493 -0.0005755548 1.41633 Tracked 67124197
0.3932406 -0.0007378443 1.418184 Tracked 67124231
0.3929823 -0.0008132986 1.41973 Tracked 67124264
0.3927698 -0.0008618592 1.420784 Tracked 67124297
0.392906 -0.0005944249 1.422453 Tracked 67124331
0.3927763 -0.0006666841 1.422875 Tracked 67124363
0.392736 -0.00066364 1.423205 Tracked 67124397
0.392711 -0.0006144951 1.42385 Tracked 67124431
0.3927164 -0.0004857924 1.424199 Tracked 67124465
0.3928379 -0.0003768775 1.424857 Tracked 67124497
0.3927255 -0.0004966301 1.425379 Tracked 67124531
0.3927462 -0.0005407851 1.425629 Tracked 67124564
0.3929378 -0.0006154212 1.426417 Tracked 67124597
0.393149 -0.0007767186 1.427046 Tracked 67124631
0.3932661 -0.0005160832 1.427987 Tracked 67124664
0.3930853 -0.0004903995 1.428478 Tracked 67124697
0.392727 -0.0005266579 1.429579 Tracked 67124732
0.3920715 -0.001149225 1.431762 Tracked 67124764
0.3902077 -0.002326338 1.435082 Tracked 67124797
0.3876315 -0.004993445 1.440152 Tracked 67124832
0.384634 -0.00718176 1.445666 Tracked 67124864
0.3813773 -0.008037749 1.451272 Tracked 67124897
0.3783414 -0.007451683 1.456395 Tracked 67124932
0.3758975 -0.006532785 1.460253 Tracked 67124964
0.3744524 -0.006396048 1.462191 Tracked 67124997
0.3736355 -0.00664829 1.463133 Tracked 67125031
0.3734977 -0.006599057 1.46348 Tracked 67125064
0.373377 -0.006483644 1.463785 Tracked 67125097
0.3732538 -0.005888415 1.464058 Tracked 67125131
0.3730118 -0.005618897 1.464248 Tracked 67125164
0.3728334 -0.005645457 1.464948 Tracked 67125197
0.3724355 -0.005982663 1.465815 Tracked 67125231
0.3721897 -0.006289422 1.467902 Tracked 67125264
0.3719112 -0.006266312 1.469224 Tracked 67125297
0.3714823 -0.006408703 1.470216 Tracked 67125331
0.3713046 -0.006730259 1.470606 Tracked 67125364
0.3709056 -0.007059961 1.47099 Tracked 67125397
0.3703414 -0.007401327 1.471504 Tracked 67125431
0.369554 -0.007373022 1.472136 Tracked 67125463
0.3689636 -0.007480155 1.472349 Tracked 67125497
0.3681416 -0.007570081 1.472441 Tracked 67125531
0.3670604 -0.007389291 1.472536 Tracked 67125564
0.3658315 -0.007167376 1.472777 Tracked 67125597
0.3645546 -0.007285926 1.472829 Tracked 67125631
0.3627082 -0.007289189 1.472316 Tracked 67125664
0.361132 -0.007386127 1.472113 Tracked 67125697
0.3590256 -0.007414432 1.472322 Tracked 67125731
0.3571538 -0.007583525 1.47248 Tracked 67125764
0.3564923 -0.007353898 1.4728 Tracked 67125797
0.3544933 -0.007728649 1.472068 Tracked 67125832
0.353244 -0.008003724 1.471431 Tracked 67125864
0.3523321 -0.007974301 1.470984 Tracked 67125897
0.351137 -0.007669748 1.47019 Tracked 67125932
0.3500454 -0.007412464 1.469184 Tracked 67125964
0.3491795 -0.007368633 1.468267 Tracked 67125997
0.348081 -0.007138119 1.467256 Tracked 67126031
0.3473867 -0.006945558 1.466894 Tracked 67126064
0.3465874 -0.006960134 1.466073 Tracked 67126097
0.3465352 -0.006819455 1.465888 Tracked 67126132
0.3463523 -0.006717511 1.465703 Tracked 67126164
0.3463253 -0.006664732 1.465584 Tracked 67126197
0.3464825 -0.006489449 1.465497 Tracked 67126233
0.3465208 -0.006490912 1.465402 Tracked 67126264
0.3465687 -0.006478982 1.46531 Tracked 67126297
0.3466559 -0.00647114 1.465268 Tracked 67126331
0.346795 -0.006486249 1.465271 Tracked 67126364
0.3469289 -0.006508298 1.465159 Tracked 67126397
0.3470788 -0.006577816 1.465047 Tracked 67126431
0.347474 -0.006983994 1.464972 Tracked 67126463
0.3476157 -0.007099582 1.464934 Tracked 67126497
0.3479979 -0.007632161 1.464631 Tracked 67126531
0.3480853 -0.007709698 1.464617 Tracked 67126564
0.3481708 -0.007773886 1.464556 Tracked 67126597
0.3484473 -0.008128793 1.464442 Tracked 67126631
0.3486241 -0.00818687 1.464496 Tracked 67126664
0.3487855 -0.008331149 1.46455 Tracked 67126697
0.3489702 -0.00844992 1.464601 Tracked 67126731
0.3492165 -0.008574911 1.464581 Tracked 67126765
0.3493113 -0.008616284 1.464569 Tracked 67126797
0.3494348 -0.008621336 1.464558 Tracked 67126831
0.3496025 -0.008661529 1.464545 Tracked 67126864
0.3498988 -0.008863953 1.464443 Tracked 67126897
0.3500775 -0.008907279 1.464495 Tracked 67126932
0.3502248 -0.008914798 1.464486 Tracked 67126964
0.3504595 -0.008956963 1.464406 Tracked 67126996
0.3507142 -0.00898462 1.464549 Tracked 67127031
0.3509157 -0.009043586 1.464597 Tracked 67127064
0.3510795 -0.009116527 1.464446 Tracked 67127097
0.3513078 -0.009194715 1.464368 Tracked 67127131
0.3514761 -0.009255681 1.464306 Tracked 67127164
0.3516999 -0.009415303 1.464154 Tracked 67127197
0.3518463 -0.009459343 1.464108 Tracked 67127231
0.3520292 -0.009500317 1.464061 Tracked 67127264
0.3522112 -0.009681477 1.464009 Tracked 67127297
0.3523068 -0.009712226 1.463979 Tracked 67127331
0.352395 -0.009743975 1.463951 Tracked 67127364
0.3525636 -0.00992341 1.463976 Tracked 67127397
0.3526155 -0.009901368 1.463955 Tracked 67127431
0.3526725 -0.009895449 1.464007 Tracked 67127464
0.3527123 -0.009887981 1.464016 Tracked 67127497
0.352789 -0.009827122 1.464244 Tracked 67127531
0.3528307 -0.009767984 1.464287 Tracked 67127564
0.3528305 -0.009738117 1.464288 Tracked 67127597
0.3528413 -0.00973956 1.464289 Tracked 67127631
0.3528807 -0.009640684 1.464398 Tracked 67127663
0.3529223 -0.0095793 1.464575 Tracked 67127697
0.3529917 -0.009516828 1.464739 Tracked 67127731
0.3530048 -0.009459408 1.464803 Tracked 67127764
0.3530836 -0.009381642 1.464952 Tracked 67127797
0.3532338 -0.00940865 1.465202 Tracked 67127831
0.3533197 -0.00946208 1.465315 Tracked 67127864
0.3533903 -0.009361328 1.465425 Tracked 67127897
0.3534072 -0.009359294 1.465423 Tracked 67127931
0.3535745 -0.009232526 1.465759 Tracked 67127964
0.3536305 -0.009166427 1.465901 Tracked 67127997
0.353712 -0.00914702 1.466133 Tracked 67128031
0.3538169 -0.009189105 1.466253 Tracked 67128064
0.3539062 -0.009165123 1.466297 Tracked 67128097
0.3541713 -0.009223124 1.466447 Tracked 67128131
0.3543357 -0.009215491 1.466558 Tracked 67128164
0.3545744 -0.00929713 1.466681 Tracked 67128198
0.3547979 -0.009157402 1.466796 Tracked 67128231
0.3549942 -0.009141436 1.466889 Tracked 67128264
0.355497 -0.0091638 1.467251 Tracked 67128297
0.355683 -0.009125713 1.46725 Tracked 67128332
0.3560916 -0.009135869 1.46743 Tracked 67128364
0.3562212 -0.009077989 1.46742 Tracked 67128398
0.3564194 -0.009003243 1.467407 Tracked 67128432
0.3566172 -0.009011425 1.467457 Tracked 67128464
0.3567983 -0.008878583 1.467197 Tracked 67128497
0.3574298 -0.00842521 1.467446 Tracked 67128531
0.3575834 -0.008385365 1.467306 Tracked 67128564
0.3577041 -0.008363955 1.467302 Tracked 67128597
0.3578901 -0.00847296 1.467156 Tracked 67128634
0.3579375 -0.008439951 1.467158 Tracked 67128663
0.3579642 -0.008403313 1.467078 Tracked 67128697
0.3579989 -0.008375836 1.466918 Tracked 67128731
0.3581063 -0.008361508 1.466832 Tracked 67128764
0.3583285 -0.008504835 1.466713 Tracked 67128797
0.3583281 -0.008466911 1.46648 Tracked 67128831
0.3583898 -0.008459578 1.466371 Tracked 67128864
0.3584834 -0.008512458 1.466255 Tracked 67128897
0.3585794 -0.00853751 1.466209 Tracked 67128931
0.3585897 -0.008542378 1.466189 Tracked 67128964
0.3585887 -0.008524133 1.466023 Tracked 67128997
0.3586174 -0.008549971 1.465955 Tracked 67129032
0.3585867 -0.008501044 1.465806 Tracked 67129064
0.3586876 -0.008360879 1.465775 Tracked 67129097
0.3586072 -0.008390245 1.465526 Tracked 67129131
0.3585918 -0.008405024 1.465491 Tracked 67129164
0.3585841 -0.008423747 1.465457 Tracked 67129197
0.3585021 -0.0083621 1.465494 Tracked 67129231
0.3584777 -0.008385772 1.465489 Tracked 67129264
0.3582013 -0.008296186 1.465474 Tracked 67129316
0.3580315 -0.008307661 1.465521 Tracked 67129331
0.3577548 -0.0082492 1.465504 Tracked 67129364
0.3574725 -0.008118764 1.465647 Tracked 67129397
0.3571626 -0.00796398 1.465881 Tracked 67129431
0.3567766 -0.007895748 1.466102 Tracked 67129464
0.3564912 -0.007876553 1.466376 Tracked 67129497
0.3561868 -0.007828349 1.466627 Tracked 67129531
0.3557898 -0.007803863 1.466875 Tracked 67129564
0.3552493 -0.007773114 1.467254 Tracked 67129597
0.3548014 -0.00761759 1.467697 Tracked 67129631
0.3543856 -0.00750435 1.468386 Tracked 67129664
0.3539083 -0.007336952 1.468974 Tracked 67129697
0.3534832 -0.007279923 1.469302 Tracked 67129731
0.3531412 -0.007113536 1.469858 Tracked 67129763
0.3528441 -0.007010661 1.470298 Tracked 67129796
0.3525979 -0.006869046 1.470663 Tracked 67129831
0.3524504 -0.006776745 1.470941 Tracked 67129864
0.3523263 -0.006491032 1.471737 Tracked 67129896
0.3523932 -0.00626057 1.472164 Tracked 67129931
0.3524282 -0.006194052 1.472645 Tracked 67129964
0.352399 -0.006201168 1.47288 Tracked 67129996
0.3526001 -0.00616985 1.47344 Tracked 67130031
0.3526054 -0.006170584 1.473494 Tracked 67130064
0.3527055 -0.006179247 1.47365 Tracked 67130100
0.3528368 -0.006136435 1.473804 Tracked 67130132
0.3529614 -0.006185676 1.473819 Tracked 67130164
0.3531901 -0.006258559 1.473769 Tracked 67130196
0.3533759 -0.006255011 1.473788 Tracked 67130232
0.3537326 -0.006456319 1.47341 Tracked 67130264
0.3540997 -0.006440171 1.473205 Tracked 67130296
0.3545812 -0.006479845 1.47329 Tracked 67130331
0.3550906 -0.00670049 1.473056 Tracked 67130364
0.355499 -0.006888873 1.472869 Tracked 67130397
0.3559361 -0.006981625 1.472701 Tracked 67130431
0.3562985 -0.007086248 1.472562 Tracked 67130464
0.3566647 -0.007290679 1.47207 Tracked 67130496
0.3569286 -0.007344545 1.471825 Tracked 67130531
0.357204 -0.0073907 1.471342 Tracked 67130564
0.3574407 -0.007390871 1.47108 Tracked 67130596
0.3576991 -0.007457705 1.470933 Tracked 67130631
0.3581889 -0.007632969 1.470852 Tracked 67130664
0.3584394 -0.007670692 1.470638 Tracked 67130696
0.3587469 -0.007867062 1.470299 Tracked 67130731
0.3590465 -0.007975307 1.47012 Tracked 67130764
0.3592916 -0.008034913 1.469974 Tracked 67130796
0.359628 -0.008208568 1.469588 Tracked 67130831
0.3597278 -0.008156567 1.469446 Tracked 67130863
0.3598761 -0.008201244 1.469373 Tracked 67130897
0.3600101 -0.008242752 1.46924 Tracked 67130931
0.360138 -0.008155064 1.469112 Tracked 67130964
0.360246 -0.008212565 1.469005 Tracked 67130996
0.3602928 -0.008249695 1.468975 Tracked 67131031
0.3603463 -0.008273922 1.468947 Tracked 67131064
0.3603557 -0.008286472 1.468931 Tracked 67131096
0.3603274 -0.008275894 1.468912 Tracked 67131130
0.3603229 -0.008272612 1.468901 Tracked 67131164
0.3603053 -0.00826216 1.468885 Tracked 67131196
0.3602495 -0.008203971 1.468941 Tracked 67131231
0.3601888 -0.008166521 1.468991 Tracked 67131264
0.3599809 -0.008183286 1.469069 Tracked 67131296
0.3595503 -0.007968248 1.469082 Tracked 67131334
0.3593094 -0.007975168 1.46909 Tracked 67131364
0.3591479 -0.007979714 1.469153 Tracked 67131396
0.3589159 -0.00795377 1.469224 Tracked 67131431
0.3585657 -0.007744046 1.46931 Tracked 67131464
0.3582314 -0.007599405 1.469474 Tracked 67131496
0.3579322 -0.007458308 1.469531 Tracked 67131531
0.3577594 -0.00739606 1.469718 Tracked 67131564
0.3575987 -0.007323923 1.469745 Tracked 67131596
0.3572793 -0.007000491 1.469882 Tracked 67131631
0.3569632 -0.006752687 1.469998 Tracked 67131664
0.3566987 -0.006524672 1.469933 Tracked 67131696
0.3563797 -0.006216951 1.469865 Tracked 67131731
0.3562633 -0.006205703 1.469699 Tracked 67131764
0.3561999 -0.006274964 1.4693 Tracked 67131796
0.3561693 -0.006322073 1.469203 Tracked 67131831
0.3561825 -0.00637197 1.469168 Tracked 67131863
0.3562741 -0.006412934 1.468853 Tracked 67131896
0.3561817 -0.00627869 1.468414 Tracked 67131931
0.3562374 -0.006153213 1.468055 Tracked 67131964
0.3562636 -0.006047352 1.467757 Tracked 67131996
0.3563909 -0.006007025 1.467673 Tracked 67132031
0.356711 -0.006075081 1.467463 Tracked 67132064
0.3571106 -0.006203668 1.467003 Tracked 67132096
0.3574474 -0.006258401 1.466855 Tracked 67132131
0.3578528 -0.006352203 1.466483 Tracked 67132165
0.3580711 -0.006406454 1.466321 Tracked 67132196
0.3582134 -0.006335728 1.466192 Tracked 67132231
0.3584488 -0.006437049 1.466047 Tracked 67132264
0.3588089 -0.00643544 1.465791 Tracked 67132296
0.3590715 -0.006459724 1.465677 Tracked 67132331
0.3593978 -0.006480066 1.46547 Tracked 67132364
0.3595682 -0.006358323 1.465456 Tracked 67132396
0.3598652 -0.006439742 1.465362 Tracked 67132431
0.3601124 -0.0065163 1.465202 Tracked 67132464
0.3601615 -0.006484186 1.465204 Tracked 67132497
0.3602627 -0.006481185 1.465103 Tracked 67132531
0.3603459 -0.006409849 1.46511 Tracked 67132564
0.3605307 -0.006483116 1.465119 Tracked 67132596
0.3606902 -0.006527243 1.465004 Tracked 67132631
0.3608895 -0.006288321 1.46519 Tracked 67132664
0.3610592 -0.006321408 1.465193 Tracked 67132696
0.3613275 -0.006435752 1.465122 Tracked 67132731
0.3615081 -0.006545546 1.465195 Tracked 67132764
0.3616571 -0.006609771 1.464987 Tracked 67132796
0.3617655 -0.006679708 1.465 Tracked 67132831
0.3618781 -0.006778045 1.464959 Tracked 67132864
0.3621258 -0.006531003 1.465066 Tracked 67132896
0.36215 -0.006542834 1.465045 Tracked 67132931
0.3621935 -0.006591369 1.465016 Tracked 67132963
0.3622323 -0.006603948 1.465023 Tracked 67132996
0.3622815 -0.006601364 1.46503 Tracked 67133031
0.3623859 -0.006525177 1.46499 Tracked 67133063
0.3624445 -0.00658079 1.464961 Tracked 67133097
0.3624749 -0.006629867 1.464936 Tracked 67133131
0.3624965 -0.00664902 1.464877 Tracked 67133164
0.362554 -0.006679775 1.464854 Tracked 67133196
0.3626182 -0.006687541 1.464833 Tracked 67133231
0.3626783 -0.006750695 1.46485 Tracked 67133264
0.3628114 -0.006792811 1.464926 Tracked 67133296
0.3628962 -0.006826456 1.46494 Tracked 67133332
0.3630034 -0.00689042 1.464954 Tracked 67133364
0.3630891 -0.006959121 1.464921 Tracked 67133398
0.3631387 -0.006979396 1.464899 Tracked 67133432
0.3632612 -0.007022501 1.464916 Tracked 67133464
0.3633472 -0.007115231 1.464826 Tracked 67133497
0.363442 -0.007201177 1.464557 Tracked 67133531
0.3634989 -0.00722629 1.464547 Tracked 67133566
0.3635403 -0.007267733 1.464435 Tracked 67133597
0.3636065 -0.007297048 1.464095 Tracked 67133634
0.3637283 -0.007211343 1.463629 Tracked 67133664
0.3637142 -0.00703723 1.463059 Tracked 67133696
0.3634825 -0.006674605 1.462104 Tracked 67133731
0.3633255 -0.006083421 1.460527 Tracked 67133764
0.362611 -0.00603402 1.457615 Tracked 67133796
0.3621747 -0.005644037 1.455159 Tracked 67133831
0.3613996 -0.004954825 1.45194 Tracked 67133864
0.3605326 -0.004367212 1.448382 Tracked 67133896
0.3583537 -0.004506263 1.443259 Tracked 67133931
0.3570578 -0.003758973 1.439997 Tracked 67133964
0.3544694 -0.004035845 1.435072 Tracked 67133996
0.3524345 -0.004421947 1.430866 Tracked 67134031
0.3496589 -0.004795736 1.426069 Tracked 67134063
0.346262 -0.005581885 1.419881 Tracked 67134096
0.3433616 -0.006343103 1.414627 Tracked 67134131
0.3387614 -0.0066675 1.407903 Tracked 67134164
0.338214 -0.00674427 1.407324 Tracked 67134196
0.3375053 -0.006913133 1.406417 Tracked 67134232
0.3307204 -0.007755686 1.399201 Tracked 67134264
0.3261388 -0.008118638 1.394549 Tracked 67134296
0.3231679 -0.00837539 1.391972 Tracked 67134331
0.3204941 -0.00907925 1.388969 Tracked 67134364
0.3213666 -0.008994943 1.390068 Tracked 67134400
0.3217779 -0.008887704 1.390511 Tracked 67134432
0.3219359 -0.008812048 1.390747 Tracked 67134464
0.3219898 -0.008793645 1.390869 Tracked 67134496
0.322008 -0.008775443 1.390936 Tracked 67134531
0.322001 -0.0087768 1.390965 Tracked 67134564
0.3197885 -0.009143453 1.389006 Tracked 67134596
0.3185001 -0.009244221 1.387993 Tracked 67134631
0.3178391 -0.009292137 1.387535 Tracked 67134664
0.3172352 -0.009373972 1.387159 Tracked 67134697
0.3170094 -0.009428587 1.386984 Tracked 67134731
0.3168052 -0.009448021 1.386832 Tracked 67134764
0.3157067 -0.009663085 1.386119 Tracked 67134796
0.315473 -0.009714114 1.385991 Tracked 67134831
0.3153743 -0.009731008 1.386005 Tracked 67134863
0.3155056 -0.00975786 1.386144 Tracked 67134896
0.3159907 -0.009615256 1.386985 Tracked 67134931
0.3179351 -0.009459042 1.389516 Tracked 67134964
0.3207909 -0.008971971 1.39334 Tracked 67134996
0.3218104 -0.008769039 1.394172 Tracked 67135031
0.3262909 -0.00798412 1.398643 Tracked 67135064
0.3299109 -0.007664462 1.404008 Tracked 67135096
0.3335946 -0.006410505 1.409731 Tracked 67135131
0.3378215 -0.00620485 1.415097 Tracked 67135164
0.3419556 -0.006007039 1.420166 Tracked 67135196
0.3458979 -0.005771539 1.425585 Tracked 67135231
0.3499725 -0.005846073 1.431852 Tracked 67135264
0.3531404 -0.005934354 1.438159 Tracked 67135297
0.355855 -0.004993529 1.444089 Tracked 67135331
0.3591565 -0.005488049 1.449549 Tracked 67135364
0.3620526 -0.006244176 1.455118 Tracked 67135396
0.3651085 -0.006411585 1.460876 Tracked 67135431
0.367017 -0.006763763 1.465769 Tracked 67135464
0.368485 -0.006756099 1.471746 Tracked 67135497
0.3698927 -0.007568149 1.475935 Tracked 67135531
0.37088 -0.008095057 1.480379 Tracked 67135564
0.3709231 -0.007975818 1.481456 Tracked 67135596
0.3711452 -0.007897984 1.486586 Tracked 67135631
0.3711372 -0.007950525 1.489398 Tracked 67135664
0.3709444 -0.008417664 1.491103 Tracked 67135696
0.3708043 -0.008490672 1.492496 Tracked 67135731
0.370772 -0.008638007 1.493756 Tracked 67135764
0.3707153 -0.008785116 1.494653 Tracked 67135797
0.370702 -0.008909134 1.495326 Tracked 67135831
0.3706077 -0.008979799 1.49568 Tracked 67135864
0.3705662 -0.009002088 1.495756 Tracked 67135897
0.3705561 -0.009019794 1.495773 Tracked 67135931
0.3705265 -0.009036344 1.495733 Tracked 67135964
0.3703569 -0.009063101 1.495361 Tracked 67135996
0.3702372 -0.008950628 1.494889 Tracked 67136031
0.3702748 -0.008825867 1.494508 Tracked 67136064
0.3703029 -0.008902374 1.492972 Tracked 67136096
0.3703758 -0.008648079 1.491267 Tracked 67136131
0.3702829 -0.008449433 1.488667 Tracked 67136163
0.3702048 -0.008320524 1.484926 Tracked 67136196
0.3698059 -0.008376542 1.481074 Tracked 67136231
0.369167 -0.008355796 1.476009 Tracked 67136263
0.3668914 -0.007503918 1.469406 Tracked 67136296
0.36522 -0.007277106 1.464109 Tracked 67136331
0.3630762 -0.006356935 1.458289 Tracked 67136364
0.3606823 -0.005376101 1.451074 Tracked 67136396
0.3580021 -0.005106388 1.444096 Tracked 67136430
0.3553951 -0.003715188 1.437142 Tracked 67136464
0.35124 -0.004437014 1.429205 Tracked 67136496
0.3465718 -0.004719998 1.421212 Tracked 67136531
0.3415075 -0.005222161 1.413215 Tracked 67136564
0.3414758 -0.005248591 1.413288 Tracked 67136596
0.3310405 -0.007464413 1.401353 Tracked 67136632
0.3246176 -0.008198893 1.394387 Tracked 67136664
0.3196875 -0.008592921 1.389603 Tracked 67136696
0.3150844 -0.008718055 1.384397 Tracked 67136731
0.3128682 -0.008623432 1.38281 Tracked 67136764
0.3101796 -0.008470574 1.380682 Tracked 67136796
0.3103074 -0.008496892 1.380818 Tracked 67136832
0.3087973 -0.00851943 1.379839 Tracked 67136864
0.3079865 -0.008504388 1.379244 Tracked 67136897
0.3079016 -0.008545682 1.37916 Tracked 67136932
0.3079923 -0.008543001 1.379288 Tracked 67136964
0.3094497 -0.008436272 1.380697 Tracked 67136996
0.3139747 -0.008027233 1.385097 Tracked 67137031
0.3188996 -0.007569185 1.389848 Tracked 67137064
0.3316344 -0.005601104 1.403814 Tracked 67137096
0.3408478 -0.004575559 1.415482 Tracked 67137131
0.3498126 -0.003524054 1.428699 Tracked 67137164
0.3576484 -0.003891763 1.44277 Tracked 67137196
0.3659965 -0.005406224 1.456667 Tracked 67137231
0.3661011 -0.005391643 1.456954 Tracked 67137264
0.3787846 -0.008216714 1.488944 Tracked 67137296
0.3814148 -0.008859011 1.499095 Tracked 67137331
0.381876 -0.009685896 1.508624 Tracked 67137364
0.3844321 -0.008078596 1.529054 Tracked 67137396
0.384732 -0.007256959 1.541631 Tracked 67137431
0.3841453 -0.005675266 1.549267 Tracked 67137464
0.3834379 -0.005098784 1.554518 Tracked 67137497
0.3821242 -0.004171143 1.557869 Tracked 67137531
0.3818521 -0.002842122 1.557659 Inferred 67137564
0.3818764 -0.001069493 1.556876 Inferred 67137597
0.382611 0.001771059 1.555833 Inferred 67137631
0.3839574 0.004863387 1.553204 Inferred 67137664
0.3851914 0.007536054 1.551546 Inferred 67137696
0.387011 0.009688959 1.550106 Inferred 67137732
0.3881567 0.01150135 1.549368 Inferred 67137764
0.3895138 0.01280826 1.548399 Inferred 67137796
0.3903675 0.01424432 1.54806 Inferred 67137831
0.3916295 0.01557502 1.547379 Inferred 67137864
0.3927442 0.0165943 1.546696 Inferred 67137896
0.3936617 0.0173078 1.546814 Inferred 67137931
0.394335 0.0177062 1.546522 Inferred 67137964
0.3947563 0.01791563 1.546423 Inferred 67137997
0.3951195 0.01804754 1.546427 Inferred 67138031
0.395553 0.01789823 1.546323 Inferred 67138064
0.3960451 0.0177612 1.546424 Inferred 67138096
0.3966138 0.01743687 1.546528 Inferred 67138131
0.397331 0.01660764 1.547305 Inferred 67138164
0.3984148 0.01525341 1.549052 Inferred 67138197
0.3991427 0.0132499 1.550983 Inferred 67138231
0.3877752 0.0006662959 1.557973 Tracked 67138264
0.3875975 0.0004121918 1.559791 Tracked 67138296
0.3884457 5.241275E-05 1.560181 Tracked 67138331
0.391726 -0.0003046682 1.561041 Tracked 67138364
0.395631 -0.003024039 1.556693 Tracked 67138396
0.3996784 -0.005069145 1.551671 Tracked 67138431
0.4029284 -0.007162033 1.542627 Tracked 67138464
0.4021198 -0.007183658 1.542218 Tracked 67138497
0.4058145 -0.007669499 1.531332 Tracked 67138531
0.4073469 -0.007465092 1.523448 Tracked 67138564
0.4112765 -0.0113999 1.513712 Tracked 67138597
0.4127421 -0.01242167 1.507848 Tracked 67138631
0.4111622 -0.01118456 1.501922 Tracked 67138665
0.4122985 -0.0120673 1.495517 Tracked 67138697
0.4125906 -0.01269542 1.488906 Tracked 67138732
0.4116912 -0.01268639 1.483446 Tracked 67138764
0.4102027 -0.0128146 1.478233 Tracked 67138796
0.4088961 -0.01205307 1.47479 Tracked 67138831
0.4062905 -0.01187201 1.469186 Tracked 67138865
0.4048394 -0.01167397 1.46671 Tracked 67138896
0.4034102 -0.01159678 1.464069 Tracked 67138932
0.4021777 -0.01163539 1.461763 Tracked 67138964
0.4012855 -0.01162568 1.460037 Tracked 67138996
0.4001717 -0.01180364 1.457814 Tracked 67139031
0.3999255 -0.01152939 1.456249 Tracked 67139064
0.3997793 -0.01121642 1.454883 Tracked 67139096
0.3996331 -0.01117593 1.454194 Tracked 67139131
0.3996037 -0.0112772 1.453838 Tracked 67139164
0.3996836 -0.01135306 1.453797 Tracked 67139196
0.4003949 -0.0112686 1.454053 Tracked 67139231
0.4018925 -0.01126341 1.454934 Tracked 67139264
0.4033688 -0.01121107 1.456561 Tracked 67139296
0.4052667 -0.01141449 1.459087 Tracked 67139331
0.4079465 -0.01185456 1.463833 Tracked 67139364
0.409953 -0.01210436 1.467911 Tracked 67139396
0.4122735 -0.0123814 1.473634 Tracked 67139431
0.4128321 -0.01307337 1.477378 Tracked 67139464
0.4136357 -0.01335529 1.484315 Tracked 67139500
0.413658 -0.01474757 1.490573 Tracked 67139531
0.4136596 -0.01413296 1.496449 Tracked 67139564
0.4132614 -0.01463527 1.50373 Tracked 67139596
0.4128453 -0.01468471 1.509964 Tracked 67139631
0.4122167 -0.01240565 1.520908 Tracked 67139664
0.4112742 -0.01214396 1.526828 Tracked 67139697
0.4079875 -0.007810338 1.534688 Tracked 67139731
0.4079787 -0.008344278 1.533492 Tracked 67139764
0.4069039 -0.007991445 1.535882 Tracked 67139796
0.4001363 -0.005792093 1.549532 Tracked 67139832
0.3964306 -0.005028254 1.552309 Tracked 67139864
0.3946685 -0.004593083 1.553188 Inferred 67139897
0.3935743 -0.004294056 1.553133 Inferred 67139931
0.3922341 -0.003562618 1.552553 Inferred 67139964
0.3916207 -0.003056077 1.552057 Inferred 67139996
0.3907207 -0.002232961 1.550719 Inferred 67140031
0.3894984 -0.001158513 1.549077 Inferred 67140064
0.3888847 -0.0005967076 1.547615 Inferred 67140096
0.3879467 0.0003356366 1.545514 Inferred 67140131
0.387309 0.000643348 1.544274 Inferred 67140164
0.3868454 0.0009415597 1.5436 Inferred 67140196
0.3859841 0.001206945 1.542534 Inferred 67140231
0.3854871 0.001399862 1.542001 Inferred 67140264
0.3851748 0.001490297 1.541844 Inferred 67140297
0.3845429 0.001558223 1.541764 Inferred 67140331
0.3841625 0.001390289 1.541509 Inferred 67140364
0.3838464 0.001197926 1.541863 Inferred 67140397
0.383571 0.0007056114 1.542348 Inferred 67140431
0.3832421 0.0001263076 1.543349 Inferred 67140464
0.37853 -0.003402454 1.544585 Tracked 67140496
0.3769522 -0.006198165 1.544182 Tracked 67140531
0.376954 -0.007452413 1.544442 Tracked 67140564
0.3771403 -0.007370672 1.544711 Tracked 67140596
0.3795741 -0.008456109 1.545674 Tracked 67140631
0.3823509 -0.009580399 1.546191 Tracked 67140665
0.3849869 -0.009565767 1.546329 Tracked 67140696
0.3888164 -0.01068418 1.54618 Tracked 67140731
0.3922445 -0.01085948 1.545033 Tracked 67140764
0.3987747 -0.01233664 1.543126 Tracked 67140796
0.4036847 -0.01365897 1.542079 Tracked 67140830
0.4069993 -0.01397621 1.539797 Tracked 67140864
0.4104267 -0.01588242 1.534524 Tracked 67140896
0.4126876 -0.01645295 1.529993 Tracked 67140932
0.4127187 -0.01613052 1.52844 Tracked 67140964
0.4144043 -0.01593686 1.524217 Tracked 67140996
0.4153466 -0.01602487 1.519224 Tracked 67141031
0.4151111 -0.01750394 1.513567 Tracked 67141064
0.4151259 -0.01781618 1.510251 Tracked 67141096
0.4151959 -0.01764931 1.507605 Tracked 67141131
0.4148128 -0.01754772 1.50524 Tracked 67141164
0.4143019 -0.01738499 1.503398 Tracked 67141196
0.4139725 -0.017415 1.50221 Tracked 67141231
0.413494 -0.01734133 1.501042 Tracked 67141264
0.4129245 -0.01711682 1.499887 Tracked 67141296
0.4123486 -0.01659206 1.498722 Tracked 67141331
0.4120995 -0.01628955 1.498157 Tracked 67141364
0.4117519 -0.01582243 1.497243 Tracked 67141396
0.4114313 -0.01538901 1.496083 Tracked 67141431
0.4109974 -0.01482706 1.494641 Tracked 67141464
0.410399 -0.01440731 1.492322 Tracked 67141496
0.4095993 -0.01351798 1.489188 Tracked 67141531
0.4076241 -0.0121882 1.484308 Tracked 67141564
0.4056846 -0.010998 1.480472 Tracked 67141596
0.4023574 -0.009845194 1.474623 Tracked 67141631
0.3986812 -0.008394907 1.468039 Tracked 67141663
0.3957408 -0.007175551 1.463256 Tracked 67141696
0.393095 -0.00605091 1.45853 Tracked 67141731
0.389629 -0.005144117 1.45295 Tracked 67141764
0.3861876 -0.004706394 1.447801 Tracked 67141796
0.3825966 -0.004362591 1.443256 Tracked 67141831
0.3796481 -0.004059397 1.439687 Tracked 67141864
0.3763162 -0.004025792 1.435851 Tracked 67141897
0.3733177 -0.00415185 1.432916 Tracked 67141931
0.3703282 -0.004329439 1.42999 Tracked 67141964
0.3699749 -0.004287912 1.429525 Tracked 67141997
0.3659858 -0.004735186 1.425661 Tracked 67142031
0.3627351 -0.005288911 1.42243 Tracked 67142064
0.3627363 -0.005288057 1.422429 Tracked 67142097
0.3594609 -0.005786028 1.419695 Tracked 67142131
0.3573689 -0.006055959 1.417915 Tracked 67142164
0.3561175 -0.006277149 1.416623 Tracked 67142197
0.3553529 -0.006394847 1.415794 Tracked 67142231
0.3549917 -0.006434266 1.41564 Tracked 67142264
0.3547154 -0.00653137 1.415513 Tracked 67142297
0.3564926 -0.006230371 1.417238 Tracked 67142331
0.3581724 -0.005795258 1.419007 Tracked 67142364
0.3580849 -0.005819507 1.418958 Tracked 67142397
0.3597418 -0.005407018 1.42064 Tracked 67142431
0.3608333 -0.005242378 1.421579 Tracked 67142464
0.3622121 -0.004988687 1.422972 Tracked 67142496
0.3632812 -0.004848002 1.423924 Tracked 67142531
0.363892 -0.004773538 1.425212 Tracked 67142564
0.3654293 -0.004854952 1.427323 Tracked 67142597
0.3675203 -0.00490597 1.43071 Tracked 67142631
0.3693655 -0.00505295 1.433049 Tracked 67142663
0.3721403 -0.004544636 1.437685 Tracked 67142696
0.3746776 -0.004432883 1.44185 Tracked 67142731
0.3777008 -0.004441862 1.446538 Tracked 67142763
0.3797091 -0.004619018 1.449206 Tracked 67142796
0.3815977 -0.004645561 1.452328 Tracked 67142831
0.3834615 -0.004718293 1.454965 Tracked 67142864
0.3853466 -0.004632085 1.458125 Tracked 67142896
0.3870403 -0.004737754 1.460724 Tracked 67142931
0.3885294 -0.004143906 1.462711 Tracked 67142964
0.389847 -0.004522392 1.464606 Tracked 67142997
0.3914526 -0.004651939 1.466022 Tracked 67143031
0.3923736 -0.004902601 1.467115 Tracked 67143064
0.3940309 -0.004888091 1.468945 Tracked 67143097
0.3944973 -0.005086328 1.46949 Tracked 67143131
0.3955843 -0.005395703 1.471013 Tracked 67143164
0.3965724 -0.005408735 1.472206 Tracked 67143197
0.3973794 -0.005631427 1.473294 Tracked 67143232
0.3997517 -0.006582671 1.478201 Tracked 67143264
0.4001036 -0.00667799 1.478699 Tracked 67143297
0.4027636 -0.006898183 1.48574 Tracked 67143331
0.4045959 -0.007575209 1.492449 Tracked 67143364
0.4051891 -0.008126115 1.496545 Tracked 67143397
0.4059136 -0.008531094 1.50372 Tracked 67143432
0.4058782 -0.009328553 1.509943 Tracked 67143464
0.4067019 -0.009434731 1.517338 Tracked 67143496
0.407364 -0.009485924 1.524301 Tracked 67143531
0.4078802 -0.008532524 1.531959 Tracked 67143564
0.408239 -0.008687048 1.538225 Tracked 67143597
0.4075871 -0.00827422 1.544247 Tracked 67143631
0.4055549 -0.006530979 1.549419 Tracked 67143664
