0.3240164 0.03733923 1.26079 Tracked 67108634
0.3249431 0.03735521 1.261155 Tracked 67108667
0.3260292 0.03731788 1.261352 Tracked 67108697
0.3268674 0.03723727 1.261533 Tracked 67108731
0.3276459 0.03722368 1.261784 Tracked 67108764
0.3284615 0.03719084 1.262284 Tracked 67108797
0.3292232 0.03714909 1.262701 Tracked 67108832
0.3295316 0.03710071 1.262942 Tracked 67108864
0.3298412 0.03706762 1.26308 Tracked 67108897
0.3301554 0.03709464 1.263355 Tracked 67108931
0.3305168 0.03712839 1.263521 Tracked 67108963
0.3307593 0.03715666 1.263744 Tracked 67108998
0.3308797 0.0372302 1.263895 Tracked 67109031
0.3310144 0.03727702 1.263957 Tracked 67109064
0.3312049 0.03738184 1.264118 Tracked 67109098
0.3313813 0.03748053 1.264342 Tracked 67109131
0.3314846 0.03750513 1.264444 Tracked 67109163
0.3317153 0.03763554 1.264752 Tracked 67109198
0.3319981 0.03770919 1.26504 Tracked 67109230
0.3320877 0.03773386 1.265141 Tracked 67109264
0.3322345 0.03778458 1.265329 Tracked 67109297
0.3324611 0.03787254 1.265655 Tracked 67109331
0.3325847 0.03791537 1.266002 Tracked 67109363
0.3327799 0.03799569 1.266455 Tracked 67109397
0.3328307 0.03800257 1.266658 Tracked 67109431
0.3329193 0.03807039 1.267501 Tracked 67109463
0.3328329 0.0380772 1.267918 Tracked 67109509
0.332564 0.03810875 1.2685 Tracked 67109530
0.3323901 0.03816164 1.269672 Tracked 67109563
0.3321808 0.03819332 1.27047 Tracked 67109597
0.3320306 0.0382091 1.271285 Tracked 67109631
0.3317863 0.03824316 1.271946 Tracked 67109663
0.3317042 0.03833205 1.272871 Tracked 67109697
0.3315857 0.03840914 1.273591 Tracked 67109732
0.3315167 0.03848388 1.273978 Tracked 67109763
0.3314926 0.03855861 1.274336 Tracked 67109797
0.3314634 0.03858505 1.274622 Tracked 67109831
0.3313937 0.03859666 1.274876 Tracked 67109864
0.3314131 0.03867244 1.275633 Tracked 67109897
0.3312536 0.03869464 1.276053 Tracked 67109931
0.3311141 0.03866874 1.276192 Tracked 67109965
0.3309086 0.03860473 1.276442 Tracked 67109997
0.3306948 0.03858162 1.276778 Tracked 67110031
0.3301767 0.03860366 1.277071 Tracked 67110064
0.3299476 0.03860806 1.277492 Tracked 67110097
0.3296124 0.03858278 1.277803 Tracked 67110131
0.3290076 0.03845414 1.278169 Tracked 67110164
0.3284523 0.03826714 1.278362 Tracked 67110197
0.3278197 0.0380765 1.278461 Tracked 67110231
0.327351 0.03786194 1.278524 Tracked 67110264
0.3269187 0.03765216 1.278657 Tracked 67110297
0.3265303 0.03753668 1.278778 Tracked 67110331
0.3261389 0.03741974 1.278896 Tracked 67110364
0.3258055 0.03733739 1.279177 Tracked 67110397
0.3255239 0.03728773 1.279334 Tracked 67110431
0.3253446 0.03724077 1.279449 Tracked 67110463
0.325212 0.03721717 1.279551 Tracked 67110497
0.3249902 0.03712141 1.279561 Tracked 67110531
0.3248369 0.03703847 1.279566 Tracked 67110563
0.3247547 0.03699158 1.279622 Tracked 67110597
0.3246954 0.03694838 1.279629 Tracked 67110631
0.3246688 0.03690704 1.27964 Tracked 67110663
0.3246123 0.03681448 1.279672 Tracked 67110696
0.3246054 0.03674229 1.279697 Tracked 67110731
0.3245655 0.03659543 1.279625 Tracked 67110763
0.3246101 0.0365455 1.279692 Tracked 67110796
0.3246148 0.03650889 1.279748 Tracked 67110831
0.3246662 0.03647757 1.279875 Tracked 67110863
0.3248204 0.03641969 1.280118 Tracked 67110897
0.3250483 0.03635085 1.280355 Tracked 67110931
0.3255546 0.03625734 1.280731 Tracked 67110964
0.3261769 0.03619922 1.281369 Tracked 67110997
0.3265511 0.03616296 1.281582 Tracked 67111031
0.327275 0.03618703 1.28225 Tracked 67111064
0.3281146 0.03644106 1.282976 Tracked 67111097
0.329032 0.03658969 1.28383 Tracked 67111131
0.3299287 0.03663536 1.284308 Tracked 67111164
0.3309638 0.03668177 1.284746 Tracked 67111197
0.3319163 0.03666253 1.285132 Tracked 67111231
0.3333918 0.03687445 1.285526 Tracked 67111264
0.3344455 0.03703674 1.285785 Tracked 67111297
0.3355814 0.03728992 1.285892 Tracked 67111331
0.3366857 0.037447 1.285725 Tracked 67111364
0.3383389 0.03758657 1.285419 Tracked 67111397
0.3397073 0.0376416 1.285028 Tracked 67111431
0.3410428 0.03779748 1.284671 Tracked 67111463
0.3425322 0.03792378 1.284561 Tracked 67111497
0.3438306 0.03786782 1.284515 Tracked 67111531
0.3453287 0.03789807 1.284455 Tracked 67111564
0.3466751 0.03786288 1.284133 Tracked 67111597
0.3477193 0.0380771 1.284115 Tracked 67111631
0.3488392 0.0382176 1.283912 Tracked 67111664
0.3542333 0.0369796 1.282294 Tracked 67111697
0.3548744 0.03762715 1.282283 Tracked 67111731
0.3560045 0.03962229 1.281613 Tracked 67111764
0.3549101 0.03975632 1.281619 Tracked 67111797
0.3530748 0.04070209 1.282357 Tracked 67111832
0.3530388 0.04108017 1.282403 Tracked 67111864
0.3532583 0.04096931 1.282565 Tracked 67111897
0.3539336 0.03963661 1.284244 Tracked 67111932
0.3545257 0.03832269 1.285936 Tracked 67111964
0.3547748 0.03742386 1.287475 Tracked 67111997
0.3548262 0.03674881 1.288472 Tracked 67112031
0.355034 0.03559042 1.290045 Tracked 67112064
0.3550422 0.03556629 1.290029 Tracked 67112097
0.3550956 0.03543051 1.289996 Tracked 67112131
0.3558209 0.03508689 1.289715 Tracked 67112163
0.3566338 0.03450736 1.28907 Tracked 67112197
0.3593878 0.03000948 1.287991 Tracked 67112231
0.359769 0.02864495 1.288328 Tracked 67112263
0.3624804 0.02665956 1.288351 Tracked 67112298
0.3658839 0.02469062 1.288132 Tracked 67112331
0.3678774 0.0239512 1.288551 Tracked 67112365
0.3691494 0.02348312 1.288827 Tracked 67112397
0.3701047 0.02323047 1.28934 Tracked 67112431
0.3709873 0.02313901 1.289885 Tracked 67112465
0.3716596 0.02330107 1.290164 Tracked 67112497
0.3726141 0.02364823 1.290363 Tracked 67112531
0.3740171 0.02422371 1.290836 Tracked 67112564
0.3757575 0.0247856 1.291424 Tracked 67112597
0.3781568 0.02535897 1.291982 Tracked 67112631
0.3814987 0.02553528 1.293013 Tracked 67112665
0.3841037 0.02540823 1.293866 Tracked 67112696
0.386961 0.02513274 1.294945 Tracked 67112730
0.3888073 0.02481018 1.295619 Tracked 67112764
0.3897582 0.02470302 1.29574 Tracked 67112796
0.3902466 0.02455651 1.295812 Tracked 67112831
0.3905925 0.02451801 1.295632 Tracked 67112865
0.3908153 0.02450025 1.295561 Tracked 67112897
0.3911507 0.02445828 1.295123 Tracked 67112931
0.3916103 0.02448744 1.29469 Tracked 67112964
0.392962 0.02464999 1.294102 Tracked 67112998
0.395561 0.02464187 1.293652 Tracked 67113033
0.398182 0.02448384 1.293313 Tracked 67113064
0.400814 0.02396896 1.293086 Tracked 67113097
0.4051752 0.02335052 1.294091 Tracked 67113131
0.4073138 0.02292561 1.294438 Tracked 67113163
0.407658 0.02298998 1.294565 Tracked 67113198
0.4078802 0.02311366 1.294754 Tracked 67113231
0.4088548 0.02350739 1.295328 Tracked 67113264
0.4089223 0.02406923 1.295845 Tracked 67113298
0.4082772 0.02525077 1.296498 Tracked 67113331
0.4047667 0.02781817 1.298178 Tracked 67113364
0.3987639 0.03062306 1.30062 Tracked 67113398
0.392821 0.03200667 1.301686 Tracked 67113431
0.3920476 0.03163313 1.301546 Tracked 67113464
0.3896912 0.03089663 1.302372 Tracked 67113497
0.3566071 0.02860427 1.316726 Tracked 67113531
0.3507077 0.02785183 1.319545 Tracked 67113564
0.3434261 0.02647472 1.324083 Tracked 67113597
0.337591 0.02557742 1.327636 Tracked 67113630
0.3223301 0.02430161 1.335171 Tracked 67113664
0.3123119 0.02402271 1.339196 Tracked 67113696
0.3008569 0.02274077 1.343598 Tracked 67113731
0.2914208 0.02240914 1.347032 Tracked 67113764
0.2854909 0.02231992 1.348894 Tracked 67113797
0.2716639 0.02211942 1.350064 Tracked 67113831
0.262806 0.02202474 1.350988 Tracked 67113866
0.2541273 0.02160189 1.352352 Tracked 67113897
0.2450012 0.02115688 1.35406 Tracked 67113932
0.2359893 0.02063731 1.357433 Tracked 67113965
0.2308232 0.02001846 1.359383 Tracked 67113997
0.2216022 0.01810058 1.363571 Tracked 67114031
0.2167778 0.01678009 1.365425 Tracked 67114066
0.2133901 0.01561629 1.366465 Tracked 67114097
0.210374 0.01466229 1.366702 Tracked 67114131
0.2080497 0.01442602 1.366783 Tracked 67114164
0.2064638 0.01427836 1.366352 Tracked 67114198
0.2072061 0.01462957 1.365994 Tracked 67114231
0.2064293 0.01462514 1.365793 Tracked 67114264
0.2061499 0.01460383 1.365705 Tracked 67114298
0.2060418 0.01459868 1.365766 Tracked 67114332
0.2061055 0.01460454 1.365925 Tracked 67114364
0.2061564 0.01462667 1.365934 Tracked 67114398
0.2063719 0.01474614 1.366007 Tracked 67114431
0.2088622 0.01553818 1.365415 Tracked 67114464
0.2092669 0.01563444 1.366082 Tracked 67114497
0.2121242 0.01590444 1.365713 Tracked 67114531
0.2142817 0.01574143 1.365402 Tracked 67114563
0.216821 0.01552143 1.365408 Tracked 67114597
0.2197197 0.01523948 1.364935 Tracked 67114631
0.2257422 0.01368487 1.36546 Tracked 67114664
0.2273546 0.01397523 1.364741 Tracked 67114697
0.229258 0.0144661 1.364187 Tracked 67114731
0.2370395 0.01511326 1.366076 Tracked 67114764
0.2418541 0.01601938 1.367123 Tracked 67114797
0.2444741 0.01689685 1.367559 Tracked 67114831
0.2461494 0.01724576 1.367383 Tracked 67114865
0.2455778 0.01740956 1.366699 Tracked 67114897
0.245024 0.0172354 1.365573 Tracked 67114931
0.2448843 0.01702456 1.364983 Tracked 67114965
0.2448835 0.01671174 1.36416 Tracked 67114997
0.2449738 0.01652974 1.363843 Tracked 67115032
0.2451709 0.01639456 1.363329 Tracked 67115067
0.24535 0.01639136 1.363086 Tracked 67115097
0.2455356 0.01643061 1.362971 Tracked 67115131
0.2458208 0.01650883 1.362711 Tracked 67115164
0.2462792 0.01660082 1.362431 Tracked 67115197
0.2466739 0.01673191 1.36204 Tracked 67115232
0.2474425 0.01707335 1.36148 Tracked 67115264
0.253406 0.01772161 1.360127 Tracked 67115298
0.2660004 0.01755985 1.357437 Tracked 67115331
0.2660293 0.01755719 1.357346 Tracked 67115364
0.2737239 0.01710095 1.354445 Tracked 67115398
0.2780144 0.01675097 1.353337 Tracked 67115432
0.2771459 0.0167583 1.353306 Tracked 67115464
0.276782 0.01678376 1.353276 Tracked 67115497
0.2794782 0.01563696 1.350892 Tracked 67115532
0.2981812 0.021177 1.349325 Tracked 67115564
0.2982653 0.02081591 1.348868 Tracked 67115597
0.304235 0.02226964 1.347357 Tracked 67115631
0.3040684 0.02170301 1.347278 Tracked 67115664
0.3057024 0.01692256 1.34401 Tracked 67115697
0.3067759 0.01519497 1.343642 Tracked 67115731
0.3078123 0.01363893 1.3432 Tracked 67115764
0.3085345 0.01239128 1.3429 Tracked 67115797
0.3091337 0.0113074 1.342664 Tracked 67115831
0.3094989 0.01075779 1.342705 Tracked 67115865
0.310128 0.0102474 1.342621 Tracked 67115897
0.3107213 0.009949468 1.342677 Tracked 67115931
0.3126896 0.01023463 1.343075 Tracked 67115965
0.3247952 0.01424277 1.345739 Tracked 67115997
0.3246469 0.0142848 1.345133 Tracked 67116031
0.324488 0.01424043 1.344715 Tracked 67116064
0.324499 0.01423065 1.344523 Tracked 67116097
0.3246424 0.01423031 1.344579 Tracked 67116132
0.3232861 0.01303838 1.345176 Tracked 67116165
0.324094 0.008631694 1.342906 Tracked 67116197
0.3239003 0.00721325 1.342251 Tracked 67116232
0.3237067 0.00704627 1.342365 Tracked 67116264
0.3194121 0.008226001 1.350585 Tracked 67116298
0.3185349 0.009544927 1.355152 Tracked 67116332
0.3201548 0.01223836 1.354605 Tracked 67116364
0.3231902 0.0122904 1.354774 Tracked 67116398
0.3193795 0.01052375 1.365933 Tracked 67116431
0.3174983 0.01037517 1.37017 Tracked 67116464
0.3141971 0.01123481 1.37348 Tracked 67116498
0.3101805 0.01337021 1.376929 Tracked 67116532
0.3117918 0.01298011 1.375585 Tracked 67116564
0.3151234 0.01504332 1.370144 Tracked 67116598
0.3135535 0.01712424 1.3699 Tracked 67116631
0.2974622 0.02217663 1.377955 Tracked 67116664
0.2981967 0.02208541 1.376505 Tracked 67116697
0.2976669 0.02226913 1.376576 Tracked 67116731
0.3076034 0.01234876 1.370407 Tracked 67116764
0.3071218 0.01211936 1.370506 Tracked 67116797
0.2974727 0.01479205 1.375411 Tracked 67116831
0.2935196 0.0155508 1.377384 Tracked 67116864
0.2910439 0.01613966 1.378662 Tracked 67116897
0.2830825 0.01616443 1.383111 Tracked 67116931
0.2806301 0.01647697 1.384392 Tracked 67116965
0.282923 0.01478555 1.383508 Tracked 67116997
0.2838138 0.01438335 1.383116 Tracked 67117031
0.2810773 0.01556636 1.384346 Tracked 67117064
0.2824202 0.01522177 1.383946 Tracked 67117097
0.2829924 0.01500953 1.383895 Tracked 67117132
0.2839554 0.01413155 1.38368 Tracked 67117164
0.2849191 0.01298068 1.383379 Tracked 67117197
0.2829505 0.01310146 1.384914 Tracked 67117232
0.2818036 0.01336643 1.385956 Tracked 67117264
0.2811811 0.01370056 1.386678 Tracked 67117298
0.2806555 0.01383923 1.38699 Tracked 67117332
0.2847697 0.0117377 1.384277 Tracked 67117364
0.288851 0.01172692 1.382492 Tracked 67117398
0.2887597 0.01365865 1.382607 Tracked 67117432
0.2883485 0.01429413 1.382655 Tracked 67117464
0.2877292 0.01446513 1.382724 Tracked 67117497
0.2876336 0.01470681 1.382772 Tracked 67117531
0.2877778 0.01491663 1.382566 Tracked 67117564
0.2939155 0.0101909 1.376862 Tracked 67117597
0.3085075 -0.007329691 1.364347 Tracked 67117631
0.2684339 0.003142248 1.391069 Tracked 67117664
0.2810207 0.00135929 1.384355 Tracked 67117697
0.2891507 0.00138488 1.379186 Tracked 67117731
0.2943709 0.001576944 1.376131 Tracked 67117764
0.2979003 0.001929282 1.373279 Tracked 67117797
0.3001553 0.003052682 1.370765 Tracked 67117831
0.3053574 0.005929404 1.362711 Tracked 67117864
0.3062946 0.006130522 1.361129 Tracked 67117897
0.312998 0.009091591 1.348335 Tracked 67117931
0.3173804 0.01041341 1.341371 Tracked 67117965
0.3209687 0.01230816 1.334024 Tracked 67117997
0.3252332 0.01481916 1.327195 Tracked 67118031
0.3276635 0.01657528 1.323204 Tracked 67118065
0.3375608 0.01504817 1.3137 Tracked 67118097
0.3415447 0.01510717 1.309202 Tracked 67118131
0.343698 0.01497482 1.305918 Tracked 67118164
0.3443522 0.01492206 1.303708 Tracked 67118197
0.3390788 0.01534128 1.290856 Tracked 67118232
0.3424641 0.0228194 1.270632 Tracked 67118267
0.359501 0.02290573 1.243924 Tracked 67118297
0.3617707 0.02360079 1.237942 Tracked 67118332
0.3655808 0.02891381 1.21958 Tracked 67118364
0.366723 0.02786911 1.208606 Tracked 67118398
0.3649988 0.02691251 1.208768 Tracked 67118432
0.3475591 0.01917855 1.185827 Tracked 67118464
0.3286518 0.01650063 1.177879 Tracked 67118498
0.3050182 0.008132459 1.16789 Tracked 67118532
0.2587309 0.008142814 1.169539 Tracked 67118564
0.2553559 0.006877265 1.166978 Tracked 67118597
0.2599376 0.005674576 1.161783 Tracked 67118632
0.2474579 0.0056426 1.144888 Tracked 67118664
0.2407853 0.006579417 1.133854 Tracked 67118697
0.2332829 0.01026682 1.120542 Tracked 67118731
0.2269917 0.01598467 1.104277 Tracked 67118764
0.2188585 0.01924739 1.092681 Tracked 67118797
0.2096979 0.02626109 1.078193 Tracked 67118831
0.2064675 0.02888939 1.069671 Tracked 67118864
0.2056754 0.02901023 1.052896 Tracked 67118897
0.2074742 0.02664219 1.040527 Tracked 67118931
0.2077893 0.02655523 1.040282 Tracked 67118964
0.2203277 0.01775559 1.016837 Tracked 67118997
0.2225932 0.01643863 1.012575 Tracked 67119030
0.2248125 0.01696738 1.003526 Tracked 67119066
0.2248062 0.01701391 1.001226 Tracked 67119113
0.2207154 0.01880291 0.9797727 Tracked 67119131
0.2208111 0.02307808 0.9659659 Tracked 67119165
0.2230606 0.0314675 0.9504694 Tracked 67119197
0.2239862 0.03927331 0.9353393 Tracked 67119231
0.2282018 0.04329452 0.9179517 Tracked 67119264
0.2300268 0.04409808 0.910721 Tracked 67119296
0.2297942 0.04340411 0.896463 Tracked 67119331
0.22462 0.04022851 0.8864249 Tracked 67119365
0.2078517 0.03807951 0.8819458 Tracked 67119397
0.1889858 0.02633331 0.8775615 Tracked 67119431
0.1763467 0.02284632 0.8748797 Tracked 67119464
0.1721121 0.02152949 0.8709038 Tracked 67119498
0.171746 0.02143026 0.8696221 Tracked 67119532
0.1704957 0.02166122 0.8673764 Tracked 67119564
0.1682832 0.02247183 0.8638428 Tracked 67119598
0.1500034 0.03243035 0.8309308 Tracked 67119632
0.1480616 0.03836941 0.8185927 Tracked 67119664
0.1478328 0.03887263 0.8168359 Tracked 67119698
0.1458342 0.04859816 0.7946095 Tracked 67119732
0.1464305 0.04922804 0.7920948 Tracked 67119764
0.1475347 0.04807272 0.7905508 Tracked 67119797
0.1513488 0.04616268 0.7865389 Tracked 67119831
0.151173 0.04708958 0.7837052 Tracked 67119864
0.1579484 0.04562921 0.7693135 Tracked 67119897
0.1597688 0.04296519 0.7639507 Tracked 67119931
0.1606871 0.0412948 0.7581695 Tracked 67119964
0.1613802 0.03890844 0.7526166 Tracked 67119997
0.1616613 0.03457121 0.7385042 Tracked 67120031
0.1638817 0.03117792 0.7323314 Tracked 67120064
0.1668263 0.03248703 0.7235914 Tracked 67120097
0.16848 0.03898645 0.7015857 Tracked 67120130
0.1670676 0.04072817 0.6943449 Tracked 67120165
0.1636244 0.04004138 0.6971525 Tracked 67120197
0.1594754 0.03948858 0.6951414 Tracked 67120231
0.14841 0.03961879 0.6817377 Tracked 67120265
0.1472732 0.04040281 0.6751245 Tracked 67120297
0.147641 0.04063816 0.6753492 Tracked 67120331
0.1476997 0.04068109 0.6753349 Tracked 67120364
0.1456276 0.04165218 0.6723298 Tracked 67120397
0.1407855 0.04402846 0.6587518 Tracked 67120432
0.1400054 0.04488908 0.6534074 Tracked 67120464
0.1400986 0.04463741 0.6493337 Tracked 67120497
0.1408572 0.04332908 0.6451731 Tracked 67120531
0.1399228 0.04266238 0.6423857 Tracked 67120564
0.1401579 0.04260404 0.6398749 Tracked 67120598
0.1407183 0.04322257 0.6382495 Tracked 67120632
0.1410855 0.04353474 0.6373308 Tracked 67120664
0.1427842 0.04474805 0.6417799 Tracked 67120698
0.1463551 0.04605268 0.6443676 Tracked 67120731
0.1473311 0.04700772 0.6425965 Tracked 67120764
0.1553827 0.05026158 0.6372758 Tracked 67120797
0.1587741 0.05209269 0.6357308 Tracked 67120831
0.1719499 0.05657441 0.6320602 Tracked 67120864
0.1944484 0.05784418 0.628116 Tracked 67120897
0.2023986 0.05611582 0.6273273 Tracked 67120931
0.2008241 0.05536381 0.6285117 Tracked 67120964
0.2019566 0.0541151 0.6356962 Tracked 67120997
0.1973817 0.05409515 0.6490116 Tracked 67121031
0.1970979 0.05636618 0.6584425 Tracked 67121064
0.1968647 0.0538113 0.6733484 Tracked 67121097
0.1975747 0.05342656 0.6760396 Tracked 67121133
0.2038363 0.05461814 0.6942377 Tracked 67121164
0.2083382 0.0562332 0.7036456 Tracked 67121197
0.2083305 0.05616636 0.7036224 Tracked 67121231
0.2108257 0.04952108 0.7354859 Tracked 67121265
0.2068618 0.04552061 0.7474439 Tracked 67121297
0.1992909 0.03704979 0.767831 Tracked 67121331
0.197619 0.02814532 0.7805209 Tracked 67121365
0.1966603 0.02557696 0.7961057 Tracked 67121397
0.1970572 0.03195303 0.8130538 Tracked 67121431
0.1996973 0.03712415 0.8330029 Tracked 67121464
0.2045647 0.04260365 0.8472344 Tracked 67121497
0.2076995 0.04536121 0.8587769 Tracked 67121532
0.2122669 0.04680657 0.8705313 Tracked 67121565
0.216744 0.04753391 0.8820429 Tracked 67121597
0.2218255 0.04713436 0.892418 Tracked 67121632
0.2253155 0.0465175 0.898605 Tracked 67121664
0.2357413 0.04300397 0.9109626 Tracked 67121698
0.2431797 0.04057711 0.9180461 Tracked 67121731
0.2509707 0.03800321 0.9289713 Tracked 67121764
0.2571819 0.0374315 0.9380624 Tracked 67121798
0.2672317 0.04043025 0.9511341 Tracked 67121831
0.2721296 0.04293134 0.9624237 Tracked 67121864
0.2735068 0.04460186 0.9769666 Tracked 67121897
0.273674 0.0463901 0.9906611 Tracked 67121931
0.2701996 0.045498 1.008188 Tracked 67121964
0.2703593 0.0438628 1.018387 Tracked 67121997
0.2699181 0.04149995 1.037622 Tracked 67122031
0.2668927 0.03809133 1.051714 Tracked 67122064
0.2624453 0.03361931 1.064427 Tracked 67122097
0.2567533 0.03004951 1.078477 Tracked 67122131
0.2515359 0.02910827 1.09031 Tracked 67122164
0.2453824 0.02967541 1.102827 Tracked 67122197
0.2393486 0.03141424 1.116023 Tracked 67122231
0.2385881 0.03380108 1.12919 Tracked 67122264
0.2397804 0.03590614 1.139445 Tracked 67122297
0.2431073 0.03739767 1.151245 Tracked 67122331
0.2460513 0.03867735 1.164035 Tracked 67122365
0.2491329 0.0392753 1.175715 Tracked 67122397
0.2525436 0.03988554 1.183966 Tracked 67122431
0.2556148 0.03982333 1.191809 Tracked 67122465
0.2591862 0.03917846 1.19734 Tracked 67122497
0.2643631 0.03704425 1.205182 Tracked 67122532
0.2706343 0.03395068 1.211512 Tracked 67122564
0.2760456 0.03219144 1.215488 Tracked 67122597
0.2810243 0.03070898 1.219613 Tracked 67122632
0.2855532 0.03007221 1.223944 Tracked 67122664
0.2902391 0.02962076 1.229554 Tracked 67122697
0.2945225 0.03002408 1.237832 Tracked 67122731
0.2966783 0.03024529 1.242677 Tracked 67122764
0.2956248 0.03153438 1.257972 Tracked 67122797
0.2946137 0.03123339 1.263751 Tracked 67122832
0.292061 0.02996271 1.276738 Tracked 67122864
0.2914774 0.02977431 1.278894 Tracked 67122898
0.2820893 0.02663197 1.298436 Tracked 67122932
0.2822911 0.02681137 1.298209 Tracked 67122964
0.2740878 0.0255795 1.31543 Tracked 67122999
0.2681036 0.02480626 1.325069 Tracked 67123032
0.2603936 0.02437116 1.335403 Tracked 67123064
0.2558371 0.02486856 1.341929 Tracked 67123097
0.2485296 0.02605152 1.352003 Tracked 67123131
0.2400792 0.02661325 1.365891 Tracked 67123164
0.2364969 0.02680367 1.372635 Tracked 67123197
0.2334532 0.02635587 1.3792 Tracked 67123231
0.2298509 0.0256452 1.386749 Tracked 67123264
0.2277281 0.02563842 1.39225 Tracked 67123297
0.2262251 0.02603684 1.399169 Tracked 67123331
0.2254531 0.02693632 1.40624 Tracked 67123364
0.2258624 0.02757648 1.412793 Tracked 67123397
0.227498 0.0279873 1.418638 Tracked 67123431
0.2293829 0.0295 1.423792 Tracked 67123464
0.2297024 0.02994072 1.422359 Tracked 67123497
0.2350897 0.03360046 1.430303 Tracked 67123531
0.238069 0.0358574 1.435306 Tracked 67123564
0.2404639 0.03682077 1.438668 Tracked 67123597
0.2433937 0.03781926 1.442868 Tracked 67123632
0.2459447 0.03840885 1.446626 Tracked 67123664
0.2477201 0.03890301 1.449312 Tracked 67123697
0.2491941 0.03933055 1.451253 Tracked 67123732
0.250037 0.03963438 1.452399 Tracked 67123764
0.2512301 0.03992284 1.454105 Tracked 67123797
0.2522593 0.04008703 1.455862 Tracked 67123832
0.2528036 0.0402114 1.45692 Tracked 67123864
0.2534353 0.04035402 1.458461 Tracked 67123897
0.2539793 0.04055148 1.46044 Tracked 67123931
0.2541775 0.04062822 1.461416 Tracked 67123964
0.2541732 0.04066245 1.462721 Tracked 67123997
0.2541081 0.04066451 1.463389 Tracked 67124031
0.2539926 0.04057264 1.464997 Tracked 67124064
0.2538273 0.04038537 1.466098 Tracked 67124097
0.25381 0.04029397 1.4674 Tracked 67124131
0.2534972 0.04014568 1.468647 Tracked 67124164
0.2528868 0.04004502 1.469787 Tracked 67124197
0.2525397 0.03988181 1.470668 Tracked 67124231
0.2522467 0.03981986 1.471741 Tracked 67124264
0.2519945 0.03985511 1.47276 Tracked 67124297
0.2519721 0.03994397 1.473536 Tracked 67124331
0.2515969 0.03983008 1.473898 Tracked 67124363
0.2514924 0.03983887 1.474252 Tracked 67124397
0.2514476 0.0398159 1.474543 Tracked 67124431
0.2513728 0.03983096 1.474699 Tracked 67124465
0.2523423 0.03994984 1.475379 Tracked 67124497
0.2522622 0.04001048 1.475807 Tracked 67124531
0.2522486 0.03998631 1.475971 Tracked 67124564
0.2522439 0.04008214 1.477036 Tracked 67124597
0.2524303 0.04011652 1.477944 Tracked 67124631
0.2525254 0.04005073 1.47894 Tracked 67124664
0.2525069 0.04013271 1.479948 Tracked 67124697
0.2519758 0.04015189 1.481982 Tracked 67124732
0.2511098 0.03986093 1.483706 Tracked 67124764
0.2484678 0.03947559 1.487162 Tracked 67124797
0.2452731 0.03840264 1.491349 Tracked 67124832
0.242302 0.03740279 1.495443 Tracked 67124864
0.2395619 0.03655494 1.498951 Tracked 67124897
0.236419 0.03628912 1.503076 Tracked 67124932
0.2331694 0.03651494 1.507033 Tracked 67124964
0.2313661 0.03605033 1.509285 Tracked 67124997
0.2301867 0.03540458 1.511002 Tracked 67125031
0.2294271 0.0353976 1.511984 Tracked 67125064
0.2287037 0.03573451 1.512912 Tracked 67125097
0.2282455 0.03620607 1.513386 Tracked 67125131
0.2279211 0.03669348 1.513897 Tracked 67125164
0.2278471 0.03677194 1.51407 Tracked 67125197
0.2276528 0.03674649 1.514253 Tracked 67125231
0.2274998 0.03673705 1.514526 Tracked 67125264
0.2273523 0.03678319 1.514763 Tracked 67125297
0.2268047 0.03711029 1.515145 Tracked 67125331
0.2261303 0.03728765 1.515579 Tracked 67125364
0.2257397 0.03730463 1.515854 Tracked 67125397
0.2253247 0.03748362 1.516503 Tracked 67125431
0.2247042 0.03762954 1.51698 Tracked 67125463
0.2248765 0.03766636 1.516473 Tracked 67125497
0.2232873 0.03830035 1.517356 Tracked 67125531
0.2219733 0.03870595 1.517834 Tracked 67125564
0.2205868 0.03917693 1.518591 Tracked 67125597
0.2192679 0.03940707 1.519012 Tracked 67125631
0.217881 0.0395423 1.519046 Tracked 67125664
0.2165902 0.03974409 1.519265 Tracked 67125697
0.2156764 0.03989789 1.519576 Tracked 67125731
0.2143434 0.04003681 1.519939 Tracked 67125764
0.2129982 0.0402984 1.520451 Tracked 67125797
0.2118418 0.04051185 1.520413 Tracked 67125832
0.2107217 0.04066384 1.520401 Tracked 67125864
0.2096323 0.04089807 1.520125 Tracked 67125897
0.2078709 0.0411044 1.519068 Tracked 67125932
0.206131 0.04137119 1.517697 Tracked 67125964
0.2045305 0.04168123 1.516226 Tracked 67125997
0.202792 0.04197561 1.514872 Tracked 67126031
0.2017277 0.04202611 1.513904 Tracked 67126064
0.2007965 0.04197584 1.512893 Tracked 67126097
0.2002365 0.0418992 1.51179 Tracked 67126132
0.1994689 0.04178502 1.51051 Tracked 67126164
0.1992836 0.04178096 1.509943 Tracked 67126197
0.1992503 0.04170443 1.509311 Tracked 67126233
0.1991755 0.04164205 1.508621 Tracked 67126264
0.1992327 0.04150904 1.508077 Tracked 67126297
0.1992652 0.04140694 1.507643 Tracked 67126331
0.1993367 0.04128882 1.5073 Tracked 67126364
0.1995027 0.0411396 1.507065 Tracked 67126397
0.1998103 0.04101492 1.506757 Tracked 67126431
0.2001014 0.04091727 1.506567 Tracked 67126463
0.2007352 0.04071687 1.506071 Tracked 67126497
0.2011076 0.04068463 1.50574 Tracked 67126531
0.2014668 0.04058141 1.505531 Tracked 67126564
0.2018284 0.040432 1.505255 Tracked 67126597
0.2024875 0.04003071 1.504784 Tracked 67126631
0.202696 0.03992216 1.504758 Tracked 67126664
0.2028871 0.03981014 1.50475 Tracked 67126697
0.2031433 0.03966237 1.504661 Tracked 67126731
0.2033322 0.03955922 1.504665 Tracked 67126765
0.2034961 0.03949815 1.504607 Tracked 67126797
0.2037357 0.03937448 1.504547 Tracked 67126831
0.2040879 0.03924074 1.504458 Tracked 67126864
0.2043208 0.0391154 1.504257 Tracked 67126897
0.2045445 0.03898263 1.504223 Tracked 67126932
0.2046993 0.03895455 1.504245 Tracked 67126964
0.2050344 0.03888918 1.50403 Tracked 67126996
0.2052265 0.03886473 1.504188 Tracked 67127031
0.2054864 0.0387941 1.504233 Tracked 67127064
0.2057199 0.03876077 1.504133 Tracked 67127097
0.206057 0.03872512 1.504163 Tracked 67127131
0.2065182 0.03866413 1.504034 Tracked 67127164
0.206824 0.03860707 1.503992 Tracked 67127197
0.2071307 0.03857782 1.503973 Tracked 67127231
0.2075762 0.03851191 1.503853 Tracked 67127264
0.20773 0.03844784 1.503787 Tracked 67127297
0.2077915 0.03842186 1.503815 Tracked 67127331
0.2078375 0.0383852 1.503844 Tracked 67127364
0.207871 0.03838187 1.503865 Tracked 67127397
0.2078713 0.03838108 1.503865 Tracked 67127431
0.207885 0.0383537 1.503883 Tracked 67127464
0.207873 0.03833277 1.503905 Tracked 67127497
0.2078871 0.03831375 1.503966 Tracked 67127531
0.2078701 0.03828952 1.504034 Tracked 67127564
0.2078289 0.03826566 1.504028 Tracked 67127597
0.2077986 0.03823382 1.504092 Tracked 67127631
0.2077156 0.03825641 1.504227 Tracked 67127663
0.2077176 0.03822373 1.50435 Tracked 67127697
0.2076385 0.03820736 1.504552 Tracked 67127731
0.207625 0.0381716 1.504527 Tracked 67127764
0.2075199 0.03812241 1.504725 Tracked 67127797
0.2073428 0.03806813 1.504934 Tracked 67127831
0.2073112 0.0380149 1.505006 Tracked 67127864
0.2073015 0.03797724 1.505061 Tracked 67127897
0.207221 0.0379516 1.505045 Tracked 67127931
0.2071301 0.03789197 1.505439 Tracked 67127964
0.2071322 0.03784329 1.505642 Tracked 67127997
0.2071535 0.03779372 1.505748 Tracked 67128031
0.2072278 0.03775023 1.505931 Tracked 67128064
0.2072318 0.03773482 1.505949 Tracked 67128097
0.2072764 0.03773084 1.506131 Tracked 67128131
0.2074474 0.03770478 1.506253 Tracked 67128164
0.2075469 0.03769133 1.506257 Tracked 67128198
0.2076597 0.03765533 1.506286 Tracked 67128231
0.2078948 0.03759708 1.506392 Tracked 67128264
0.2082338 0.03758131 1.506716 Tracked 67128297
0.2087538 0.03755854 1.506722 Tracked 67128332
0.2089242 0.03759588 1.506947 Tracked 67128364
0.2093337 0.03756113 1.507025 Tracked 67128398
0.2095194 0.03757261 1.507032 Tracked 67128432
0.2099964 0.03760801 1.507337 Tracked 67128464
0.2100976 0.03759436 1.507274 Tracked 67128497
0.2103097 0.03757684 1.507324 Tracked 67128531
0.21042 0.0375651 1.507353 Tracked 67128564
0.2107045 0.03759627 1.507478 Tracked 67128597
0.2107875 0.03759487 1.507511 Tracked 67128634
0.210857 0.03760347 1.507537 Tracked 67128663
0.2109668 0.03758406 1.507523 Tracked 67128697
0.2111356 0.03756752 1.507496 Tracked 67128731
0.2112925 0.03752127 1.507429 Tracked 67128764
0.2114917 0.03744054 1.507354 Tracked 67128797
0.2115535 0.03740798 1.507252 Tracked 67128831
0.2116436 0.03738298 1.507207 Tracked 67128864
0.2117272 0.03737197 1.507174 Tracked 67128897
0.2117471 0.03737455 1.507156 Tracked 67128931
0.211852 0.03735124 1.507119 Tracked 67128964
0.2118632 0.03735144 1.507064 Tracked 67128997
0.2119065 0.0373372 1.507037 Tracked 67129032
0.2118927 0.03730404 1.506987 Tracked 67129064
0.2118944 0.0372838 1.506974 Tracked 67129097
0.2118655 0.03725148 1.506856 Tracked 67129131
0.211847 0.03714727 1.506617 Tracked 67129164
0.2118244 0.03704938 1.506555 Tracked 67129197
0.2117309 0.03702489 1.50656 Tracked 67129231
0.2116224 0.03697262 1.506557 Tracked 67129264
0.2114957 0.03693466 1.506497 Tracked 67129316
0.2114437 0.03692578 1.506523 Tracked 67129331
0.2113185 0.03690676 1.506508 Tracked 67129364
0.2110792 0.0368888 1.50657 Tracked 67129397
0.2107816 0.036888 1.506813 Tracked 67129431
0.2104635 0.03684095 1.507026 Tracked 67129464
0.2101832 0.0368208 1.507418 Tracked 67129497
0.2097773 0.03679243 1.507805 Tracked 67129531
0.2095113 0.03677626 1.508085 Tracked 67129564
0.2089606 0.03674569 1.508443 Tracked 67129597
0.2083614 0.03676717 1.508887 Tracked 67129631
0.2075478 0.03679185 1.509622 Tracked 67129664
0.2069126 0.03686751 1.510062 Tracked 67129697
0.2065307 0.03687262 1.510263 Tracked 67129731
0.2061214 0.03697647 1.510555 Tracked 67129763
0.2057624 0.03701263 1.510788 Tracked 67129796
0.2055427 0.03707227 1.510956 Tracked 67129831
0.2052296 0.03709875 1.511129 Tracked 67129864
0.2048676 0.0372115 1.511682 Tracked 67129896
0.2046762 0.03725492 1.511846 Tracked 67129931
0.2044186 0.03733582 1.512113 Tracked 67129964
0.2043767 0.03733898 1.512144 Tracked 67129996
0.204303 0.03740932 1.512493 Tracked 67130031
0.2043068 0.03740349 1.512491 Tracked 67130064
0.2043981 0.03743112 1.512596 Tracked 67130100
0.2045096 0.03746193 1.512665 Tracked 67130132
0.2046931 0.03750088 1.512693 Tracked 67130164
0.2085779 0.03712988 1.511631 Tracked 67130196
0.2111087 0.03679019 1.511205 Tracked 67130232
0.2109413 0.03680797 1.511157 Tracked 67130264
0.2108199 0.03680971 1.511008 Tracked 67130296
0.2107567 0.03682438 1.511121 Tracked 67130331
0.2107433 0.03682446 1.511109 Tracked 67130364
0.2107034 0.03684238 1.511009 Tracked 67130397
0.2107089 0.03684191 1.511005 Tracked 67130431
0.210755 0.03684957 1.510959 Tracked 67130464
0.2110397 0.03680382 1.510428 Tracked 67130496
0.2112342 0.03682436 1.510228 Tracked 67130531
0.2114125 0.0368425 1.509958 Tracked 67130564
0.211517 0.03684433 1.509768 Tracked 67130596
0.2116479 0.03677222 1.50959 Tracked 67130631
0.2117279 0.03675905 1.509564 Tracked 67130664
0.2119514 0.03668017 1.509276 Tracked 67130696
0.2120904 0.03656289 1.508896 Tracked 67130731
0.2122101 0.03654428 1.508846 Tracked 67130764
0.2122989 0.03655399 1.508697 Tracked 67130796
0.2125437 0.03653892 1.508561 Tracked 67130831
0.2127642 0.0364726 1.508354 Tracked 67130863
0.2128372 0.03646393 1.508378 Tracked 67130897
0.2129466 0.03638995 1.508225 Tracked 67130931
0.2130619 0.03634521 1.508096 Tracked 67130964
0.2132308 0.03626478 1.507956 Tracked 67130996
0.2133398 0.03623372 1.507911 Tracked 67131031
0.2151259 0.03598169 1.507589 Tracked 67131064
0.214997 0.0359521 1.507457 Tracked 67131096
0.2149261 0.03592152 1.507353 Tracked 67131130
0.2147951 0.03589129 1.507235 Tracked 67131164
0.2145294 0.03577956 1.507009 Tracked 67131196
0.2141331 0.0357384 1.506851 Tracked 67131231
0.2138354 0.03564233 1.506654 Tracked 67131264
0.2132503 0.03552262 1.50653 Tracked 67131296
0.2126525 0.03545677 1.506414 Tracked 67131334
0.2122573 0.03543129 1.506317 Tracked 67131364
0.2120245 0.03538894 1.506307 Tracked 67131396
0.2115379 0.03542533 1.506294 Tracked 67131431
0.2111535 0.03541496 1.506349 Tracked 67131464
0.2108781 0.03541712 1.506405 Tracked 67131496
0.2106963 0.03546841 1.506495 Tracked 67131531
0.210537 0.03551669 1.506768 Tracked 67131564
0.2103782 0.03559817 1.506843 Tracked 67131596
0.2102385 0.03568824 1.506911 Tracked 67131631
0.209918 0.03587572 1.507023 Tracked 67131664
0.2096219 0.03598667 1.506956 Tracked 67131696
0.2094532 0.0360915 1.506905 Tracked 67131731
0.2093303 0.03608073 1.506871 Tracked 67131764
0.2089316 0.03586754 1.506496 Tracked 67131796
0.2089154 0.03575082 1.506431 Tracked 67131831
0.2089342 0.03555442 1.506484 Tracked 67131863
0.2090428 0.03540984 1.506402 Tracked 67131896
0.2091731 0.03516459 1.506038 Tracked 67131931
0.2093235 0.03494614 1.505742 Tracked 67131964
0.2094585 0.03477834 1.505645 Tracked 67131996
0.2097161 0.03445176 1.505632 Tracked 67132031
0.2098749 0.03422058 1.505541 Tracked 67132064
0.2100579 0.03406777 1.505454 Tracked 67132096
0.2102738 0.03388473 1.50544 Tracked 67132131
0.2104566 0.03373912 1.505402 Tracked 67132165
0.210645 0.03359609 1.505392 Tracked 67132196
0.2108879 0.03347367 1.505322 Tracked 67132231
0.2110869 0.03339147 1.505242 Tracked 67132264
0.2111696 0.03326452 1.505118 Tracked 67132296
0.2113678 0.03316618 1.504967 Tracked 67132331
0.2116274 0.03309041 1.504888 Tracked 67132364
0.2141636 0.03318506 1.504984 Tracked 67132396
0.2141564 0.03317505 1.504957 Tracked 67132431
0.2141957 0.03314731 1.504914 Tracked 67132464
0.2141943 0.0331388 1.504911 Tracked 67132497
0.2141539 0.03311628 1.504871 Tracked 67132531
0.2141548 0.03311385 1.504879 Tracked 67132564
0.2141305 0.03311558 1.504884 Tracked 67132596
0.2141118 0.03311409 1.5048 Tracked 67132631
0.2141111 0.03312975 1.504821 Tracked 67132664
0.2141372 0.03313518 1.504797 Tracked 67132696
0.2141807 0.0331386 1.504715 Tracked 67132731
0.2142111 0.03314299 1.504745 Tracked 67132764
0.2142201 0.03313804 1.504666 Tracked 67132796
0.2142536 0.03314588 1.504641 Tracked 67132831
0.2142712 0.033152 1.504618 Tracked 67132864
0.2142677 0.03314793 1.504606 Tracked 67132896
0.2142627 0.03313033 1.504481 Tracked 67132931
0.2142334 0.03313914 1.50437 Tracked 67132963
0.2141759 0.03314999 1.504433 Tracked 67132996
0.2141738 0.03315978 1.504425 Tracked 67133031
0.2141655 0.03316346 1.504381 Tracked 67133063
0.2142215 0.0331653 1.504318 Tracked 67133097
0.2142498 0.03315959 1.504274 Tracked 67133131
0.2142428 0.03316706 1.504167 Tracked 67133164
0.2142769 0.03316415 1.504158 Tracked 67133196
0.2143058 0.03318654 1.504146 Tracked 67133231
0.2143401 0.03319706 1.504135 Tracked 67133264
0.2144663 0.03318345 1.50417 Tracked 67133296
0.2145512 0.03317283 1.504192 Tracked 67133332
0.2146957 0.03318428 1.50422 Tracked 67133364
0.2163927 0.03335669 1.504279 Tracked 67133398
0.2163881 0.03336855 1.504239 Tracked 67133432
0.2174946 0.03350557 1.504286 Tracked 67133464
0.217471 0.03350379 1.504238 Tracked 67133497
0.2173979 0.03352068 1.504103 Tracked 67133531
0.217399 0.03352328 1.504109 Tracked 67133566
0.2173746 0.03354494 1.504122 Tracked 67133597
0.2173568 0.0335738 1.504022 Tracked 67133634
0.2173564 0.03359599 1.50394 Tracked 67133664
0.2173914 0.03365954 1.503792 Tracked 67133696
0.2174367 0.03374784 1.503723 Tracked 67133731
0.2186149 0.03391894 1.503727 Tracked 67133764
0.2187256 0.03399447 1.503605 Tracked 67133796
0.2191587 0.03427884 1.503518 Tracked 67133831
0.2199726 0.03468227 1.503156 Tracked 67133864
0.2206922 0.03509758 1.502776 Tracked 67133896
0.2212783 0.03546154 1.50224 Tracked 67133931
0.2217827 0.03582502 1.501838 Tracked 67133964
0.2223873 0.0363518 1.501462 Tracked 67133996
0.2227896 0.03680834 1.501223 Tracked 67134031
0.2231884 0.03734185 1.500907 Tracked 67134063
0.2236591 0.03785839 1.500269 Tracked 67134096
0.2240239 0.03842543 1.499351 Tracked 67134131
0.2242546 0.03899249 1.498006 Tracked 67134164
0.2245415 0.03942726 1.497355 Tracked 67134196
0.2247486 0.03936311 1.49764 Tracked 67134232
0.2248008 0.03988607 1.496608 Tracked 67134264
0.2249478 0.04039747 1.495792 Tracked 67134296
0.2251744 0.04037533 1.495979 Tracked 67134331
0.2251133 0.04145873 1.49465 Tracked 67134364
0.2250191 0.04223466 1.493925 Tracked 67134400
0.2248634 0.04298394 1.492961 Tracked 67134432
0.225067 0.04285626 1.49334 Tracked 67134464
0.2252164 0.04274075 1.493655 Tracked 67134496
0.2253243 0.04267133 1.493879 Tracked 67134531
0.2254246 0.04264659 1.493978 Tracked 67134564
0.2254907 0.0426079 1.494068 Tracked 67134596
0.2249669 0.04391474 1.492162 Tracked 67134631
0.2251597 0.04365709 1.49271 Tracked 67134664
0.2247941 0.04417595 1.49192 Tracked 67134697
0.2245533 0.04453231 1.491204 Tracked 67134731
0.224722 0.04414389 1.491575 Tracked 67134764
0.2250283 0.04362714 1.492535 Tracked 67134796
0.2249006 0.04370177 1.492291 Tracked 67134831
0.225075 0.04315655 1.492972 Tracked 67134863
0.2249205 0.04316261 1.492777 Tracked 67134896
0.2247027 0.04308335 1.492688 Tracked 67134931
0.2250041 0.04240242 1.493799 Tracked 67134964
0.2249278 0.0423875 1.493811 Tracked 67134996
0.2247917 0.042339 1.49386 Tracked 67135031
0.2247517 0.04228471 1.493826 Tracked 67135064
0.224779 0.04223775 1.493851 Tracked 67135096
0.224852 0.04203827 1.493941 Tracked 67135131
0.2248331 0.04189205 1.494222 Tracked 67135164
0.2248453 0.04166908 1.494501 Tracked 67135196
0.2248568 0.04124756 1.494794 Tracked 67135231
0.224735 0.04069046 1.495343 Tracked 67135264
0.2246209 0.04025363 1.495884 Tracked 67135297
0.224408 0.03982325 1.49644 Tracked 67135331
0.223851 0.03923754 1.497267 Tracked 67135364
0.2232813 0.03871668 1.497879 Tracked 67135396
0.2229563 0.03827579 1.498291 Tracked 67135431
0.2225443 0.03785665 1.498506 Tracked 67135464
0.2222129 0.03749851 1.498675 Tracked 67135497
0.2217755 0.03722483 1.498822 Tracked 67135531
0.2213906 0.03699766 1.498857 Tracked 67135564
0.2210674 0.03681272 1.498738 Tracked 67135596
0.2207956 0.03664575 1.498711 Tracked 67135631
0.2205566 0.0364787 1.498615 Tracked 67135664
0.2203829 0.03633027 1.498372 Tracked 67135696
0.2201305 0.03621909 1.49815 Tracked 67135731
0.2198566 0.03612747 1.498033 Tracked 67135764
0.2205803 0.03595615 1.498215 Tracked 67135797
0.220113 0.03578269 1.497969 Tracked 67135831
0.2208761 0.03558605 1.498181 Tracked 67135864
0.2213069 0.0355026 1.498276 Tracked 67135897
0.220755 0.03541617 1.497902 Tracked 67135931
0.2202677 0.03534329 1.49779 Tracked 67135964
0.219906 0.03521107 1.497512 Tracked 67135996
0.2196191 0.03510943 1.49738 Tracked 67136031
0.2193517 0.03500365 1.497406 Tracked 67136064
0.2200499 0.0349686 1.49774 Tracked 67136096
0.2198183 0.0349346 1.497673 Tracked 67136131
0.219671 0.0348652 1.497791 Tracked 67136163
0.2204883 0.03482369 1.498251 Tracked 67136196
0.2205123 0.0348016 1.498303 Tracked 67136231
0.2205258 0.0347829 1.49836 Tracked 67136263
0.2205244 0.03478159 1.498359 Tracked 67136296
0.2205531 0.0348017 1.498399 Tracked 67136331
0.2210841 0.03512439 1.498461 Tracked 67136364
0.2214903 0.03528674 1.498358 Tracked 67136396
0.2218734 0.0355725 1.498291 Tracked 67136430
0.2222975 0.0359676 1.498044 Tracked 67136464
0.2227364 0.03644798 1.497726 Tracked 67136496
0.2230402 0.03690911 1.497282 Tracked 67136531
0.2232473 0.03758814 1.496502 Tracked 67136564
0.2232041 0.03804974 1.495963 Tracked 67136596
0.2232853 0.03837339 1.495571 Tracked 67136632
0.2230669 0.03911785 1.494347 Tracked 67136664
0.2232677 0.03912096 1.494452 Tracked 67136696
0.2229654 0.04034586 1.492132 Tracked 67136731
0.2228212 0.0410672 1.491515 Tracked 67136764
0.2230433 0.04107116 1.491884 Tracked 67136796
0.2224307 0.04210758 1.490478 Tracked 67136832
0.2222264 0.04297745 1.489503 Tracked 67136864
0.2220258 0.04327475 1.488931 Tracked 67136897
0.2220279 0.04358291 1.488509 Tracked 67136932
0.222009 0.04362927 1.48843 Tracked 67136964
0.222025 0.04359305 1.488384 Tracked 67136996
0.2221127 0.04357308 1.488412 Tracked 67137031
0.2221945 0.04349452 1.488611 Tracked 67137064
0.2226655 0.04318303 1.489175 Tracked 67137096
0.2232869 0.04291048 1.489944 Tracked 67137131
0.2242972 0.04207161 1.491379 Tracked 67137164
0.2249014 0.04106054 1.492583 Tracked 67137196
0.225615 0.03986171 1.493872 Tracked 67137231
0.2262641 0.03886103 1.495044 Tracked 67137264
0.2277749 0.03767588 1.496367 Tracked 67137296
0.2286682 0.03696879 1.497027 Tracked 67137331
0.2299243 0.0362228 1.497134 Tracked 67137364
0.230206 0.0360059 1.497068 Tracked 67137396
0.2306494 0.03598614 1.497166 Tracked 67137431
0.2315258 0.03602869 1.49695 Tracked 67137464
0.2329256 0.03633112 1.495869 Tracked 67137497
0.2339262 0.03629099 1.495983 Tracked 67137531
0.2353671 0.03719654 1.494816 Tracked 67137564
0.2369593 0.03863358 1.49259 Tracked 67137597
0.2385684 0.04069877 1.490882 Tracked 67137631
0.241287 0.04299384 1.487724 Tracked 67137664
0.2434834 0.04507605 1.485758 Tracked 67137696
0.2462164 0.04687107 1.483989 Tracked 67137732
0.2479273 0.0482087 1.483217 Tracked 67137764
0.2499088 0.04940036 1.482014 Tracked 67137796
0.2510942 0.05058601 1.481523 Tracked 67137831
0.2528274 0.05188955 1.480079 Tracked 67137864
0.2532583 0.05240684 1.479681 Tracked 67137896
0.2537231 0.05279138 1.479775 Tracked 67137931
0.2541175 0.05304004 1.479492 Tracked 67137964
0.2543137 0.0531055 1.479396 Tracked 67137997
0.2544874 0.0531771 1.479352 Tracked 67138031
0.2546442 0.05322402 1.479247 Tracked 67138064
0.254979 0.05311184 1.479285 Tracked 67138096
0.2553056 0.05289891 1.479319 Tracked 67138131
0.2564553 0.05206706 1.48018 Tracked 67138164
0.2578832 0.05079736 1.482077 Tracked 67138197
0.2582256 0.04915604 1.483752 Tracked 67138231
0.2582191 0.04766881 1.485675 Tracked 67138264
0.2582926 0.04643104 1.487799 Tracked 67138296
0.2584867 0.04503552 1.490525 Tracked 67138331
0.2595798 0.04293616 1.495267 Tracked 67138364
0.2598687 0.04188061 1.49693 Tracked 67138396
0.2600957 0.0407759 1.498718 Tracked 67138431
0.2603813 0.03977853 1.50015 Tracked 67138464
0.260554 0.03872546 1.50132 Tracked 67138497
0.2604405 0.03787801 1.503263 Tracked 67138531
0.2604349 0.03738465 1.503524 Tracked 67138564
0.261177 0.03679757 1.504134 Tracked 67138597
0.261822 0.03622071 1.505071 Tracked 67138631
0.2625502 0.03596789 1.506191 Tracked 67138665
0.2624928 0.03589794 1.506521 Tracked 67138697
0.2588293 0.03564817 1.506515 Tracked 67138732
0.2588685 0.03560793 1.506642 Tracked 67138764
0.2588771 0.03557604 1.506892 Tracked 67138796
0.2589346 0.03553759 1.506982 Tracked 67138831
0.2563893 0.03546484 1.506752 Tracked 67138865
0.2566585 0.03549596 1.507062 Tracked 67138896
0.2569626 0.0355381 1.507111 Tracked 67138932
0.2572465 0.03554976 1.507324 Tracked 67138964
0.2576112 0.03551388 1.507365 Tracked 67138996
0.2560927 0.03540311 1.507214 Tracked 67139031
0.2571166 0.03530639 1.507393 Tracked 67139064
0.2579889 0.03528025 1.507311 Tracked 67139096
0.256718 0.03530424 1.507189 Tracked 67139131
0.2577982 0.03523334 1.507116 Tracked 67139164
0.2587075 0.03520024 1.507061 Tracked 67139196
0.2596051 0.0351832 1.506879 Tracked 67139231
0.2602765 0.03518419 1.506833 Tracked 67139264
0.2614402 0.03525117 1.506571 Tracked 67139296
0.2623951 0.0353475 1.506482 Tracked 67139331
0.2628722 0.03538403 1.506408 Tracked 67139364
0.2630105 0.03542241 1.506351 Tracked 67139396
0.2633441 0.03539547 1.506162 Tracked 67139431
0.2635285 0.03544113 1.505898 Tracked 67139464
0.263669 0.03548623 1.505557 Tracked 67139500
0.2638266 0.03552118 1.505144 Tracked 67139531
0.2639406 0.03562563 1.504557 Tracked 67139564
0.2640524 0.03590625 1.503499 Tracked 67139596
0.2638299 0.03606766 1.501444 Tracked 67139631
0.2635395 0.0364104 1.499582 Tracked 67139664
0.2622737 0.03703252 1.495339 Tracked 67139697
0.2615727 0.0376141 1.492781 Tracked 67139731
0.261344 0.03799181 1.490633 Tracked 67139764
0.2609011 0.03857159 1.48875 Tracked 67139796
0.2599676 0.03938827 1.485339 Tracked 67139832
0.2595085 0.03986594 1.483686 Tracked 67139864
0.2590493 0.04022526 1.482128 Tracked 67139897
0.2585414 0.04069423 1.479618 Tracked 67139931
0.2579232 0.04154764 1.476914 Tracked 67139964
0.2578266 0.04208968 1.475195 Tracked 67139996
0.2575272 0.04286024 1.472479 Tracked 67140031
0.2567789 0.04354499 1.470837 Tracked 67140064
0.256572 0.04377209 1.469902 Tracked 67140096
0.2557801 0.04447393 1.467704 Tracked 67140131
0.2551198 0.0447677 1.466088 Tracked 67140164
0.2546891 0.04504823 1.465208 Tracked 67140196
0.2539089 0.04528696 1.463975 Tracked 67140231
0.2536408 0.0454162 1.463572 Tracked 67140264
0.2534775 0.04546187 1.463479 Tracked 67140297
0.2530778 0.04548166 1.463434 Tracked 67140331
0.252793 0.04533112 1.463231 Tracked 67140364
0.252558 0.04515275 1.463519 Tracked 67140397
0.2521391 0.0444601 1.464445 Tracked 67140431
0.251679 0.04372466 1.465959 Tracked 67140464
0.2514245 0.04301448 1.466493 Tracked 67140496
0.2511311 0.0422028 1.467758 Tracked 67140531
0.2511328 0.04123233 1.469691 Tracked 67140564
0.2513157 0.04044991 1.471317 Tracked 67140596
0.2518462 0.03965956 1.473654 Tracked 67140631
0.2523332 0.03899512 1.475725 Tracked 67140665
0.253212 0.03853697 1.478531 Tracked 67140696
0.254139 0.03839172 1.480962 Tracked 67140731
0.2549607 0.03817655 1.481976 Tracked 67140764
0.2553891 0.03965329 1.479875 Tracked 67140796
0.2600501 0.03933122 1.485451 Tracked 67140830
0.2616388 0.03941322 1.488022 Tracked 67140864
0.2623656 0.03929142 1.488998 Tracked 67140896
0.2634099 0.03911311 1.490649 Tracked 67140932
0.2639094 0.03905416 1.491518 Tracked 67140964
0.2644148 0.0390982 1.492677 Tracked 67140996
0.2645008 0.03901954 1.493268 Tracked 67141031
0.2643667 0.03892079 1.493943 Tracked 67141064
0.2643441 0.03883778 1.494696 Tracked 67141096
0.2642431 0.03874172 1.495009 Tracked 67141131
0.2639675 0.03866952 1.495319 Tracked 67141164
0.2636231 0.03863105 1.49564 Tracked 67141196
0.2633602 0.03853795 1.496039 Tracked 67141231
0.2627872 0.03848231 1.496806 Tracked 67141264
0.2620493 0.03852822 1.49766 Tracked 67141296
0.2616662 0.03848776 1.498221 Tracked 67141331
0.2613797 0.03854001 1.499025 Tracked 67141364
0.2607124 0.03881912 1.500239 Tracked 67141396
0.2604375 0.03881749 1.501023 Tracked 67141431
0.2600163 0.03887655 1.501921 Tracked 67141464
0.2599822 0.03885506 1.502216 Tracked 67141496
0.2598317 0.03886729 1.502661 Tracked 67141531
0.2597193 0.03892579 1.50306 Tracked 67141564
0.2594767 0.03913714 1.504018 Tracked 67141596
0.2593927 0.03941761 1.504758 Tracked 67141631
0.2591293 0.03969473 1.50525 Tracked 67141663
0.2588918 0.04005355 1.505721 Tracked 67141696
0.2584413 0.04040016 1.506096 Tracked 67141731
0.2575831 0.04089536 1.506588 Tracked 67141764
0.2570425 0.04128298 1.50677 Tracked 67141796
0.2567424 0.04150803 1.506914 Tracked 67141831
0.2566041 0.0416613 1.507035 Tracked 67141864
0.2564934 0.04173914 1.507025 Tracked 67141897
0.2562336 0.04195514 1.507172 Tracked 67141931
0.2560029 0.04223044 1.507441 Tracked 67141964
0.2557871 0.04252755 1.507597 Tracked 67141997
0.2556545 0.04274984 1.50772 Tracked 67142031
0.2554887 0.04298097 1.507933 Tracked 67142064
0.2554277 0.04308571 1.507926 Tracked 67142097
0.2554171 0.04321242 1.508019 Tracked 67142131
0.2554245 0.04333321 1.507995 Tracked 67142164
0.2554245 0.0434928 1.508029 Tracked 67142197
0.2554145 0.04356155 1.508022 Tracked 67142231
0.2554902 0.04380818 1.508137 Tracked 67142264
0.2555551 0.04401679 1.508222 Tracked 67142297
0.2555495 0.04404813 1.508272 Tracked 67142331
0.2556883 0.0442816 1.508459 Tracked 67142364
0.2556973 0.04448152 1.508596 Tracked 67142397
0.2557012 0.04453283 1.508766 Tracked 67142431
0.2557599 0.04462665 1.508852 Tracked 67142464
0.2558638 0.04471079 1.509265 Tracked 67142496
0.2558665 0.0447156 1.509267 Tracked 67142531
0.2558595 0.04471532 1.50955 Tracked 67142564
0.2559662 0.0447064 1.509959 Tracked 67142597
0.2560062 0.04467254 1.510226 Tracked 67142631
0.2559609 0.04466148 1.510434 Tracked 67142663
0.2559344 0.04460939 1.510611 Tracked 67142696
0.2558972 0.04455895 1.510961 Tracked 67142731
0.2557645 0.04441659 1.511375 Tracked 67142763
0.2556842 0.04429698 1.511571 Tracked 67142796
0.2555377 0.0442172 1.511865 Tracked 67142831
0.2553396 0.04406964 1.512035 Tracked 67142864
0.2550154 0.04389099 1.512423 Tracked 67142896
0.2547693 0.04370252 1.512629 Tracked 67142931
0.254449 0.04354418 1.51281 Tracked 67142964
0.2540992 0.04325256 1.513106 Tracked 67142997
0.2538133 0.04304776 1.513089 Tracked 67143031
0.2535989 0.04284302 1.513134 Tracked 67143064
0.2534033 0.04262159 1.513179 Tracked 67143097
0.253222 0.04225503 1.51296 Tracked 67143131
0.2531503 0.04209394 1.512949 Tracked 67143164
0.2531139 0.04182894 1.512785 Tracked 67143197
0.2530292 0.04168478 1.512709 Tracked 67143232
0.2530118 0.04164593 1.512728 Tracked 67143264
0.2530259 0.04153805 1.512647 Tracked 67143297
0.253069 0.04149468 1.512623 Tracked 67143331
0.2531287 0.04142384 1.51255 Tracked 67143364
0.2532465 0.04134241 1.512287 Tracked 67143397
0.2533242 0.04126091 1.51217 Tracked 67143432
0.2534617 0.04124443 1.511973 Tracked 67143464
0.2536048 0.04132067 1.51177 Tracked 67143496
0.2537078 0.04145505 1.511117 Tracked 67143531
0.254789 0.04140344 1.509927 Tracked 67143564
0.2557136 0.04134388 1.508777 Tracked 67143597
0.2559789 0.04162304 1.506967 Tracked 67143631
0.2562336 0.04198868 1.504407 Tracked 67143664
