0.3066257 -0.3427576 1.264581 Tracked 67108634
0.3071139 -0.3427252 1.264976 Tracked 67108667
0.3076774 -0.3426226 1.265257 Tracked 67108697
0.3081154 -0.3425939 1.265727 Tracked 67108731
0.3085558 -0.3424344 1.266055 Tracked 67108764
0.3088809 -0.3423132 1.266536 Tracked 67108797
0.3094857 -0.3423005 1.267085 Tracked 67108832
0.3096805 -0.3420911 1.267378 Tracked 67108864
0.3097893 -0.3420048 1.267646 Tracked 67108897
0.3099881 -0.3419342 1.267733 Tracked 67108931
0.3104967 -0.3418316 1.267849 Tracked 67108963
0.3106656 -0.3416941 1.268034 Tracked 67108998
0.3107858 -0.341602 1.26808 Tracked 67109031
0.3110958 -0.3415546 1.267999 Tracked 67109064
0.3112598 -0.3414451 1.268088 Tracked 67109098
0.311495 -0.3412905 1.268183 Tracked 67109131
0.3115574 -0.3412203 1.268269 Tracked 67109163
0.3118712 -0.3411311 1.268365 Tracked 67109198
0.3120643 -0.3410656 1.268475 Tracked 67109230
0.3121755 -0.3410431 1.268502 Tracked 67109264
0.3125549 -0.3410376 1.268552 Tracked 67109297
0.3128211 -0.3410512 1.268762 Tracked 67109331
0.3130444 -0.3410662 1.268856 Tracked 67109363
0.3132242 -0.3410697 1.268933 Tracked 67109397
0.3133011 -0.341094 1.268948 Tracked 67109431
0.3135499 -0.3410808 1.269037 Tracked 67109463
0.3137755 -0.3410051 1.268977 Tracked 67109509
0.3138201 -0.3410172 1.269 Tracked 67109530
0.3138783 -0.3409285 1.269415 Tracked 67109563
0.3140189 -0.3409267 1.269553 Tracked 67109597
0.3140534 -0.3409176 1.269685 Tracked 67109631
0.3141204 -0.3408717 1.269859 Tracked 67109663
0.3143037 -0.3407992 1.270189 Tracked 67109697
0.3144667 -0.3407132 1.270581 Tracked 67109732
0.3144966 -0.3406549 1.270823 Tracked 67109763
0.3145194 -0.3405713 1.271347 Tracked 67109797
0.3144495 -0.340556 1.271683 Tracked 67109831
0.3144233 -0.3405402 1.271984 Tracked 67109864
0.3143571 -0.3405408 1.272754 Tracked 67109897
0.314257 -0.3405221 1.273201 Tracked 67109931
0.3142764 -0.3404934 1.273431 Tracked 67109965
0.3141293 -0.3405108 1.273851 Tracked 67109997
0.3141252 -0.3405018 1.274283 Tracked 67110031
0.3139504 -0.3405403 1.27482 Tracked 67110064
0.3139641 -0.3406014 1.275574 Tracked 67110097
0.3138547 -0.3406337 1.276596 Tracked 67110131
0.3132928 -0.3407557 1.277681 Tracked 67110164
0.3132445 -0.3408035 1.278178 Tracked 67110197
0.312437 -0.340783 1.279035 Tracked 67110231
0.3123895 -0.3408361 1.279309 Tracked 67110264
0.3124882 -0.3408721 1.279491 Tracked 67110297
0.3123954 -0.3408851 1.279764 Tracked 67110331
0.3123232 -0.3409464 1.280095 Tracked 67110364
0.3123513 -0.340956 1.280539 Tracked 67110397
0.3121208 -0.3410036 1.281083 Tracked 67110431
0.3121556 -0.3410606 1.281418 Tracked 67110463
0.3120511 -0.341087 1.281896 Tracked 67110497
0.311724 -0.3412489 1.282626 Tracked 67110531
0.3116381 -0.3413206 1.283045 Tracked 67110563
0.3113363 -0.3413468 1.283956 Tracked 67110597
0.3112476 -0.3413749 1.284393 Tracked 67110631
0.3111472 -0.3414031 1.285058 Tracked 67110663
0.310802 -0.3415434 1.286352 Tracked 67110696
0.3106654 -0.3416236 1.287201 Tracked 67110731
0.310673 -0.3417505 1.287581 Tracked 67110763
0.3108291 -0.3417875 1.28817 Tracked 67110796
0.3109932 -0.341728 1.288732 Tracked 67110831
0.3111031 -0.3416878 1.289272 Tracked 67110863
0.3111987 -0.3416314 1.289791 Tracked 67110897
0.3115213 -0.3415099 1.29026 Tracked 67110931
0.3119351 -0.3414594 1.290516 Tracked 67110964
0.3123375 -0.3413871 1.290844 Tracked 67110997
0.3126131 -0.3413485 1.290994 Tracked 67111031
0.3140469 -0.3412204 1.291458 Tracked 67111064
0.3146528 -0.3411104 1.291603 Tracked 67111097
0.3152373 -0.3409254 1.292224 Tracked 67111131
0.3157499 -0.3407751 1.292405 Tracked 67111164
0.3164987 -0.3406892 1.292654 Tracked 67111197
0.3170037 -0.3405253 1.293063 Tracked 67111231
0.3175193 -0.3403778 1.293373 Tracked 67111264
0.318156 -0.340253 1.293565 Tracked 67111297
0.3188063 -0.3399594 1.293807 Tracked 67111331
0.3196124 -0.3396547 1.29403 Tracked 67111364
0.3216006 -0.3393704 1.294551 Tracked 67111397
0.3230321 -0.3392165 1.294756 Tracked 67111431
0.3244354 -0.3388555 1.294651 Tracked 67111463
0.3253447 -0.3387211 1.294953 Tracked 67111497
0.3255785 -0.3386159 1.295329 Tracked 67111531
0.3258754 -0.3385449 1.295584 Tracked 67111564
0.3259788 -0.3385435 1.295785 Tracked 67111597
0.326171 -0.3384467 1.295871 Tracked 67111631
0.3263168 -0.3383952 1.295759 Tracked 67111664
0.32709 -0.338205 1.295336 Tracked 67111697
0.3284517 -0.3376655 1.294341 Tracked 67111731
0.3328367 -0.3314943 1.291168 Tracked 67111764
0.3329837 -0.3321782 1.290782 Tracked 67111797
0.3331989 -0.3332065 1.29051 Tracked 67111832
0.3335362 -0.333591 1.290247 Tracked 67111864
0.3335254 -0.3339715 1.290012 Tracked 67111897
0.3335513 -0.334337 1.289807 Tracked 67111932
0.3332171 -0.3350983 1.289617 Tracked 67111964
0.3327686 -0.3354806 1.289521 Tracked 67111997
0.3322322 -0.3360044 1.289268 Tracked 67112031
0.3321449 -0.3364138 1.289059 Tracked 67112064
0.3317662 -0.337085 1.288533 Tracked 67112097
0.3315986 -0.3375872 1.28821 Tracked 67112131
0.3319354 -0.3378816 1.287603 Tracked 67112163
0.3320049 -0.3379759 1.287451 Tracked 67112197
0.3316535 -0.3404404 1.28818 Tracked 67112231
0.3309455 -0.3442757 1.288791 Tracked 67112263
0.3310525 -0.3449494 1.289212 Tracked 67112298
0.3315056 -0.3450661 1.289559 Tracked 67112331
0.3325007 -0.3448496 1.290056 Tracked 67112365
0.3333083 -0.3449134 1.290502 Tracked 67112397
0.3345394 -0.3447163 1.291508 Tracked 67112431
0.3371439 -0.344627 1.292579 Tracked 67112465
0.3387846 -0.3444867 1.293087 Tracked 67112497
0.3407892 -0.3440779 1.293956 Tracked 67112531
0.3426478 -0.3434124 1.294293 Tracked 67112564
0.3446167 -0.3422982 1.29457 Tracked 67112597
0.3459961 -0.3414259 1.294897 Tracked 67112631
0.3482288 -0.3400783 1.295826 Tracked 67112665
0.3505214 -0.3383606 1.296438 Tracked 67112696
0.3523551 -0.3359669 1.298571 Tracked 67112730
0.3542234 -0.3341638 1.300172 Tracked 67112764
0.3556907 -0.3321386 1.301032 Tracked 67112796
0.3562921 -0.3317977 1.301337 Tracked 67112831
0.3567618 -0.3321777 1.301434 Tracked 67112865
0.357601 -0.3334379 1.301515 Tracked 67112897
0.3592621 -0.3358205 1.300323 Tracked 67112931
0.3606828 -0.3377393 1.299279 Tracked 67112964
0.3620811 -0.3386254 1.298663 Tracked 67112998
0.3634399 -0.3388295 1.298328 Tracked 67113033
0.3649745 -0.3386256 1.298136 Tracked 67113064
0.3658603 -0.3384327 1.298218 Tracked 67113097
0.3673064 -0.3370398 1.299753 Tracked 67113131
0.3687763 -0.3356127 1.301197 Tracked 67113163
0.3712419 -0.3332757 1.302835 Tracked 67113198
0.3720192 -0.3320075 1.30393 Tracked 67113231
0.372339 -0.3315007 1.30436 Tracked 67113264
0.3724317 -0.3311795 1.304818 Tracked 67113298
0.3722631 -0.3310013 1.305296 Tracked 67113331
0.3720512 -0.3307827 1.305486 Tracked 67113364
0.3715372 -0.3307175 1.305747 Tracked 67113398
0.3696648 -0.3309121 1.307171 Tracked 67113431
0.3662956 -0.3319689 1.309545 Tracked 67113464
0.3603257 -0.3331558 1.314044 Tracked 67113497
0.3537118 -0.3364151 1.319697 Tracked 67113531
0.348926 -0.3383704 1.324685 Tracked 67113564
0.342611 -0.3399088 1.330797 Tracked 67113597
0.335667 -0.3411845 1.336383 Tracked 67113630
0.3263045 -0.341239 1.343239 Tracked 67113664
0.3147371 -0.3416936 1.34949 Tracked 67113696
0.3051392 -0.3425881 1.355066 Tracked 67113731
0.2955129 -0.3435231 1.360078 Tracked 67113764
0.2844993 -0.3436434 1.363414 Tracked 67113797
0.2706667 -0.3434789 1.366936 Tracked 67113831
0.2616591 -0.3443131 1.369092 Tracked 67113866
0.2491974 -0.34513 1.37157 Tracked 67113897
0.2399756 -0.3443467 1.373796 Tracked 67113932
0.2331818 -0.3422047 1.375909 Tracked 67113965
0.2237933 -0.340712 1.378156 Tracked 67113997
0.2163857 -0.3397517 1.381289 Tracked 67114031
0.2143802 -0.3394459 1.381791 Tracked 67114066
0.2128562 -0.3392653 1.382063 Tracked 67114097
0.2113112 -0.3395354 1.382029 Tracked 67114131
0.2106107 -0.3397419 1.381652 Tracked 67114164
0.2091492 -0.3405225 1.380957 Tracked 67114198
0.2092151 -0.3409961 1.380327 Tracked 67114231
0.2092319 -0.3419405 1.378455 Tracked 67114264
0.2101941 -0.3433901 1.375166 Tracked 67114298
0.2112782 -0.3441419 1.372537 Tracked 67114332
0.2138385 -0.3447589 1.370006 Tracked 67114364
0.2177988 -0.3452772 1.36625 Tracked 67114398
0.2204223 -0.344992 1.364044 Tracked 67114431
0.2225745 -0.342825 1.362204 Tracked 67114464
0.2258949 -0.3408437 1.359756 Tracked 67114497
0.2320604 -0.3388438 1.357027 Tracked 67114531
0.2350824 -0.3402213 1.355033 Tracked 67114563
0.2393392 -0.341751 1.353292 Tracked 67114597
0.2441475 -0.3435017 1.349993 Tracked 67114631
0.2478143 -0.3454112 1.347105 Tracked 67114664
0.249599 -0.3461207 1.345389 Tracked 67114697
0.2519773 -0.3473614 1.343807 Tracked 67114731
0.2532197 -0.3479722 1.343317 Tracked 67114764
0.2553641 -0.3479733 1.343615 Tracked 67114797
0.2555543 -0.3482744 1.344121 Tracked 67114831
0.2560474 -0.3489609 1.344937 Tracked 67114865
0.2562253 -0.3494361 1.345356 Tracked 67114897
0.256196 -0.3510323 1.345176 Tracked 67114931
0.255816 -0.3527637 1.34486 Tracked 67114965
0.255426 -0.3544849 1.343331 Tracked 67114997
0.2552828 -0.3554894 1.342436 Tracked 67115032
0.2555736 -0.3558932 1.341538 Tracked 67115067
0.2555744 -0.3556887 1.341338 Tracked 67115097
0.2555553 -0.3556568 1.341337 Tracked 67115131
0.2558431 -0.355608 1.3416 Tracked 67115164
0.257205 -0.3556759 1.343736 Tracked 67115197
0.2577654 -0.3554176 1.346245 Tracked 67115232
0.2586733 -0.354704 1.346727 Tracked 67115264
0.2586827 -0.3547105 1.346717 Tracked 67115298
0.2596883 -0.3549552 1.344962 Tracked 67115331
0.259249 -0.3557531 1.342961 Tracked 67115364
0.2589539 -0.3560932 1.338714 Tracked 67115398
0.2586975 -0.3563208 1.3357 Tracked 67115432
0.2599872 -0.3568529 1.33294 Tracked 67115464
0.2630226 -0.3567305 1.330266 Tracked 67115497
0.2673103 -0.3555476 1.327403 Tracked 67115532
0.2788846 -0.3470584 1.325 Tracked 67115564
0.2824635 -0.3472292 1.324987 Tracked 67115597
0.2868346 -0.3463725 1.325528 Tracked 67115631
0.290435 -0.3463702 1.325059 Tracked 67115664
0.2895198 -0.3483798 1.325743 Tracked 67115697
0.2891557 -0.3513547 1.325654 Tracked 67115731
0.2886187 -0.3540648 1.325664 Tracked 67115764
0.2875398 -0.3562061 1.325072 Tracked 67115797
0.286231 -0.3581335 1.324559 Tracked 67115831
0.2841659 -0.3592013 1.325531 Tracked 67115865
0.2847758 -0.359783 1.325396 Tracked 67115897
0.2861237 -0.359879 1.325542 Tracked 67115931
0.2881943 -0.3589152 1.326282 Tracked 67115965
0.30135 -0.3493661 1.325277 Tracked 67115997
0.305579 -0.3467909 1.325215 Tracked 67116031
0.3080782 -0.3459045 1.325896 Tracked 67116064
0.3093493 -0.3454464 1.325792 Tracked 67116097
0.3093241 -0.3463327 1.325815 Tracked 67116132
0.3058707 -0.3517643 1.328127 Tracked 67116165
0.3030043 -0.3543323 1.329554 Tracked 67116197
0.2933094 -0.3570789 1.334314 Tracked 67116232
0.2931551 -0.3569754 1.334407 Tracked 67116264
0.2920952 -0.3573939 1.335192 Tracked 67116298
0.2911696 -0.3569945 1.336512 Tracked 67116332
0.2966304 -0.3501285 1.338274 Tracked 67116364
0.2978587 -0.3477466 1.341438 Tracked 67116398
0.2963276 -0.3467942 1.348265 Tracked 67116431
0.2944391 -0.3470042 1.353134 Tracked 67116464
0.2920426 -0.3471013 1.356556 Tracked 67116498
0.2883896 -0.3469207 1.359655 Tracked 67116532
0.2825533 -0.3465876 1.36314 Tracked 67116564
0.2814854 -0.3465652 1.363247 Tracked 67116598
0.2803217 -0.3467072 1.363124 Tracked 67116631
0.2783193 -0.3468295 1.362849 Tracked 67116664
0.2728401 -0.3475576 1.363596 Tracked 67116697
0.2683823 -0.348627 1.364996 Tracked 67116731
0.2669396 -0.3497915 1.36592 Tracked 67116764
0.2666753 -0.349931 1.366357 Tracked 67116797
0.2670278 -0.3498391 1.366957 Tracked 67116831
0.2671587 -0.3497207 1.367666 Tracked 67116864
0.2670703 -0.3496391 1.368781 Tracked 67116897
0.2663095 -0.3496994 1.370035 Tracked 67116931
0.2654932 -0.3497001 1.370696 Tracked 67116965
0.2645891 -0.3498943 1.371145 Tracked 67116997
0.2639116 -0.3501983 1.371101 Tracked 67117031
0.2632109 -0.3501711 1.370981 Tracked 67117064
0.2621852 -0.3501147 1.37086 Tracked 67117097
0.2611957 -0.3499967 1.371023 Tracked 67117132
0.2611467 -0.3500043 1.371036 Tracked 67117164
0.2612881 -0.3501773 1.371203 Tracked 67117197
0.262114 -0.3502299 1.371697 Tracked 67117232
0.2636937 -0.3505037 1.372411 Tracked 67117264
0.264838 -0.350559 1.37326 Tracked 67117298
0.2655486 -0.3507388 1.373996 Tracked 67117332
0.2658866 -0.3510649 1.373992 Tracked 67117364
0.2660331 -0.3513333 1.374044 Tracked 67117398
0.2663134 -0.3517364 1.373857 Tracked 67117432
0.266653 -0.3523651 1.372973 Tracked 67117464
0.2670454 -0.3529178 1.370924 Tracked 67117497
0.2681525 -0.3540648 1.368497 Tracked 67117531
0.2678422 -0.3549908 1.366624 Tracked 67117564
0.2682341 -0.3560442 1.36518 Tracked 67117597
0.2688057 -0.3566835 1.3648 Tracked 67117631
0.2741285 -0.3647438 1.362159 Tracked 67117664
0.2755516 -0.3670573 1.362327 Tracked 67117697
0.2765694 -0.3667322 1.362422 Tracked 67117731
0.2820097 -0.367719 1.36038 Tracked 67117764
0.2866184 -0.368659 1.357133 Tracked 67117797
0.2899449 -0.3665873 1.353297 Tracked 67117831
0.2942657 -0.3636677 1.346067 Tracked 67117864
0.2973896 -0.3621179 1.337241 Tracked 67117897
0.3015155 -0.3598046 1.328425 Tracked 67117931
0.3071175 -0.3581688 1.319298 Tracked 67117965
0.3117901 -0.3574111 1.311555 Tracked 67117997
0.3174852 -0.3548939 1.303683 Tracked 67118031
0.3218116 -0.3539524 1.298031 Tracked 67118065
0.3283846 -0.3611961 1.290105 Tracked 67118097
0.3367104 -0.3626478 1.283275 Tracked 67118131
0.3410856 -0.3641872 1.278199 Tracked 67118164
0.3441047 -0.3665374 1.273073 Tracked 67118197
0.3467592 -0.366277 1.265244 Tracked 67118232
0.3498262 -0.3567456 1.254249 Tracked 67118267
0.3522143 -0.3398132 1.240406 Tracked 67118297
0.3521853 -0.3368334 1.230665 Tracked 67118332
0.3488742 -0.3360159 1.220557 Tracked 67118364
0.3440416 -0.3354737 1.206685 Tracked 67118398
0.3336604 -0.3372313 1.196066 Tracked 67118432
0.3193007 -0.3410676 1.181046 Tracked 67118464
0.3093642 -0.3434289 1.170278 Tracked 67118498
0.2883182 -0.350626 1.154019 Tracked 67118532
0.27148 -0.3642243 1.145344 Tracked 67118564
0.2553836 -0.3761856 1.135103 Tracked 67118597
0.2483932 -0.3758045 1.128227 Tracked 67118632
0.2428963 -0.3745416 1.122096 Tracked 67118664
0.2384512 -0.3770744 1.112278 Tracked 67118697
0.2311088 -0.3765762 1.101731 Tracked 67118731
0.2190646 -0.3705248 1.090789 Tracked 67118764
0.2137361 -0.3655586 1.093327 Tracked 67118797
0.206865 -0.360521 1.091206 Tracked 67118831
0.1946268 -0.348369 1.050114 Tracked 67118864
0.1940199 -0.3454976 1.040154 Tracked 67118897
0.1966615 -0.3457632 1.027225 Tracked 67118931
0.2032216 -0.3478954 1.012151 Tracked 67118964
0.2239159 -0.3549368 0.9911873 Tracked 67118997
0.2307708 -0.3543532 0.9962578 Tracked 67119030
0.2327417 -0.3493694 0.9951494 Tracked 67119066
0.2322234 -0.3441687 0.988385 Tracked 67119113
0.2320526 -0.3402116 0.9792541 Tracked 67119131
0.2495092 -0.3231779 0.9614952 Tracked 67119165
0.2513647 -0.314391 0.9536496 Tracked 67119197
0.2534777 -0.3055643 0.9419549 Tracked 67119231
0.252889 -0.30082 0.9309368 Tracked 67119264
0.2494401 -0.2959736 0.9175038 Tracked 67119296
0.2458189 -0.2910243 0.9054326 Tracked 67119331
0.2428362 -0.2911282 0.8900078 Tracked 67119365
0.2322949 -0.2992504 0.8773195 Tracked 67119397
0.1895266 -0.3214911 0.8641997 Tracked 67119431
0.1793218 -0.3162227 0.8602046 Tracked 67119464
0.1801869 -0.3140721 0.856975 Tracked 67119498
0.1803729 -0.3120428 0.8502811 Tracked 67119532
0.1780642 -0.3098573 0.8463285 Tracked 67119564
0.176161 -0.3092597 0.8441969 Tracked 67119598
0.1748968 -0.3081624 0.8426598 Tracked 67119632
0.1746856 -0.3079259 0.8422624 Tracked 67119664
0.1745603 -0.3068495 0.839703 Tracked 67119698
0.1749643 -0.3030942 0.8367416 Tracked 67119732
0.1757029 -0.3008333 0.8331066 Tracked 67119764
0.174665 -0.2946684 0.8252521 Tracked 67119797
0.1739687 -0.288062 0.823153 Tracked 67119831
0.1732499 -0.2830456 0.8172998 Tracked 67119864
0.1763535 -0.2860058 0.809453 Tracked 67119897
0.1764068 -0.2863073 0.8093014 Tracked 67119931
0.1761546 -0.2859977 0.8089095 Tracked 67119964
0.1761113 -0.2858153 0.8086183 Tracked 67119997
0.1731998 -0.2869324 0.7954552 Tracked 67120031
0.1583319 -0.2954338 0.7860739 Tracked 67120064
0.1576906 -0.2945599 0.7805974 Tracked 67120097
0.1385246 -0.2768468 0.6702917 Tracked 67120130
0.1372472 -0.2761255 0.6681137 Tracked 67120165
0.1308449 -0.273256 0.671608 Tracked 67120197
0.1208698 -0.2719931 0.6729525 Tracked 67120231
0.1078225 -0.2681416 0.6746333 Tracked 67120265
0.1064132 -0.2664088 0.671566 Tracked 67120297
0.1270554 -0.246438 0.6300404 Tracked 67120331
0.127927 -0.2472331 0.6282552 Tracked 67120364
0.108713 -0.2400529 0.6323227 Tracked 67120397
0.116409 -0.2376634 0.6225324 Tracked 67120432
0.1542613 -0.2444911 0.5894164 Tracked 67120464
0.153917 -0.2449173 0.5887803 Tracked 67120497
0.1530598 -0.245713 0.5872976 Tracked 67120531
0.1514089 -0.246101 0.585515 Tracked 67120564
0.1544626 -0.2407359 0.5804003 Tracked 67120598
0.1559002 -0.2379962 0.5786248 Tracked 67120632
0.1562859 -0.2376522 0.5784134 Tracked 67120664
0.1571615 -0.2332711 0.5781857 Tracked 67120698
0.1712242 -0.2233294 0.578375 Tracked 67120731
0.1835933 -0.2341566 0.5868205 Tracked 67120764
0.09827447 -0.1773688 0.6392869 Tracked 67120797
0.09771812 -0.1783178 0.6391199 Tracked 67120831
0.09848472 -0.1767845 0.6396688 Tracked 67120864
0.1529421 -0.1766639 0.6475433 Tracked 67120897
0.1710279 -0.1913608 0.6307758 Tracked 67120931
0.1732739 -0.1924146 0.6333281 Tracked 67120964
0.1496513 -0.2201012 0.6510246 Tracked 67120997
0.1453535 -0.2156759 0.6628127 Tracked 67121031
0.1534641 -0.2169318 0.663168 Tracked 67121064
0.1683539 -0.2240575 0.6634582 Tracked 67121097
0.1771483 -0.2365096 0.6686407 Tracked 67121133
0.1841843 -0.2409406 0.6761146 Tracked 67121164
0.1885599 -0.2453827 0.6911091 Tracked 67121197
0.1936143 -0.2506208 0.7048966 Tracked 67121231
0.1957886 -0.2550919 0.7183385 Tracked 67121265
0.1983893 -0.2609829 0.7342892 Tracked 67121297
0.2012356 -0.2692249 0.7527975 Tracked 67121331
0.1993724 -0.273818 0.7676547 Tracked 67121365
0.2016804 -0.2710027 0.7837986 Tracked 67121397
0.2160263 -0.263693 0.7998421 Tracked 67121431
0.2142352 -0.2686953 0.8533041 Tracked 67121464
0.1985461 -0.2605825 0.8744594 Tracked 67121497
0.1830883 -0.2574345 0.888142 Tracked 67121532
0.1864725 -0.2584334 0.8919169 Tracked 67121565
0.1927936 -0.2601672 0.8983528 Tracked 67121597
0.2005875 -0.2644536 0.908987 Tracked 67121632
0.2083706 -0.2679107 0.9210615 Tracked 67121664
0.231338 -0.2738605 0.9402241 Tracked 67121698
0.2413899 -0.2749526 0.9479159 Tracked 67121731
0.2519133 -0.2753174 0.9641885 Tracked 67121764
0.2538926 -0.2709051 0.9763253 Tracked 67121798
0.290431 -0.2571252 1.022681 Tracked 67121831
0.2897104 -0.2582988 1.025499 Tracked 67121864
0.2841419 -0.2671376 1.028151 Tracked 67121897
0.2841911 -0.2673687 1.028511 Tracked 67121931
0.2883826 -0.2676005 1.031215 Tracked 67121964
0.2938427 -0.2736714 1.043074 Tracked 67121997
0.297081 -0.279429 1.075287 Tracked 67122031
0.2942919 -0.2801008 1.088679 Tracked 67122064
0.2888004 -0.2838691 1.1039 Tracked 67122097
0.2803087 -0.2876185 1.120664 Tracked 67122131
0.2746617 -0.2894057 1.133921 Tracked 67122164
0.2730829 -0.2909363 1.142539 Tracked 67122197
0.2745728 -0.2903634 1.151868 Tracked 67122231
0.2620854 -0.2919348 1.18014 Tracked 67122264
0.2607538 -0.2917481 1.188398 Tracked 67122297
0.2621046 -0.2918234 1.199392 Tracked 67122331
0.2609721 -0.2922544 1.214252 Tracked 67122365
0.2582908 -0.2942688 1.225747 Tracked 67122397
0.2577552 -0.2918518 1.23207 Tracked 67122431
0.2555612 -0.2909468 1.239737 Tracked 67122465
0.2580078 -0.2894789 1.245575 Tracked 67122497
0.2610973 -0.2913694 1.255528 Tracked 67122532
0.2740562 -0.3038945 1.269716 Tracked 67122564
0.2758159 -0.3042352 1.27352 Tracked 67122597
0.2793224 -0.3044317 1.277493 Tracked 67122632
0.2829415 -0.3017505 1.282761 Tracked 67122664
0.2934856 -0.2950584 1.302674 Tracked 67122697
0.2945811 -0.2933901 1.30451 Tracked 67122731
0.2966295 -0.2890893 1.29774 Tracked 67122764
0.299289 -0.2881317 1.306642 Tracked 67122797
0.3016538 -0.2892064 1.315684 Tracked 67122832
0.3033022 -0.2903671 1.325542 Tracked 67122864
0.3056067 -0.2931716 1.33157 Tracked 67122898
0.3049739 -0.2976336 1.339291 Tracked 67122932
0.3019361 -0.2981791 1.348291 Tracked 67122964
0.2983448 -0.3009059 1.356418 Tracked 67122999
0.2938218 -0.3031139 1.364421 Tracked 67123032
0.2882211 -0.3019027 1.373783 Tracked 67123064
0.282227 -0.2999219 1.38315 Tracked 67123097
0.2758136 -0.296988 1.391442 Tracked 67123131
0.2689184 -0.2958075 1.401859 Tracked 67123164
0.2625597 -0.2963987 1.408936 Tracked 67123197
0.2567382 -0.2979366 1.415128 Tracked 67123231
0.2499122 -0.3009644 1.422369 Tracked 67123264
0.2453744 -0.3028498 1.428441 Tracked 67123297
0.2388252 -0.3061362 1.43643 Tracked 67123331
0.2344525 -0.3058882 1.440705 Tracked 67123364
0.2300959 -0.3053784 1.444682 Tracked 67123397
0.228914 -0.305346 1.44657 Tracked 67123431
0.2271032 -0.3045506 1.448454 Tracked 67123464
0.2256798 -0.3018875 1.450131 Tracked 67123497
0.2260224 -0.3011461 1.45093 Tracked 67123531
0.2274496 -0.3003077 1.452329 Tracked 67123564
0.230571 -0.2988816 1.455659 Tracked 67123597
0.2327878 -0.297716 1.459171 Tracked 67123632
0.2342556 -0.2972117 1.461584 Tracked 67123664
0.2365404 -0.2966289 1.463836 Tracked 67123697
0.2379948 -0.2957234 1.465318 Tracked 67123732
0.2407075 -0.2945201 1.466544 Tracked 67123764
0.241535 -0.2940344 1.467373 Tracked 67123797
0.2421897 -0.2934592 1.468661 Tracked 67123832
0.2427921 -0.2928643 1.469443 Tracked 67123864
0.2441365 -0.2924266 1.47035 Tracked 67123897
0.2446305 -0.2919721 1.471344 Tracked 67123931
0.2445643 -0.2918056 1.471941 Tracked 67123964
0.2444627 -0.2916203 1.47332 Tracked 67123997
0.2446197 -0.291614 1.473976 Tracked 67124031
0.2449592 -0.2916373 1.475441 Tracked 67124064
0.2449063 -0.2917807 1.476408 Tracked 67124097
0.2448122 -0.2918385 1.477361 Tracked 67124131
0.2444822 -0.2918327 1.478412 Tracked 67124164
0.2442546 -0.2918456 1.478763 Tracked 67124197
0.2442155 -0.2917877 1.479683 Tracked 67124231
0.2443935 -0.2916901 1.480388 Tracked 67124264
0.2442727 -0.2915102 1.481041 Tracked 67124297
0.2441372 -0.2912565 1.481915 Tracked 67124331
0.2440676 -0.2911791 1.482249 Tracked 67124363
0.2439832 -0.291008 1.482685 Tracked 67124397
0.2440583 -0.2909115 1.483055 Tracked 67124431
0.2439876 -0.2907166 1.483402 Tracked 67124465
0.244282 -0.2905908 1.484117 Tracked 67124497
0.2441011 -0.2904708 1.484546 Tracked 67124531
0.2441646 -0.2904686 1.48456 Tracked 67124564
0.2446223 -0.2905475 1.484874 Tracked 67124597
0.2455187 -0.2907692 1.485917 Tracked 67124631
0.2473558 -0.2923111 1.486273 Tracked 67124664
0.2473648 -0.2923089 1.485968 Tracked 67124697
0.2475078 -0.2910446 1.484652 Tracked 67124732
0.2470699 -0.2907519 1.483881 Tracked 67124764
0.24617 -0.2908725 1.483699 Tracked 67124797
0.2449237 -0.291349 1.483826 Tracked 67124832
0.2442804 -0.2924893 1.483757 Tracked 67124864
0.2426071 -0.2943418 1.482882 Tracked 67124897
0.2375478 -0.2951934 1.482895 Tracked 67124932
0.233796 -0.2957928 1.483451 Tracked 67124964
0.2319957 -0.2967308 1.483781 Tracked 67124997
0.2301999 -0.2976607 1.484519 Tracked 67125031
0.2283379 -0.2975923 1.484642 Tracked 67125064
0.2280723 -0.2975016 1.484577 Tracked 67125097
0.2278351 -0.2968348 1.484012 Tracked 67125131
0.2274734 -0.2965468 1.483605 Tracked 67125164
0.2271093 -0.2965088 1.483225 Tracked 67125197
0.2267494 -0.2965381 1.482865 Tracked 67125231
0.2265107 -0.2966623 1.48279 Tracked 67125264
0.2257255 -0.2965129 1.482657 Tracked 67125297
0.2233491 -0.2954814 1.482857 Tracked 67125331
0.2233396 -0.2955543 1.482807 Tracked 67125364
0.2233536 -0.2955296 1.482704 Tracked 67125397
0.2233338 -0.2955591 1.482639 Tracked 67125431
0.2231357 -0.295652 1.482597 Tracked 67125463
0.2226673 -0.2955734 1.482459 Tracked 67125497
0.2223872 -0.2955968 1.482325 Tracked 67125531
0.2214733 -0.2955843 1.482126 Tracked 67125564
0.2205385 -0.2957345 1.482117 Tracked 67125597
0.2196117 -0.2959813 1.482027 Tracked 67125631
0.2183779 -0.2962525 1.481652 Tracked 67125664
0.216369 -0.2964954 1.481801 Tracked 67125697
0.2128562 -0.2967408 1.482502 Tracked 67125731
0.2088144 -0.2970746 1.483652 Tracked 67125764
0.2072236 -0.2967684 1.484722 Tracked 67125797
0.205335 -0.296331 1.485268 Tracked 67125832
0.2039333 -0.2973521 1.485861 Tracked 67125864
0.20291 -0.297923 1.486171 Tracked 67125897
0.2011271 -0.2983257 1.486088 Tracked 67125932
0.1957096 -0.2990081 1.486555 Tracked 67125964
0.1944556 -0.2987611 1.486468 Tracked 67125997
0.1906354 -0.2988771 1.486282 Tracked 67126031
0.1889425 -0.2994086 1.486524 Tracked 67126064
0.1883674 -0.2999578 1.48614 Tracked 67126097
0.1882786 -0.300374 1.485692 Tracked 67126132
0.1869461 -0.3007503 1.485369 Tracked 67126164
0.1869292 -0.3008198 1.485332 Tracked 67126197
0.1872886 -0.3009182 1.485173 Tracked 67126233
0.1875602 -0.3010626 1.485025 Tracked 67126264
0.188491 -0.3014356 1.484809 Tracked 67126297
0.1895576 -0.3017232 1.484611 Tracked 67126331
0.1897661 -0.3027238 1.484625 Tracked 67126364
0.1901739 -0.3035485 1.484486 Tracked 67126397
0.1901791 -0.3035443 1.484537 Tracked 67126431
0.1903069 -0.3035468 1.484551 Tracked 67126463
0.1903337 -0.3035104 1.484533 Tracked 67126497
0.1902967 -0.3034741 1.484529 Tracked 67126531
0.1906511 -0.3034246 1.484436 Tracked 67126564
0.1906611 -0.3034259 1.48443 Tracked 67126597
0.190824 -0.3034446 1.484353 Tracked 67126631
0.1910577 -0.3034488 1.48434 Tracked 67126664
0.1912318 -0.3035054 1.484443 Tracked 67126697
0.1914953 -0.3034911 1.484459 Tracked 67126731
0.1914318 -0.3035275 1.484578 Tracked 67126765
0.1914874 -0.3035422 1.484606 Tracked 67126797
0.1914037 -0.3035658 1.484678 Tracked 67126831
0.191873 -0.3035095 1.484609 Tracked 67126864
0.191969 -0.303499 1.484638 Tracked 67126897
0.1923364 -0.30347 1.484761 Tracked 67126932
0.1924251 -0.3034723 1.484814 Tracked 67126964
0.1925355 -0.3034018 1.48478 Tracked 67126996
0.1927977 -0.3033727 1.484832 Tracked 67127031
0.1925889 -0.3033674 1.485042 Tracked 67127064
0.1925671 -0.3033319 1.485049 Tracked 67127097
0.1927025 -0.3033146 1.485052 Tracked 67127131
0.1927084 -0.3033029 1.485057 Tracked 67127164
0.1931087 -0.3034006 1.484953 Tracked 67127197
0.1931233 -0.3033982 1.484978 Tracked 67127231
0.1935097 -0.303479 1.484929 Tracked 67127264
0.1935636 -0.303514 1.48492 Tracked 67127297
0.1937477 -0.3036006 1.484946 Tracked 67127331
0.1937359 -0.3036167 1.484971 Tracked 67127364
0.1941494 -0.3035603 1.485048 Tracked 67127397
0.1940511 -0.303516 1.485137 Tracked 67127431
0.1942873 -0.303471 1.485164 Tracked 67127464
0.1942393 -0.3034773 1.485243 Tracked 67127497
0.1943006 -0.3034616 1.485319 Tracked 67127531
0.1940891 -0.3033355 1.485539 Tracked 67127564
0.1940863 -0.3033258 1.48556 Tracked 67127597
0.193976 -0.3032995 1.485667 Tracked 67127631
0.1939075 -0.3032708 1.485739 Tracked 67127663
0.1939855 -0.3032196 1.485925 Tracked 67127697
0.1941732 -0.3031484 1.486056 Tracked 67127731
0.1943993 -0.3031302 1.486022 Tracked 67127764
0.1944681 -0.3031199 1.48613 Tracked 67127797
0.1942632 -0.3031027 1.486333 Tracked 67127831
0.1943283 -0.303136 1.486412 Tracked 67127864
0.1943717 -0.3031195 1.486445 Tracked 67127897
0.194423 -0.3031238 1.486438 Tracked 67127931
0.1945595 -0.3030956 1.486726 Tracked 67127964
0.194514 -0.3030964 1.486994 Tracked 67127997
0.1944387 -0.3029687 1.487349 Tracked 67128031
0.194501 -0.3029954 1.487583 Tracked 67128064
0.1946327 -0.3029991 1.487675 Tracked 67128097
0.1942334 -0.3030863 1.488352 Tracked 67128131
0.1941248 -0.302985 1.488765 Tracked 67128164
0.1936945 -0.3029108 1.489232 Tracked 67128198
0.1939197 -0.3028754 1.4893 Tracked 67128231
0.1943534 -0.302868 1.489432 Tracked 67128264
0.1947318 -0.3028723 1.489787 Tracked 67128297
0.1952427 -0.302811 1.489785 Tracked 67128332
0.1955154 -0.3028093 1.490028 Tracked 67128364
0.1956168 -0.3028164 1.490078 Tracked 67128398
0.1955533 -0.3027765 1.490234 Tracked 67128432
0.1957783 -0.3027182 1.490632 Tracked 67128464
0.1957839 -0.3027157 1.490633 Tracked 67128497
0.1964052 -0.3026846 1.490897 Tracked 67128531
0.1969766 -0.3026098 1.491023 Tracked 67128564
0.1971964 -0.3025423 1.491211 Tracked 67128597
0.1970036 -0.302483 1.491521 Tracked 67128634
0.1971241 -0.3023892 1.491698 Tracked 67128663
0.1972303 -0.3023805 1.491789 Tracked 67128697
0.1972674 -0.3023486 1.491796 Tracked 67128731
0.1973876 -0.3023762 1.491869 Tracked 67128764
0.1976146 -0.3024266 1.491928 Tracked 67128797
0.1976472 -0.3024268 1.491919 Tracked 67128831
0.1977052 -0.3024537 1.491935 Tracked 67128864
0.1976869 -0.3024488 1.492 Tracked 67128897
0.1979597 -0.3024526 1.492113 Tracked 67128931
0.1979969 -0.3024541 1.492151 Tracked 67128964
0.197925 -0.3024622 1.49218 Tracked 67128997
0.1979638 -0.3024997 1.492181 Tracked 67129032
0.1975205 -0.3024529 1.492358 Tracked 67129064
0.1974504 -0.3023425 1.492417 Tracked 67129097
0.1970007 -0.3023738 1.492466 Tracked 67129131
0.1971534 -0.3024803 1.492383 Tracked 67129164
0.1972006 -0.3025128 1.492358 Tracked 67129197
0.196697 -0.3023671 1.492734 Tracked 67129231
0.1966062 -0.3023939 1.492805 Tracked 67129264
0.1966202 -0.3024069 1.492799 Tracked 67129316
0.1967932 -0.3024052 1.49284 Tracked 67129331
0.1968074 -0.3023988 1.492822 Tracked 67129364
0.1966474 -0.302437 1.492928 Tracked 67129397
0.196328 -0.3024819 1.493301 Tracked 67129431
0.1960081 -0.302468 1.493513 Tracked 67129464
0.1960421 -0.3024778 1.493681 Tracked 67129497
0.1959847 -0.302474 1.493882 Tracked 67129531
0.1959289 -0.302518 1.494001 Tracked 67129564
0.1952185 -0.3027296 1.494512 Tracked 67129597
0.1947117 -0.3027552 1.494899 Tracked 67129631
0.1946274 -0.3028324 1.495183 Tracked 67129664
0.1938849 -0.3026757 1.495818 Tracked 67129697
0.1934129 -0.3026575 1.496162 Tracked 67129731
0.1930331 -0.3025076 1.496516 Tracked 67129763
0.1927395 -0.3024645 1.496728 Tracked 67129796
0.192645 -0.3024625 1.496822 Tracked 67129831
0.1923531 -0.3025208 1.496943 Tracked 67129864
0.1921738 -0.3023885 1.497344 Tracked 67129896
0.1921229 -0.3023858 1.497434 Tracked 67129931
0.1920475 -0.3023382 1.497583 Tracked 67129964
0.1920327 -0.302327 1.497615 Tracked 67129996
0.1918305 -0.3022539 1.498379 Tracked 67130031
0.1918359 -0.3022582 1.498395 Tracked 67130064
0.1915459 -0.3020669 1.498959 Tracked 67130100
0.1921827 -0.3020095 1.498958 Tracked 67130132
0.1928295 -0.3020919 1.498987 Tracked 67130164
0.1928323 -0.3020914 1.499012 Tracked 67130196
0.1930971 -0.3021284 1.499078 Tracked 67130232
0.1931141 -0.3021135 1.499051 Tracked 67130264
0.1931436 -0.302119 1.499037 Tracked 67130296
0.1941197 -0.3021547 1.499201 Tracked 67130331
0.1946672 -0.3021305 1.499164 Tracked 67130364
0.1946935 -0.3020936 1.499206 Tracked 67130397
0.1949059 -0.3021551 1.499269 Tracked 67130431
0.1954165 -0.3020819 1.499294 Tracked 67130464
0.1954614 -0.3020648 1.49925 Tracked 67130496
0.1961067 -0.3022293 1.499026 Tracked 67130531
0.1963469 -0.3021752 1.49889 Tracked 67130564
0.1963856 -0.3021234 1.498889 Tracked 67130596
0.1968233 -0.3022329 1.49894 Tracked 67130631
0.1974531 -0.3022915 1.499083 Tracked 67130664
0.1974722 -0.3023026 1.499079 Tracked 67130696
0.1975783 -0.3023332 1.498965 Tracked 67130731
0.1981621 -0.3024578 1.498934 Tracked 67130764
0.1981571 -0.3024494 1.498948 Tracked 67130796
0.1987234 -0.3025736 1.498763 Tracked 67130831
0.199174 -0.302678 1.498531 Tracked 67130863
0.1991307 -0.3026735 1.498629 Tracked 67130897
0.1994496 -0.3027209 1.498476 Tracked 67130931
0.1996867 -0.3027499 1.498416 Tracked 67130964
0.199903 -0.3027671 1.498353 Tracked 67130996
0.2000122 -0.3027868 1.498367 Tracked 67131031
0.2000631 -0.3028123 1.498392 Tracked 67131064
0.2000386 -0.3028154 1.49842 Tracked 67131096
0.2000466 -0.3028046 1.498439 Tracked 67131130
0.2000519 -0.3028032 1.498445 Tracked 67131164
0.2000223 -0.3028151 1.498472 Tracked 67131196
0.2000876 -0.302903 1.498459 Tracked 67131231
0.2000413 -0.3029348 1.498479 Tracked 67131264
0.1999461 -0.3029179 1.498554 Tracked 67131296
0.1993155 -0.3029412 1.49867 Tracked 67131334
0.1992752 -0.3029396 1.498664 Tracked 67131364
0.1991328 -0.3029508 1.498653 Tracked 67131396
0.1980966 -0.3029587 1.498617 Tracked 67131431
0.1974785 -0.3028797 1.498511 Tracked 67131464
0.1969718 -0.3028366 1.498565 Tracked 67131496
0.1967576 -0.3027789 1.498522 Tracked 67131531
0.1960654 -0.3025977 1.49885 Tracked 67131564
0.1958898 -0.3025773 1.498875 Tracked 67131596
0.1957635 -0.302484 1.498899 Tracked 67131631
0.1954856 -0.3023439 1.499076 Tracked 67131664
0.1952597 -0.3023158 1.499029 Tracked 67131696
0.195277 -0.3022258 1.498998 Tracked 67131731
0.1949994 -0.3022812 1.498982 Tracked 67131764
0.1947486 -0.302424 1.498784 Tracked 67131796
0.19479 -0.3024937 1.498737 Tracked 67131831
0.1947191 -0.302586 1.498828 Tracked 67131863
0.1951339 -0.3027523 1.498675 Tracked 67131896
0.1953058 -0.3028662 1.498563 Tracked 67131931
0.1955382 -0.3028951 1.498523 Tracked 67131964
0.1960486 -0.3028931 1.498397 Tracked 67131996
0.1961251 -0.3030677 1.498498 Tracked 67132031
0.1962661 -0.3032076 1.498485 Tracked 67132064
0.1963221 -0.3032662 1.49843 Tracked 67132096
0.1963445 -0.3033052 1.49842 Tracked 67132131
0.1970221 -0.3036189 1.497982 Tracked 67132165
0.1969821 -0.3036402 1.497985 Tracked 67132196
0.1969472 -0.3036844 1.498 Tracked 67132231
0.197597 -0.3037029 1.497748 Tracked 67132264
0.1979394 -0.3036886 1.497552 Tracked 67132296
0.1991883 -0.3037274 1.496958 Tracked 67132331
0.1995059 -0.3037733 1.496704 Tracked 67132364
0.1995585 -0.3037042 1.496651 Tracked 67132396
0.1997093 -0.3037255 1.496445 Tracked 67132431
0.2000461 -0.303795 1.496097 Tracked 67132464
0.2003503 -0.3038449 1.495865 Tracked 67132497
0.200396 -0.3038615 1.495697 Tracked 67132531
0.2016563 -0.3036928 1.495246 Tracked 67132564
0.2011746 -0.3037868 1.495427 Tracked 67132596
0.2011671 -0.3037339 1.495253 Tracked 67132631
0.2013641 -0.3037352 1.49524 Tracked 67132664
0.2014164 -0.30378 1.495194 Tracked 67132696
0.2015172 -0.3037696 1.495054 Tracked 67132731
0.2015816 -0.3038542 1.495055 Tracked 67132764
0.2016667 -0.3039914 1.494809 Tracked 67132796
0.2017351 -0.3040013 1.494753 Tracked 67132831
0.2019458 -0.3038906 1.494568 Tracked 67132864
0.2019629 -0.3037848 1.494532 Tracked 67132896
0.201949 -0.3037864 1.494506 Tracked 67132931
0.2016511 -0.3037447 1.494464 Tracked 67132963
0.2011859 -0.3037074 1.494653 Tracked 67132996
0.2010492 -0.3037719 1.494636 Tracked 67133031
0.2009627 -0.3037385 1.494578 Tracked 67133063
0.2012512 -0.3037679 1.494404 Tracked 67133097
0.2012771 -0.3038669 1.494355 Tracked 67133131
0.2012574 -0.3038775 1.494261 Tracked 67133164
0.2012742 -0.3039041 1.494243 Tracked 67133196
0.201346 -0.3038919 1.494167 Tracked 67133231
0.2017461 -0.3040049 1.494043 Tracked 67133264
0.201921 -0.3041649 1.494092 Tracked 67133296
0.2020408 -0.3041629 1.494075 Tracked 67133332
0.2020739 -0.3041826 1.494064 Tracked 67133364
0.2024373 -0.3041648 1.493951 Tracked 67133398
0.2024232 -0.3042293 1.493912 Tracked 67133432
0.2025572 -0.3042148 1.493854 Tracked 67133464
0.2026066 -0.3042213 1.49379 Tracked 67133497
0.2026415 -0.3041658 1.493625 Tracked 67133531
0.2027745 -0.304124 1.493609 Tracked 67133566
0.2028822 -0.304196 1.493565 Tracked 67133597
0.2029131 -0.304149 1.493514 Tracked 67133634
0.2029366 -0.3041439 1.493499 Tracked 67133664
0.2026121 -0.3039844 1.493568 Tracked 67133696
0.202355 -0.303916 1.493739 Tracked 67133731
0.2020696 -0.3037798 1.494005 Tracked 67133764
0.2018895 -0.3037394 1.494229 Tracked 67133796
0.2016804 -0.3037079 1.494692 Tracked 67133831
0.2015849 -0.303686 1.494899 Tracked 67133864
0.2011809 -0.3035532 1.495509 Tracked 67133896
0.2003745 -0.3034439 1.496254 Tracked 67133931
0.1997826 -0.3033524 1.497138 Tracked 67133964
0.1990117 -0.3031637 1.498043 Tracked 67133996
0.1972968 -0.3028048 1.499811 Tracked 67134031
0.1960437 -0.3025146 1.501138 Tracked 67134063
0.1942321 -0.3024719 1.502731 Tracked 67134096
0.1939862 -0.3024933 1.502955 Tracked 67134131
0.1927565 -0.3024182 1.503254 Tracked 67134164
0.1928128 -0.3024232 1.503233 Tracked 67134196
0.192056 -0.3024539 1.503733 Tracked 67134232
0.1923042 -0.3024366 1.503327 Tracked 67134264
0.1926536 -0.3024339 1.502817 Tracked 67134296
0.1931551 -0.3022006 1.502089 Tracked 67134331
0.1932851 -0.3021887 1.501472 Tracked 67134364
0.1938759 -0.3017322 1.500836 Tracked 67134400
0.194248 -0.301287 1.500077 Tracked 67134432
0.1948256 -0.3008141 1.499153 Tracked 67134464
0.1951468 -0.3007135 1.498627 Tracked 67134496
0.1957779 -0.3002883 1.497669 Tracked 67134531
0.1965682 -0.2998756 1.496541 Tracked 67134564
0.1966187 -0.2997615 1.496057 Tracked 67134596
0.1970668 -0.299646 1.495018 Tracked 67134631
0.19703 -0.2996389 1.495005 Tracked 67134664
0.19707 -0.2997925 1.494545 Tracked 67134697
0.1970384 -0.2998244 1.494294 Tracked 67134731
0.1967148 -0.2997191 1.493796 Tracked 67134764
0.1965287 -0.2997344 1.493882 Tracked 67134796
0.1962381 -0.2998803 1.493894 Tracked 67134831
0.1956212 -0.2999943 1.493927 Tracked 67134863
0.1952963 -0.3002052 1.493964 Tracked 67134896
0.19465 -0.3003752 1.494468 Tracked 67134931
0.1940544 -0.3007661 1.494796 Tracked 67134964
0.1938327 -0.3009166 1.495103 Tracked 67134996
0.1905109 -0.30152 1.497373 Tracked 67135031
0.1904977 -0.3015052 1.497332 Tracked 67135064
0.1905904 -0.3014868 1.497219 Tracked 67135096
0.191472 -0.3018298 1.496647 Tracked 67135131
0.1914563 -0.3018073 1.496689 Tracked 67135164
0.1928971 -0.3018809 1.495772 Tracked 67135196
0.1947194 -0.3020595 1.494726 Tracked 67135231
0.1949988 -0.3021403 1.494386 Tracked 67135264
0.1953967 -0.3021939 1.493915 Tracked 67135297
0.1963279 -0.302016 1.492923 Tracked 67135331
0.1977765 -0.3019634 1.491407 Tracked 67135364
0.2008331 -0.3018128 1.489234 Tracked 67135396
0.20481 -0.301621 1.486907 Tracked 67135431
0.2089433 -0.3014762 1.48437 Tracked 67135464
0.2121676 -0.3014527 1.48272 Tracked 67135497
0.215981 -0.3014662 1.481261 Tracked 67135531
0.2193606 -0.3015368 1.480112 Tracked 67135564
0.2229095 -0.3015119 1.479275 Tracked 67135596
0.2240577 -0.3013881 1.478967 Tracked 67135631
0.2250753 -0.301404 1.47865 Tracked 67135664
0.2255731 -0.301417 1.478334 Tracked 67135696
0.2268818 -0.3013375 1.478014 Tracked 67135731
0.2274467 -0.3014433 1.477897 Tracked 67135764
0.2276206 -0.3015079 1.477802 Tracked 67135797
0.2277294 -0.3015876 1.47778 Tracked 67135831
0.2279112 -0.3016872 1.477755 Tracked 67135864
0.2280035 -0.3017226 1.477727 Tracked 67135897
0.2281086 -0.3016964 1.477723 Tracked 67135931
0.2281041 -0.3016964 1.477725 Tracked 67135964
0.2277998 -0.3016564 1.477651 Tracked 67135996
0.227595 -0.3016678 1.477649 Tracked 67136031
0.2273213 -0.3017328 1.477734 Tracked 67136064
0.2271076 -0.3017097 1.477733 Tracked 67136096
0.2264068 -0.3016443 1.477759 Tracked 67136131
0.223435 -0.3016003 1.47825 Tracked 67136163
0.2219393 -0.3015515 1.478466 Tracked 67136196
0.2205567 -0.3015632 1.478956 Tracked 67136231
0.2184606 -0.3017245 1.479783 Tracked 67136263
0.2146413 -0.3012096 1.480834 Tracked 67136296
0.208033 -0.3013518 1.483178 Tracked 67136331
0.2051569 -0.3012651 1.484685 Tracked 67136364
0.2029514 -0.3014798 1.485866 Tracked 67136396
0.2011208 -0.3016372 1.487298 Tracked 67136430
0.1991217 -0.301827 1.488613 Tracked 67136464
0.1970619 -0.3019 1.489933 Tracked 67136496
0.1941549 -0.302156 1.491798 Tracked 67136531
0.1935277 -0.3023646 1.49206 Tracked 67136564
0.1893168 -0.302339 1.49507 Tracked 67136596
0.1892918 -0.3023833 1.49509 Tracked 67136632
0.1892432 -0.3023999 1.495009 Tracked 67136664
0.1893246 -0.3023198 1.494259 Tracked 67136696
0.1893401 -0.3022281 1.493557 Tracked 67136731
0.1895761 -0.3019279 1.492771 Tracked 67136764
0.1895843 -0.3015075 1.491663 Tracked 67136796
0.1898913 -0.3007986 1.490068 Tracked 67136832
0.1902651 -0.3003492 1.488805 Tracked 67136864
0.1903625 -0.3002135 1.48821 Tracked 67136897
0.1903595 -0.3001794 1.488027 Tracked 67136932
0.1903991 -0.3000836 1.48796 Tracked 67136964
0.1904869 -0.3001173 1.488073 Tracked 67136996
0.1906734 -0.3001717 1.488428 Tracked 67137031
0.1905801 -0.3002558 1.489848 Tracked 67137064
0.191227 -0.3002657 1.49106 Tracked 67137096
0.193879 -0.2996764 1.492054 Tracked 67137131
0.1957665 -0.2998089 1.492899 Tracked 67137164
0.1968704 -0.3002557 1.493247 Tracked 67137196
0.2003013 -0.3010293 1.492801 Tracked 67137231
0.2092007 -0.3022119 1.490112 Tracked 67137264
0.2232822 -0.3029495 1.4884 Tracked 67137296
0.2387199 -0.3040123 1.487907 Tracked 67137331
0.2474049 -0.3046156 1.486933 Tracked 67137364
0.2504021 -0.3048775 1.485651 Tracked 67137396
0.2540049 -0.304085 1.484733 Tracked 67137431
0.257647 -0.3048018 1.484025 Tracked 67137464
0.263168 -0.3060111 1.483184 Tracked 67137497
0.2654912 -0.3066352 1.482729 Tracked 67137531
0.2667625 -0.3080584 1.48961 Tracked 67137564
0.2665136 -0.3081484 1.489332 Tracked 67137597
0.2645146 -0.3078837 1.489992 Tracked 67137631
0.2657267 -0.308441 1.490407 Tracked 67137664
0.2687045 -0.3088475 1.490507 Tracked 67137696
0.2734472 -0.3090484 1.489977 Tracked 67137732
0.2790256 -0.3102923 1.490791 Tracked 67137764
0.282913 -0.3095483 1.489589 Tracked 67137796
0.2855934 -0.3092691 1.488499 Tracked 67137831
0.2905924 -0.3081131 1.476377 Tracked 67137864
0.2799723 -0.3091936 1.480991 Tracked 67137896
0.2776676 -0.3099426 1.48281 Tracked 67137931
0.2764851 -0.3102319 1.482486 Tracked 67137964
0.2746536 -0.311768 1.482448 Tracked 67137997
0.2734306 -0.3118466 1.482174 Tracked 67138031
0.2684061 -0.3042554 1.482013 Tracked 67138064
0.2683794 -0.3051307 1.48216 Tracked 67138096
0.2679202 -0.3055579 1.482232 Tracked 67138131
0.2766767 -0.3074129 1.48546 Tracked 67138164
0.2800805 -0.3083429 1.48907 Tracked 67138197
0.2764551 -0.3092583 1.490675 Tracked 67138231
0.271297 -0.3098747 1.492406 Tracked 67138264
0.2676568 -0.3091528 1.493914 Tracked 67138296
0.2683602 -0.3076907 1.500749 Tracked 67138331
0.2727833 -0.3089739 1.510258 Tracked 67138364
0.272821 -0.3091877 1.511037 Tracked 67138396
0.2717967 -0.3093139 1.511189 Tracked 67138431
0.2705337 -0.3093553 1.511153 Tracked 67138464
0.2673491 -0.3095908 1.510194 Tracked 67138497
0.2628353 -0.3099236 1.508675 Tracked 67138531
0.2572768 -0.3095912 1.496896 Tracked 67138564
0.2777451 -0.309299 1.485473 Tracked 67138597
0.2776149 -0.3083004 1.489327 Tracked 67138631
0.2786731 -0.3074034 1.488882 Tracked 67138665
0.2670487 -0.3046016 1.484474 Tracked 67138697
0.2627565 -0.303618 1.483374 Tracked 67138732
0.2591776 -0.3031614 1.483405 Tracked 67138764
0.2537872 -0.3027291 1.484464 Tracked 67138796
0.2502254 -0.302133 1.485785 Tracked 67138831
0.2469729 -0.3014818 1.486903 Tracked 67138865
0.2451282 -0.3012723 1.488355 Tracked 67138896
0.2436019 -0.3009374 1.48951 Tracked 67138932
0.2424603 -0.3008023 1.490766 Tracked 67138964
0.2421947 -0.3007882 1.491229 Tracked 67138996
0.2419225 -0.3007047 1.491521 Tracked 67139031
0.2417348 -0.3004955 1.491708 Tracked 67139064
0.24143 -0.3002368 1.491912 Tracked 67139096
0.241008 -0.299996 1.492239 Tracked 67139131
0.2409392 -0.2999141 1.49229 Tracked 67139164
0.2409003 -0.2998874 1.49233 Tracked 67139196
0.2409049 -0.2996267 1.492327 Tracked 67139231
0.2409372 -0.2993207 1.492278 Tracked 67139264
0.2415214 -0.2987515 1.491626 Tracked 67139296
0.2424299 -0.2982185 1.49096 Tracked 67139331
0.2431368 -0.2980104 1.490198 Tracked 67139364
0.2449918 -0.2973847 1.488543 Tracked 67139396
0.2473243 -0.2973726 1.486427 Tracked 67139431
0.2499755 -0.297189 1.483678 Tracked 67139464
0.2526109 -0.2977534 1.481617 Tracked 67139500
0.2580997 -0.2990519 1.479773 Tracked 67139531
0.2645997 -0.2993298 1.476971 Tracked 67139564
0.2713763 -0.2991654 1.475693 Tracked 67139596
0.2745924 -0.2993402 1.473817 Tracked 67139631
0.2754252 -0.2988395 1.471614 Tracked 67139664
0.2770014 -0.2985994 1.468221 Tracked 67139697
0.2781023 -0.2981625 1.465789 Tracked 67139731
0.2790033 -0.2983273 1.463987 Tracked 67139764
0.2793379 -0.2984128 1.463612 Tracked 67139796
0.2796943 -0.2986903 1.463198 Tracked 67139832
0.2789916 -0.2992335 1.462184 Tracked 67139864
0.2780446 -0.3003876 1.461653 Tracked 67139897
0.2772883 -0.3010632 1.460347 Tracked 67139931
0.2770337 -0.3017842 1.459078 Tracked 67139964
0.2768914 -0.3023525 1.458668 Tracked 67139996
0.276542 -0.3033079 1.457069 Tracked 67140031
0.2729664 -0.3052575 1.460013 Tracked 67140064
0.2715674 -0.3086251 1.469266 Tracked 67140096
0.2696075 -0.3090097 1.468911 Tracked 67140131
0.2669971 -0.3087029 1.466844 Tracked 67140164
0.2658817 -0.3084863 1.465703 Tracked 67140196
0.2648284 -0.3082652 1.464478 Tracked 67140231
0.2649905 -0.3082285 1.464691 Tracked 67140264
0.2651292 -0.3083146 1.465432 Tracked 67140297
0.2652049 -0.3085224 1.466095 Tracked 67140331
0.2651416 -0.3086158 1.466363 Tracked 67140364
0.2651348 -0.3087859 1.4669 Tracked 67140397
0.2618123 -0.3116371 1.478146 Tracked 67140431
0.2604102 -0.312717 1.483546 Tracked 67140464
0.2598364 -0.3131154 1.483996 Tracked 67140496
0.2585702 -0.3134233 1.485134 Tracked 67140531
0.2579841 -0.3140824 1.485735 Tracked 67140564
0.2579595 -0.3140647 1.485684 Tracked 67140596
0.2574863 -0.3141083 1.485676 Tracked 67140631
0.2565814 -0.3139584 1.485705 Tracked 67140665
0.2551872 -0.3130099 1.484982 Tracked 67140696
0.2543832 -0.3119828 1.483356 Tracked 67140731
0.2509513 -0.3084219 1.47274 Tracked 67140764
0.2538891 -0.299226 1.461003 Tracked 67140796
0.2696618 -0.2967794 1.459673 Tracked 67140830
0.2729034 -0.2959556 1.460454 Tracked 67140864
0.2746939 -0.2964269 1.460978 Tracked 67140896
0.2763056 -0.2970426 1.462271 Tracked 67140932
0.2774056 -0.297442 1.463667 Tracked 67140964
0.277826 -0.2976981 1.465173 Tracked 67140996
0.2776681 -0.2982136 1.466462 Tracked 67141031
0.2763536 -0.2985948 1.467845 Tracked 67141064
0.2741376 -0.2988345 1.469574 Tracked 67141096
0.2721261 -0.2996662 1.471108 Tracked 67141131
0.2700273 -0.300181 1.472083 Tracked 67141164
0.2681488 -0.3004911 1.473226 Tracked 67141196
0.2665493 -0.3008723 1.474408 Tracked 67141231
0.2643081 -0.300891 1.475853 Tracked 67141264
0.2628504 -0.3008243 1.476846 Tracked 67141296
0.2600737 -0.3003368 1.47786 Tracked 67141331
0.2579257 -0.3000111 1.478854 Tracked 67141364
0.2553811 -0.2987303 1.480117 Tracked 67141396
0.2546411 -0.2985212 1.480704 Tracked 67141431
0.2529514 -0.2981809 1.481801 Tracked 67141464
0.2524877 -0.2981029 1.48237 Tracked 67141496
0.2511322 -0.2978313 1.483465 Tracked 67141531
0.2488002 -0.2972783 1.485002 Tracked 67141564
0.2474821 -0.2971437 1.486286 Tracked 67141596
0.2458831 -0.2970964 1.487502 Tracked 67141631
0.2434544 -0.2968419 1.488951 Tracked 67141663
0.2411799 -0.2969773 1.490515 Tracked 67141696
0.2380115 -0.2968554 1.492752 Tracked 67141731
0.2345064 -0.2974196 1.495626 Tracked 67141764
0.2293328 -0.2982719 1.499235 Tracked 67141796
0.2264113 -0.29888 1.501545 Tracked 67141831
0.2238646 -0.2992285 1.503747 Tracked 67141864
0.2217689 -0.2996901 1.504897 Tracked 67141897
0.2200071 -0.2999136 1.506081 Tracked 67141931
0.2169911 -0.2999104 1.508283 Tracked 67141964
0.2153305 -0.299556 1.509504 Tracked 67141997
0.2137764 -0.2994454 1.510484 Tracked 67142031
0.21176 -0.2995003 1.511688 Tracked 67142064
0.211787 -0.2994736 1.511613 Tracked 67142097
0.2117851 -0.299443 1.511591 Tracked 67142131
0.2120228 -0.2993127 1.511247 Tracked 67142164
0.2120992 -0.2991473 1.511139 Tracked 67142197
0.2121335 -0.2990111 1.511097 Tracked 67142231
0.212294 -0.2987758 1.511057 Tracked 67142264
0.2127116 -0.2984105 1.510865 Tracked 67142297
0.2128828 -0.2980981 1.510903 Tracked 67142331
0.2133851 -0.2977976 1.511018 Tracked 67142364
0.21344 -0.2977273 1.511006 Tracked 67142397
0.2139174 -0.2973732 1.511101 Tracked 67142431
0.2142136 -0.2971782 1.511039 Tracked 67142464
0.2143329 -0.2971106 1.511151 Tracked 67142496
0.2145229 -0.2970025 1.51105 Tracked 67142531
0.2147802 -0.2968948 1.511033 Tracked 67142564
0.2151721 -0.2969185 1.511096 Tracked 67142597
0.2162196 -0.2967433 1.5107 Tracked 67142631
0.2169166 -0.2964574 1.510216 Tracked 67142663
0.217822 -0.2964217 1.509672 Tracked 67142696
0.2196373 -0.2960381 1.508538 Tracked 67142731
0.2219241 -0.2962362 1.506906 Tracked 67142763
0.2243734 -0.2962692 1.505123 Tracked 67142796
0.2253599 -0.296252 1.504389 Tracked 67142831
0.2265158 -0.2964523 1.503374 Tracked 67142864
0.2283465 -0.2964844 1.502434 Tracked 67142896
0.2292682 -0.2967691 1.501693 Tracked 67142931
0.2307082 -0.2967981 1.5007 Tracked 67142964
0.2316661 -0.2970582 1.500226 Tracked 67142997
0.2329885 -0.2973943 1.499431 Tracked 67143031
0.2339939 -0.2975352 1.49876 Tracked 67143064
0.2352466 -0.2979411 1.498214 Tracked 67143097
0.2358811 -0.2980447 1.497535 Tracked 67143131
0.2365439 -0.2981636 1.497179 Tracked 67143164
0.237583 -0.2981179 1.496543 Tracked 67143197
0.2381056 -0.297921 1.495893 Tracked 67143232
0.2387469 -0.2978863 1.495454 Tracked 67143264
0.2405992 -0.2976699 1.493977 Tracked 67143297
0.2425448 -0.2972155 1.49276 Tracked 67143331
0.245672 -0.2968536 1.491609 Tracked 67143364
0.250106 -0.2963574 1.489915 Tracked 67143397
0.2546872 -0.2960757 1.489306 Tracked 67143432
0.258368 -0.2957305 1.488796 Tracked 67143464
0.2613389 -0.2951343 1.488099 Tracked 67143496
0.2627104 -0.2949635 1.487087 Tracked 67143531
0.2661437 -0.2943243 1.485897 Tracked 67143564
0.2692864 -0.2942242 1.484225 Tracked 67143597
0.2710607 -0.2941637 1.482443 Tracked 67143631
0.272268 -0.294235 1.480874 Tracked 67143664
