0.0586274 0.2129913 2.673462 Tracked 65534846
0.05705235 0.2128394 2.673235 Tracked 65534878
0.05504548 0.2128502 2.673805 Tracked 65534912
0.05330047 0.2130055 2.674155 Tracked 65534949
0.05135077 0.2126877 2.674331 Tracked 65534983
0.0501269 0.2124657 2.674428 Tracked 65535014
0.04936196 0.2123851 2.674754 Tracked 65535048
0.04928665 0.2123431 2.674789 Tracked 65535082
0.04950218 0.2124549 2.675117 Tracked 65535114
0.05026218 0.2125554 2.675315 Tracked 65535149
0.05126379 0.2129263 2.675663 Tracked 65535181
0.05154763 0.2130641 2.675929 Tracked 65535214
0.05207637 0.2131821 2.676607 Tracked 65535249
0.05291416 0.2136187 2.677474 Tracked 65535281
0.05483095 0.2147428 2.678829 Tracked 65535313
0.0561089 0.2151229 2.679174 Tracked 65535349
0.05767452 0.2156487 2.679609 Tracked 65535380
0.05891496 0.2161859 2.680546 Tracked 65535414
0.05990105 0.216752 2.681103 Tracked 65535447
0.06096897 0.2168902 2.681976 Tracked 65535480
0.06160061 0.2168272 2.682374 Tracked 65535513
0.06269454 0.2166298 2.6828 Tracked 65535548
0.06353997 0.2165677 2.683288 Tracked 65535581
0.06517824 0.2177815 2.684001 Tracked 65535614
0.06642513 0.2174875 2.685208 Tracked 65535649
0.06676063 0.2172987 2.685596 Tracked 65535679
0.06708464 0.2171245 2.686134 Tracked 65535711
0.06731974 0.216896 2.686435 Tracked 65535745
0.06742687 0.2165938 2.686593 Tracked 65535778
0.06755187 0.2163604 2.686646 Tracked 65535811
0.06758708 0.2161461 2.686693 Tracked 65535845
0.06764314 0.2159166 2.686808 Tracked 65535878
0.06760897 0.2157919 2.686891 Tracked 65535911
0.06752818 0.2156013 2.68712 Tracked 65535944
0.06747095 0.2154568 2.687267 Tracked 65535977
0.06745079 0.2152569 2.687411 Tracked 65536010
0.06739839 0.2151812 2.68748 Tracked 65536044
0.0673325 0.2150456 2.687502 Tracked 65536077
0.06717166 0.2150152 2.687704 Tracked 65536110
0.06684223 0.2148974 2.687679 Tracked 65536144
0.06655398 0.21492 2.687767 Tracked 65536178
0.06630037 0.2149028 2.687843 Tracked 65536210
0.06587213 0.2150034 2.687789 Tracked 65536245
0.06556543 0.2149865 2.687828 Tracked 65536277
0.06481811 0.2148512 2.687761 Tracked 65536312
0.06412866 0.2146163 2.687752 Tracked 65536345
0.06335205 0.2142532 2.687623 Tracked 65536378
0.06218775 0.2135959 2.687716 Tracked 65536411
0.06106804 0.2116585 2.687597 Tracked 65536444
0.06011897 0.2102392 2.687025 Tracked 65536479
0.05910993 0.2064371 2.687192 Tracked 65536511
0.05812055 0.1993782 2.687714 Tracked 65536544
0.05790672 0.1896114 2.687961 Tracked 65536576
0.05654304 0.1785883 2.687537 Tracked 65536610
0.05602011 0.1671719 2.687517 Tracked 65536644
0.05653575 0.1514569 2.688442 Tracked 65536677
0.0569448 0.1347531 2.68815 Tracked 65536712
0.05682058 0.1181289 2.688537 Tracked 65536745
0.054619 0.09873997 2.690544 Tracked 65536778
0.05423092 0.09878887 2.670965 Tracked 65536811
0.05376492 0.09000901 2.666398 Tracked 65536845
0.05282488 0.07097442 2.662288 Tracked 65536878
0.05145772 0.05390586 2.660842 Tracked 65536911
0.05080603 0.03836516 2.660608 Tracked 65536944
0.04965548 0.02992136 2.665691 Tracked 65536978
0.05022941 0.007527793 2.667652 Tracked 65537011
0.04979857 -0.0003792629 2.673229 Tracked 65537044
0.05100362 -0.0139 2.682857 Tracked 65537082
0.05128198 -0.03392957 2.684962 Tracked 65537117
0.04991352 -0.04428349 2.689092 Tracked 65537153
0.04573295 -0.05402632 2.694169 Tracked 65537180
0.04427753 -0.0772293 2.695485 Tracked 65537213
0.04396029 -0.08305584 2.696557 Tracked 65537247
0.04946287 -0.1018393 2.695858 Tracked 65537280
0.05091609 -0.1144516 2.701246 Tracked 65537312
0.04523989 -0.1330658 2.695084 Tracked 65537348
0.04734638 -0.1442656 2.695081 Tracked 65537380
0.04886419 -0.149644 2.695274 Tracked 65537414
0.05047651 -0.1524039 2.69393 Tracked 65537447
0.05045769 -0.1535709 2.693965 Tracked 65537481
0.04988671 -0.1519479 2.694149 Tracked 65537514
0.04806995 -0.1424097 2.697089 Tracked 65537548
0.04663902 -0.1303832 2.694285 Tracked 65537581
0.04450963 -0.106286 2.698489 Tracked 65537614
0.05078281 -0.03936486 2.707947 Tracked 65537648
0.0491134 -0.0390109 2.704335 Tracked 65537681
0.04578742 -0.01952747 2.701064 Tracked 65537713
0.04575388 -0.0116076 2.687278 Tracked 65537748
0.04625156 0.03015593 2.692276 Tracked 65537781
0.04665565 0.04276438 2.690987 Tracked 65537814
0.04619531 0.04208872 2.693962 Tracked 65537848
0.04698581 0.05195569 2.698258 Tracked 65537881
0.04623712 0.0745462 2.701402 Tracked 65537914
0.04938813 0.09329213 2.70008 Tracked 65537948
0.04931313 0.1094835 2.699322 Tracked 65537982
0.04906667 0.1254761 2.697922 Tracked 65538014
0.04889613 0.1401795 2.698249 Tracked 65538047
0.04943053 0.1524948 2.698604 Tracked 65538081
0.04881696 0.161783 2.698298 Tracked 65538113
0.04844594 0.1719521 2.699431 Tracked 65538147
0.04941003 0.182209 2.699791 Tracked 65538183
0.05053469 0.1886034 2.699419 Tracked 65538215
0.05105253 0.1941999 2.699514 Tracked 65538248
0.05136635 0.1993273 2.699798 Tracked 65538281
0.05145546 0.2026644 2.699926 Tracked 65538313
0.05157336 0.2054015 2.700296 Tracked 65538348
0.05193594 0.2072614 2.700279 Tracked 65538381
0.05215065 0.2098158 2.701223 Tracked 65538414
0.05270972 0.2111338 2.70119 Tracked 65538448
0.05299246 0.2120252 2.701366 Tracked 65538482
0.05337612 0.2128342 2.701323 Tracked 65538513
0.0537276 0.2133935 2.701517 Tracked 65538548
0.05390752 0.2137317 2.701562 Tracked 65538581
0.05421178 0.2140158 2.701376 Tracked 65538614
0.05442323 0.2141652 2.701462 Tracked 65538648
0.05480011 0.2145641 2.701384 Tracked 65538680
0.05493804 0.2147306 2.701225 Tracked 65538711
0.05502465 0.2150542 2.70105 Tracked 65538747
0.05513117 0.2153151 2.700799 Tracked 65538781
0.0552977 0.2154886 2.700683 Tracked 65538814
0.05531569 0.2158355 2.700395 Tracked 65538849
0.05540336 0.2160951 2.700161 Tracked 65538882
0.05537334 0.2162106 2.699883 Tracked 65538914
0.05536624 0.2163056 2.699433 Tracked 65538949
0.05537636 0.2163969 2.699249 Tracked 65538981
0.0552932 0.2164242 2.698802 Tracked 65539014
0.05516957 0.216498 2.698232 Tracked 65539047
0.05514024 0.2163207 2.697703 Tracked 65539082
0.05507487 0.2154282 2.696673 Tracked 65539114
0.05511091 0.2142115 2.695776 Tracked 65539148
0.05444783 0.210884 2.693912 Tracked 65539181
0.05480285 0.2069933 2.692339 Tracked 65539214
0.05482472 0.201701 2.691821 Tracked 65539249
0.05485202 0.1956132 2.689982 Tracked 65539280
0.05495891 0.1871494 2.688697 Tracked 65539313
0.05530956 0.1773181 2.688586 Tracked 65539349
0.0553189 0.1673272 2.687671 Tracked 65539379
0.05588024 0.1549199 2.688111 Tracked 65539410
0.05729703 0.1563491 2.670042 Tracked 65539443
0.05826775 0.1511729 2.665748 Tracked 65539480
0.05754469 0.1372236 2.660782 Tracked 65539517
0.05671104 0.118759 2.658187 Tracked 65539546
0.0564175 0.1004737 2.657906 Tracked 65539579
0.05522255 0.07944015 2.65643 Tracked 65539617
0.05420776 0.06484628 2.661121 Tracked 65539651
0.05176327 0.03566075 2.65708 Tracked 65539685
0.05144671 0.03035418 2.663654 Tracked 65539719
0.04976301 0.01647265 2.672592 Tracked 65539748
0.05075502 -0.01984755 2.672628 Tracked 65539779
0.05115603 -0.03023809 2.672912 Tracked 65539813
0.04981634 -0.04056444 2.67571 Tracked 65539847
0.04918554 -0.05417738 2.678851 Tracked 65539880
0.04819424 -0.06065126 2.689825 Tracked 65539914
0.04386912 -0.1089333 2.684143 Tracked 65539947
0.04316325 -0.1055751 2.687817 Tracked 65539981
0.0392234 -0.1214588 2.688167 Tracked 65540013
0.0427823 -0.1195105 2.693244 Tracked 65540047
0.04665998 -0.1295713 2.687909 Tracked 65540080
0.04976433 -0.1117109 2.698953 Tracked 65540112
0.05021739 -0.1222584 2.697119 Tracked 65540147
0.05043973 -0.1207287 2.693218 Tracked 65540178
0.04494291 -0.1197657 2.689899 Tracked 65540210
0.04600266 -0.1114557 2.684783 Tracked 65540249
0.05185484 -0.09395131 2.681675 Tracked 65540282
0.04929883 -0.05802389 2.682053 Tracked 65540315
0.04809354 -0.03793447 2.683439 Tracked 65540352
0.04869526 -0.02614851 2.677606 Tracked 65540380
0.04681583 0.001734458 2.675748 Tracked 65540410
0.04846444 0.01520068 2.669596 Tracked 65540443
0.04979766 0.04589107 2.672803 Tracked 65540477
0.05039056 0.06868409 2.676621 Tracked 65540508
0.05034691 0.06490058 2.690011 Tracked 65540543
0.05103417 0.07321876 2.694047 Tracked 65540577
0.05308346 0.09163452 2.694199 Tracked 65540610
0.05408734 0.1071895 2.694006 Tracked 65540644
0.05372377 0.1221762 2.694593 Tracked 65540678
0.05295772 0.1355692 2.694823 Tracked 65540710
0.05323532 0.1466174 2.695493 Tracked 65540744
0.05366017 0.1558769 2.695073 Tracked 65540777
0.05450723 0.1665078 2.696532 Tracked 65540810
0.05485002 0.1760788 2.698186 Tracked 65540847
0.05482001 0.1818292 2.698455 Tracked 65540881
0.05442501 0.1881128 2.700836 Tracked 65540913
0.0541826 0.1925434 2.701757 Tracked 65540948
0.05468039 0.197649 2.7028 Tracked 65540981
0.05484615 0.2016161 2.703663 Tracked 65541013
0.05503757 0.204497 2.704055 Tracked 65541048
0.05515955 0.2055627 2.70472 Tracked 65541080
0.05565378 0.2076189 2.70691 Tracked 65541114
0.05597043 0.208748 2.707363 Tracked 65541148
0.05635332 0.209771 2.707578 Tracked 65541181
0.05643677 0.2103553 2.707831 Tracked 65541215
0.05696391 0.2116723 2.708419 Tracked 65541246
0.05700053 0.2125248 2.708745 Tracked 65541278
0.05724218 0.2131486 2.709119 Tracked 65541310
0.0576323 0.2137048 2.709379 Tracked 65541345
0.05781286 0.2140734 2.709466 Tracked 65541378
0.05815971 0.2144012 2.70955 Tracked 65541415
0.0584954 0.2146772 2.709713 Tracked 65541451
0.05872383 0.2151092 2.709969 Tracked 65541484
0.05883775 0.2153013 2.709979 Tracked 65541516
0.05888861 0.2154114 2.709742 Tracked 65541549
0.05896337 0.215404 2.709641 Tracked 65541579
0.05894268 0.215322 2.709549 Tracked 65541610
0.05897574 0.2150837 2.709422 Tracked 65541644
0.05901166 0.2142599 2.709077 Tracked 65541677
0.0585853 0.2124253 2.708686 Tracked 65541711
0.05819855 0.2091948 2.708491 Tracked 65541744
0.05788135 0.2053557 2.708568 Tracked 65541778
0.05685928 0.2002216 2.708521 Tracked 65541811
0.055575 0.1923134 2.7082 Tracked 65541845
0.05533461 0.1847613 2.707555 Tracked 65541878
0.05415829 0.1755427 2.706831 Tracked 65541911
0.05426352 0.1637771 2.706482 Tracked 65541945
0.05323934 0.1522178 2.708268 Tracked 65541979
0.05209924 0.1385677 2.708933 Tracked 65542012
0.05292635 0.1390621 2.691361 Tracked 65542045
0.05243751 0.1314408 2.685127 Tracked 65542078
0.05164601 0.1114792 2.679439 Tracked 65542111
0.05021271 0.09233825 2.678554 Tracked 65542145
0.04850026 0.07761453 2.682237 Tracked 65542178
0.04682818 0.05996585 2.691268 Tracked 65542211
0.04565624 0.03757747 2.694837 Tracked 65542245
0.04437031 0.0242952 2.700302 Tracked 65542279
0.04581182 0.00786105 2.707511 Tracked 65542311
0.04301671 -0.006503217 2.710853 Tracked 65542345
0.04067985 -0.01934986 2.714315 Tracked 65542378
0.04695593 -0.08016109 2.69888 Tracked 65542412
0.04521862 -0.07999572 2.700408 Tracked 65542445
0.03802242 -0.1012411 2.696305 Tracked 65542479
0.03744975 -0.1154835 2.691931 Tracked 65542512
0.0368475 -0.09892781 2.700303 Tracked 65542544
0.04368002 -0.1043512 2.700586 Tracked 65542579
0.04195281 -0.1052171 2.698348 Tracked 65542612
0.04235959 -0.1056458 2.697922 Tracked 65542644
0.043915 -0.102692 2.695713 Tracked 65542678
0.05098251 -0.09248784 2.688399 Tracked 65542711
0.05416781 -0.0712569 2.682759 Tracked 65542745
0.05464104 -0.01848633 2.689809 Tracked 65542778
0.05403246 -0.01283512 2.687601 Tracked 65542811
0.05270956 0.003962417 2.684305 Tracked 65542844
0.05305982 0.01736324 2.673248 Tracked 65542878
0.05362658 0.03402122 2.669499 Tracked 65542911
0.05484062 0.06214079 2.671957 Tracked 65542944
0.05513525 0.07661328 2.672192 Tracked 65542978
0.05667184 0.09368306 2.671582 Tracked 65543011
0.05462191 0.09440208 2.686319 Tracked 65543045
0.05349371 0.1028516 2.691789 Tracked 65543078
0.05304415 0.1165175 2.693931 Tracked 65543111
0.05385188 0.1287397 2.696273 Tracked 65543145
0.05239277 0.143967 2.696727 Tracked 65543178
0.05178025 0.1531455 2.697673 Tracked 65543211
0.05094767 0.162608 2.698253 Tracked 65543245
0.04924596 0.1725841 2.699387 Tracked 65543278
0.049582 0.1811032 2.699857 Tracked 65543311
0.04976678 0.186046 2.700988 Tracked 65543345
0.04975995 0.1907728 2.701638 Tracked 65543378
0.0495149 0.1946313 2.701876 Tracked 65543411
0.04985442 0.1978192 2.702424 Tracked 65543445
0.05028859 0.201217 2.703089 Tracked 65543478
0.05082703 0.2033461 2.703696 Tracked 65543511
0.05089404 0.2050735 2.70377 Tracked 65543544
0.05103273 0.2054745 2.703395 Tracked 65543577
0.05115213 0.2058546 2.702939 Tracked 65543611
0.0517386 0.2072489 2.70272 Tracked 65543645
0.05229324 0.2085217 2.702948 Tracked 65543679
0.05300489 0.2094894 2.702911 Tracked 65543710
0.05384387 0.2102758 2.702734 Tracked 65543745
0.05519053 0.2110262 2.70248 Tracked 65543778
0.05720017 0.2121006 2.702535 Tracked 65543811
0.05950261 0.2128042 2.702389 Tracked 65543846
0.06149366 0.2138925 2.70207 Tracked 65543878
0.06462483 0.2154289 2.701951 Tracked 65543912
0.06747136 0.2165882 2.701479 Tracked 65543944
0.07072886 0.2180779 2.700909 Tracked 65543978
0.07354125 0.2189688 2.700259 Tracked 65544010
0.07718872 0.2196569 2.700309 Tracked 65544045
0.08176495 0.2198304 2.70035 Tracked 65544079
0.0860963 0.2212589 2.699518 Tracked 65544110
0.09057637 0.2225832 2.699866 Tracked 65544145
0.09584716 0.2243136 2.700368 Tracked 65544179
0.102711 0.2297205 2.702684 Tracked 65544212
0.1055227 0.2313983 2.703756 Tracked 65544244
0.1082925 0.2315153 2.704496 Tracked 65544278
0.1105509 0.2310575 2.704984 Tracked 65544310
0.1128437 0.2302987 2.705729 Tracked 65544344
0.1155412 0.229024 2.707054 Tracked 65544378
0.1179806 0.2280536 2.708479 Tracked 65544412
0.1191057 0.2275551 2.708632 Tracked 65544444
0.1203313 0.2272319 2.709677 Tracked 65544479
0.1213786 0.2277267 2.710557 Tracked 65544511
0.1233561 0.2272515 2.712443 Tracked 65544546
0.1247485 0.2276491 2.713362 Tracked 65544578
0.1261589 0.2267648 2.715071 Tracked 65544611
0.1273501 0.2279361 2.716274 Tracked 65544644
0.128084 0.2280835 2.716797 Tracked 65544677
0.1294734 0.228654 2.717926 Tracked 65544710
0.1302915 0.2286451 2.718868 Tracked 65544750
0.1311452 0.2280337 2.719547 Tracked 65544785
0.1316957 0.2274383 2.720034 Tracked 65544817
0.1325491 0.2261083 2.7205 Tracked 65544853
0.1335788 0.2250248 2.720894 Tracked 65544878
0.1343828 0.2243522 2.721267 Tracked 65544912
0.1353831 0.2217315 2.720873 Tracked 65544952
0.1363047 0.2186382 2.719682 Tracked 65544985
0.1374905 0.2147884 2.718566 Tracked 65545018
0.1384915 0.2061023 2.716022 Tracked 65545054
0.1420368 0.1982568 2.71492 Tracked 65545081
0.1458541 0.188222 2.713486 Tracked 65545114
0.1497083 0.1793302 2.71207 Tracked 65545146
0.1507808 0.1748392 2.714086 Tracked 65545182
0.1621561 0.1449123 2.705891 Tracked 65545213
0.1634502 0.1377698 2.706722 Tracked 65545248
0.1751447 0.1037803 2.705514 Tracked 65545281
0.1808237 0.08408331 2.70207 Tracked 65545312
0.179097 0.07703522 2.700301 Tracked 65545347
0.182717 0.05990436 2.698568 Tracked 65545381
0.1768275 0.04587778 2.694052 Tracked 65545414
0.1743515 0.01965312 2.693812 Tracked 65545447
0.1704149 0.0005918378 2.694585 Tracked 65545481
0.1678119 -0.001919187 2.695251 Tracked 65545515
0.1626794 -0.01435773 2.696702 Tracked 65545548
0.1566375 -0.0242246 2.697311 Tracked 65545580
0.1542098 -0.04508409 2.696455 Tracked 65545613
0.1556243 -0.07202356 2.694192 Tracked 65545647
0.1542862 -0.07412191 2.694705 Tracked 65545681
0.1552575 -0.07612108 2.697056 Tracked 65545713
0.1413367 -0.07719003 2.688263 Tracked 65545746
0.1360499 -0.06959485 2.688513 Tracked 65545781
0.1356328 -0.0696492 2.688335 Tracked 65545813
0.1332029 -0.071488 2.686697 Tracked 65545847
0.1311315 -0.06882808 2.685662 Tracked 65545880
0.1298144 -0.06717814 2.685403 Tracked 65545915
0.1287756 -0.06565829 2.683683 Tracked 65545948
0.1309239 -0.06817489 2.681753 Tracked 65545980
0.1292043 -0.05213992 2.674818 Tracked 65546014
0.1251274 -0.02808132 2.667397 Tracked 65546048
0.1251597 -0.02735584 2.667415 Tracked 65546081
0.1275163 -0.02343521 2.665302 Tracked 65546113
0.1293572 0.005775723 2.662258 Tracked 65546149
0.1311404 0.02251788 2.66338 Tracked 65546178
0.1348923 0.03566067 2.664082 Tracked 65546211
0.1403483 0.05025241 2.664548 Tracked 65546249
0.1462565 0.06142411 2.664503 Tracked 65546284
0.1484997 0.07474326 2.665692 Tracked 65546315
0.1509301 0.08286363 2.665351 Tracked 65546350
0.1445845 0.1154717 2.665395 Tracked 65546384
0.137671 0.1330899 2.667833 Tracked 65546416
0.1336425 0.1445942 2.668335 Tracked 65546450
0.1291094 0.1587772 2.670173 Tracked 65546484
0.1234656 0.1710109 2.670395 Tracked 65546515
0.1204955 0.1782376 2.670692 Tracked 65546550
0.1185409 0.1844823 2.671522 Tracked 65546582
0.1166149 0.19031 2.672967 Tracked 65546617
0.1145496 0.1941395 2.673783 Tracked 65546650
0.1103275 0.2012659 2.677 Tracked 65546684
0.1075914 0.2033883 2.678106 Tracked 65546715
0.1042771 0.2055117 2.679143 Tracked 65546749
0.1014265 0.2069801 2.679939 Tracked 65546784
0.09806562 0.2078394 2.680155 Tracked 65546815
0.09414244 0.2087042 2.681015 Tracked 65546849
0.09087124 0.2098101 2.682403 Tracked 65546883
0.08652927 0.2106751 2.683076 Tracked 65546915
0.08309376 0.2116658 2.684543 Tracked 65546950
0.08023112 0.2120668 2.685033 Tracked 65546983
0.07641361 0.2129468 2.685841 Tracked 65547017
0.07210304 0.2136202 2.687027 Tracked 65547049
0.06919532 0.213709 2.688494 Tracked 65547083
0.06518719 0.2141867 2.68989 Tracked 65547115
0.06287833 0.2143661 2.690437 Tracked 65547149
0.05954769 0.2147308 2.691515 Tracked 65547182
0.05538178 0.2157097 2.69256 Tracked 65547217
0.05236875 0.2165739 2.693616 Tracked 65547248
0.04850733 0.2165367 2.694508 Tracked 65547280
0.04532776 0.2173937 2.695271 Tracked 65547314
0.04130393 0.2181005 2.696602 Tracked 65547351
0.03791862 0.2187465 2.697362 Tracked 65547383
0.03361595 0.2188257 2.698566 Tracked 65547417
0.02912021 0.2179742 2.698951 Tracked 65547451
0.02473729 0.2178802 2.700285 Tracked 65547483
0.02169928 0.2148876 2.701356 Tracked 65547515
0.01775077 0.2156622 2.703133 Tracked 65547550
0.0146342 0.2149389 2.703586 Tracked 65547582
0.01137444 0.2146182 2.704724 Tracked 65547612
0.006813542 0.2129936 2.705959 Tracked 65547646
0.004259462 0.2117027 2.705966 Tracked 65547678
0.0007769698 0.2093932 2.707057 Tracked 65547710
-0.003670108 0.2053834 2.706947 Tracked 65547747
-0.008754829 0.201724 2.707832 Tracked 65547781
-0.01487933 0.1949515 2.708105 Tracked 65547814
-0.01970357 0.1843943 2.709072 Tracked 65547849
-0.02314229 0.1748306 2.708333 Tracked 65547882
-0.02894174 0.1591987 2.708544 Tracked 65547915
-0.03629252 0.1403525 2.710326 Tracked 65547948
-0.03580056 0.1228017 2.708623 Tracked 65547981
-0.03642187 0.1009722 2.708754 Tracked 65548014
-0.03875289 0.082907 2.708295 Tracked 65548048
-0.04022347 0.06621949 2.706834 Tracked 65548082
-0.04469065 0.04664481 2.708482 Tracked 65548114
-0.04699827 0.02729764 2.709471 Tracked 65548148
-0.04611634 0.02484771 2.710421 Tracked 65548182
-0.04347216 -0.0142112 2.70781 Tracked 65548213
-0.04408722 -0.0206993 2.705527 Tracked 65548248
-0.04210673 -0.02023684 2.710797 Tracked 65548282
-0.03076935 -0.05278952 2.707699 Tracked 65548314
-0.02777402 -0.05541173 2.705768 Tracked 65548348
-0.01526204 -0.06508812 2.708876 Tracked 65548382
-0.01099218 -0.06801014 2.710052 Tracked 65548414
-0.007245812 -0.07125683 2.712428 Tracked 65548449
-0.00687199 -0.07200168 2.712018 Tracked 65548481
-0.005269684 -0.07511818 2.71115 Tracked 65548514
-0.003872825 -0.07570823 2.711223 Tracked 65548549
-0.001975777 -0.07593034 2.711957 Tracked 65548582
-0.001552441 -0.07547113 2.711467 Tracked 65548613
-0.001452842 -0.07420775 2.710325 Tracked 65548649
-0.002868038 -0.06338914 2.70798 Tracked 65548680
-0.002075849 -0.05102064 2.701551 Tracked 65548714
0.0002299815 -0.03640904 2.696656 Tracked 65548748
-0.006342953 -0.0221207 2.694775 Tracked 65548781
-0.009861213 -0.01539084 2.694446 Tracked 65548810
-0.01976016 -0.002969799 2.692816 Tracked 65548847
-0.03134035 0.003419958 2.694687 Tracked 65548881
-0.0338036 0.02282989 2.693264 Tracked 65548914
-0.03391242 0.04213006 2.694885 Tracked 65548949
-0.02944992 0.07108825 2.692796 Tracked 65548982
-0.02711353 0.09143119 2.691063 Tracked 65549014
-0.0271275 0.101787 2.688832 Tracked 65549048
-0.02094462 0.125447 2.689274 Tracked 65549081
-0.01803973 0.1345287 2.688738 Tracked 65549115
-0.01348722 0.1498022 2.686644 Tracked 65549148
-0.01088045 0.1577497 2.685197 Tracked 65549182
-0.007400652 0.1654219 2.683809 Tracked 65549213
-0.003565384 0.1725994 2.68301 Tracked 65549249
0.0001242386 0.1785777 2.682839 Tracked 65549282
0.003780662 0.1842814 2.681976 Tracked 65549313
0.007257833 0.1890547 2.681941 Tracked 65549348
0.01101337 0.1919006 2.680574 Tracked 65549382
0.01368784 0.1943891 2.679283 Tracked 65549413
0.01662259 0.1966181 2.679012 Tracked 65549448
0.01970859 0.1991474 2.677848 Tracked 65549481
0.02240763 0.200936 2.677075 Tracked 65549513
0.02537805 0.2026845 2.676255 Tracked 65549548
0.02788798 0.2042166 2.67581 Tracked 65549579
0.03079548 0.2052391 2.674736 Tracked 65549613
0.03269558 0.2060654 2.674173 Tracked 65549649
0.0356145 0.2066411 2.673287 Tracked 65549681
0.03770463 0.2073545 2.673039 Tracked 65549714
0.03944871 0.2082582 2.673241 Tracked 65549748
0.04063156 0.2087103 2.672717 Tracked 65549783
0.04239445 0.2093799 2.672 Tracked 65549814
0.04436956 0.2103614 2.671766 Tracked 65549848
0.04571568 0.2107769 2.671463 Tracked 65549882
0.04672606 0.2109655 2.671229 Tracked 65549913
0.04767938 0.210854 2.67058 Tracked 65549948
0.04841302 0.2105991 2.670283 Tracked 65549983
0.04934787 0.2104079 2.669915 Tracked 65550014
0.05035314 0.209912 2.669881 Tracked 65550048
0.05170383 0.207771 2.669319 Tracked 65550084
0.05358418 0.2050671 2.668974 Tracked 65550113
0.05546635 0.200802 2.668858 Tracked 65550149
0.05701103 0.1950926 2.668945 Tracked 65550181
0.05814004 0.1867503 2.669129 Tracked 65550214
0.06210594 0.1924708 2.645778 Tracked 65550249
0.06285328 0.1897139 2.64196 Tracked 65550281
0.06303702 0.1794502 2.636551 Tracked 65550314
0.0641716 0.1614585 2.634398 Tracked 65550348
0.0645373 0.1481662 2.639771 Tracked 65550381
0.06482682 0.1281679 2.641263 Tracked 65550413
0.06570392 0.1122298 2.645461 Tracked 65550448
0.06524609 0.07814335 2.638795 Tracked 65550482
0.06319642 0.06294084 2.63995 Tracked 65550514
0.06194505 0.03920094 2.642367 Tracked 65550549
0.0625596 0.003789285 2.637824 Tracked 65550582
0.04818542 -0.03772394 2.623899 Tracked 65550615
0.04532998 -0.03709142 2.630609 Tracked 65550650
0.04710817 -0.0545064 2.647378 Tracked 65550679
0.04355647 -0.0416177 2.664272 Tracked 65550709
0.06432015 -0.04306539 2.721164 Tracked 65550744
0.02257448 -0.1266835 2.659299 Tracked 65550777
0.09155408 -0.05052954 2.749653 Tracked 65550810
0.0670613 -0.1023562 2.571209 Tracked 65550844
0.106115 -0.1103982 2.583714 Tracked 65550878
0.1041278 -0.09900311 2.609766 Tracked 65550911
0.1067225 -0.09900104 2.609584 Tracked 65550948
0.09669096 -0.06617894 2.695453 Tracked 65550981
0.09642965 -0.06759913 2.69375 Tracked 65551015
0.02999063 -0.1552127 2.613247 Tracked 65551048
0.03447741 -0.1116969 2.614529 Tracked 65551083
0.04668669 -0.03478975 2.693083 Tracked 65551114
0.06323899 -0.08357131 2.662279 Tracked 65551149
0.06372566 -0.08053656 2.661988 Tracked 65551181
0.05826992 -0.05201939 2.653558 Tracked 65551214
0.05328514 0.01288293 2.663467 Tracked 65551248
0.05488618 0.02568355 2.66542 Tracked 65551281
0.05951497 0.06520549 2.672932 Tracked 65551313
0.0600488 0.0783878 2.674852 Tracked 65551349
0.05862474 0.1030065 2.677316 Tracked 65551381
0.05997277 0.1136162 2.669752 Tracked 65551414
0.06198243 0.1335118 2.668028 Tracked 65551448
0.06371779 0.152392 2.669925 Tracked 65551481
0.06034853 0.1516834 2.702354 Tracked 65551515
0.05951647 0.1549309 2.705256 Tracked 65551549
0.0588828 0.1621189 2.708447 Tracked 65551580
0.05807504 0.169712 2.71167 Tracked 65551614
0.05715278 0.1797991 2.715212 Tracked 65551648
0.05692449 0.1858401 2.716611 Tracked 65551681
0.05652367 0.1901364 2.718771 Tracked 65551714
0.05591623 0.194358 2.720995 Tracked 65551749
0.05572828 0.1972436 2.722978 Tracked 65551781
0.05553275 0.2001579 2.724406 Tracked 65551814
0.0555341 0.2016299 2.725392 Tracked 65551848
0.05520925 0.2036261 2.727849 Tracked 65551882
0.05486832 0.2046146 2.729671 Tracked 65551915
0.05457955 0.2054146 2.731632 Tracked 65551949
0.05453986 0.2060092 2.732686 Tracked 65551981
0.05426241 0.2066047 2.734449 Tracked 65552014
0.05393925 0.2072197 2.735708 Tracked 65552049
0.05373871 0.2080308 2.737488 Tracked 65552081
0.05348159 0.2089485 2.739257 Tracked 65552113
0.05322906 0.2094674 2.740357 Tracked 65552150
0.05281844 0.2103896 2.74226 Tracked 65552181
0.0525814 0.2109199 2.74283 Tracked 65552216
0.05250665 0.2111565 2.74373 Tracked 65552251
0.05237801 0.2114981 2.744199 Tracked 65552298
0.05223291 0.2117264 2.744547 Tracked 65552322
0.05201771 0.2121016 2.745226 Tracked 65552347
0.05185404 0.2121447 2.745516 Tracked 65552380
0.05170076 0.2121909 2.745759 Tracked 65552417
0.05156357 0.2121854 2.745833 Tracked 65552452
0.05124304 0.2120845 2.745818 Tracked 65552485
0.05105765 0.2119346 2.745836 Tracked 65552517
0.0508489 0.21159 2.745812 Tracked 65552554
0.05055846 0.210887 2.745592 Tracked 65552588
0.05036367 0.2089147 2.744431 Tracked 65552614
0.05012422 0.2061777 2.743901 Tracked 65552647
0.05009834 0.2020882 2.743047 Tracked 65552680
0.0495648 0.196828 2.741447 Tracked 65552713
0.04919019 0.1919306 2.740436 Tracked 65552747
0.04906252 0.1857449 2.738732 Tracked 65552780
0.04958021 0.1779639 2.736493 Tracked 65552813
0.0516203 0.1846364 2.701662 Tracked 65552847
0.05123555 0.1822037 2.697548 Tracked 65552880
0.051528 0.1725191 2.692138 Tracked 65552912
0.05165294 0.157925 2.686043 Tracked 65552947
0.05185486 0.1473253 2.689637 Tracked 65552981
0.05128911 0.1244298 2.693617 Tracked 65553013
0.05113205 0.1191806 2.695608 Tracked 65553047
0.04948232 0.1070628 2.694082 Tracked 65553080
0.04781029 0.07895185 2.688982 Tracked 65553112
0.04695674 0.06018909 2.693115 Tracked 65553148
0.04417094 0.02886304 2.680321 Tracked 65553180
0.04855729 -0.0239059 2.670649 Tracked 65553214
0.04763361 -0.02248276 2.6734 Tracked 65553247
0.03794611 -0.08574986 2.652181 Tracked 65553280
0.01157956 -0.06915275 2.69469 Tracked 65553312
0.01552019 -0.1250443 2.6616 Tracked 65553347
0.01460015 -0.1300715 2.658457 Tracked 65553380
0.09836223 -0.06060567 2.672296 Tracked 65553414
0.09777354 -0.06014941 2.672612 Tracked 65553448
0.09775012 -0.06084414 2.675355 Tracked 65553481
0.08742511 -0.09372002 2.633907 Tracked 65553513
0.0870304 -0.0933289 2.633504 Tracked 65553547
0.08654982 -0.09275754 2.633329 Tracked 65553580
0.08487363 -0.09286765 2.631099 Tracked 65553614
0.08039653 -0.09345686 2.626805 Tracked 65553648
0.09328046 -0.09255164 2.61514 Tracked 65553681
0.09664533 -0.05776722 2.668012 Tracked 65553712
0.0709853 -0.06627665 2.624677 Tracked 65553747
-0.02172323 -0.1211789 2.683075 Tracked 65553780
0.02626737 -0.1376679 2.637479 Tracked 65553813
0.04876399 -0.07377443 2.661348 Tracked 65553848
0.04903429 -0.06068495 2.650705 Tracked 65553880
0.05488907 0.004186546 2.651943 Tracked 65553913
0.0530265 0.02313222 2.655624 Tracked 65553947
0.05288572 0.05664492 2.657914 Tracked 65553980
0.05235635 0.07774867 2.659179 Tracked 65554013
0.05412735 0.09885976 2.660794 Tracked 65554046
0.05546739 0.1136793 2.648646 Tracked 65554081
0.05659185 0.1338247 2.64709 Tracked 65554112
0.05628948 0.1528364 2.647842 Tracked 65554146
0.05525193 0.1510426 2.673567 Tracked 65554181
0.05530734 0.1545554 2.677792 Tracked 65554213
0.05449189 0.1627985 2.682382 Tracked 65554246
0.05459538 0.1720892 2.685379 Tracked 65554280
0.05445431 0.178339 2.686475 Tracked 65554314
0.05445777 0.1852751 2.689035 Tracked 65554347
0.05455348 0.1906413 2.690563 Tracked 65554380
0.05473188 0.1951299 2.69346 Tracked 65554413
0.05458944 0.1984746 2.694303 Tracked 65554447
0.05465709 0.2009529 2.696254 Tracked 65554481
0.05489288 0.2029564 2.698243 Tracked 65554512
0.0548421 0.2051344 2.70113 Tracked 65554547
0.05489746 0.2061286 2.702379 Tracked 65554580
0.05504597 0.2073642 2.703529 Tracked 65554613
0.0551789 0.2082561 2.704667 Tracked 65554647
0.05506743 0.2090094 2.705849 Tracked 65554680
0.05531015 0.2096919 2.706641 Tracked 65554715
0.05548713 0.2102214 2.707338 Tracked 65554747
0.05562121 0.2109886 2.708271 Tracked 65554780
0.05558456 0.2114409 2.708823 Tracked 65554813
0.0556445 0.2117798 2.709312 Tracked 65554847
0.05539302 0.2123488 2.710172 Tracked 65554880
0.05544323 0.2127956 2.710435 Tracked 65554914
0.05529372 0.213271 2.711024 Tracked 65554947
0.05533734 0.2138098 2.711381 Tracked 65554980
0.055277 0.2145851 2.711651 Tracked 65555013
0.05515098 0.2148285 2.711612 Tracked 65555045
0.0550199 0.2151327 2.7116 Tracked 65555080
0.05487546 0.2154315 2.711177 Tracked 65555112
0.05460311 0.215509 2.710938 Tracked 65555147
0.05436285 0.2154352 2.710536 Tracked 65555180
0.05402964 0.2154107 2.709558 Tracked 65555212
0.05370888 0.2149006 2.708341 Tracked 65555247
0.05330997 0.2130931 2.707201 Tracked 65555280
0.05309143 0.2104759 2.705978 Tracked 65555312
0.05290054 0.2050158 2.703813 Tracked 65555349
0.05246219 0.1950248 2.700116 Tracked 65555380
0.05282781 0.1860366 2.697749 Tracked 65555413
0.05419537 0.1728427 2.696059 Tracked 65555447
0.05590067 0.1736795 2.666256 Tracked 65555480
0.05585032 0.1666891 2.662561 Tracked 65555513
0.05597665 0.1481039 2.656657 Tracked 65555548
0.05503722 0.1276544 2.657969 Tracked 65555580
0.05359269 0.1076941 2.663417 Tracked 65555613
0.05177096 0.0902349 2.665098 Tracked 65555646
0.05185282 0.05927449 2.663505 Tracked 65555683
0.04997397 0.03788681 2.667948 Tracked 65555715
0.04943969 -0.005831944 2.661407 Tracked 65555750
0.0499262 -0.06500566 2.636354 Tracked 65555784
0.05326113 -0.06659278 2.650602 Tracked 65555815
0.04130922 -0.06392461 2.667963 Tracked 65555850
0.0368116 -0.09389613 2.68163 Tracked 65555883
0.05631977 -0.1589193 2.678153 Tracked 65555915
0.05492396 -0.163729 2.683622 Tracked 65555949
0.09716751 -0.03084018 2.635882 Tracked 65555983
0.1264769 -0.1054855 2.75856 Tracked 65556016
0.03407321 -0.05856846 2.6889 Tracked 65556051
0.03420547 -0.05812972 2.689485 Tracked 65556083
0.0427518 -0.05903406 2.689367 Tracked 65556115
0.1161691 -0.08379395 2.727071 Tracked 65556151
-0.01701964 -0.1020864 2.621718 Tracked 65556183
0.009143014 -0.1322428 2.657049 Tracked 65556216
0.04131303 -0.1026801 2.685054 Tracked 65556249
0.04155045 -0.1016992 2.682591 Tracked 65556283
0.04187769 -0.08456453 2.673528 Tracked 65556315
0.04988535 -0.05546208 2.664444 Tracked 65556350
0.04865461 -0.002805378 2.673486 Tracked 65556383
0.04884723 0.01519863 2.677421 Tracked 65556415
0.05057139 0.0469287 2.679861 Tracked 65556453
0.05118849 0.06745631 2.677668 Tracked 65556482
0.0514098 0.09173722 2.679387 Tracked 65556515
0.05279091 0.1039118 2.66952 Tracked 65556550
0.05358521 0.1216912 2.665816 Tracked 65556582
0.05377017 0.1397552 2.665895 Tracked 65556618
0.05125824 0.1399994 2.686309 Tracked 65556652
0.0503198 0.1446981 2.69036 Tracked 65556678
0.04985505 0.1526951 2.694315 Tracked 65556712
0.04886252 0.1609956 2.695858 Tracked 65556751
0.04826002 0.1698162 2.696508 Tracked 65556785
0.04841087 0.177673 2.696835 Tracked 65556818
0.04826436 0.1843021 2.698224 Tracked 65556853
0.0480152 0.1885332 2.698457 Tracked 65556885
0.0473432 0.1924728 2.69902 Tracked 65556919
0.04751529 0.1966568 2.700281 Tracked 65556948
0.04720611 0.1992699 2.701123 Tracked 65556981
0.04689488 0.2015667 2.701746 Tracked 65557013
0.04693569 0.2035396 2.702111 Tracked 65557047
0.04694173 0.2050164 2.702549 Tracked 65557081
0.04694849 0.2060581 2.70311 Tracked 65557113
0.04674585 0.2069155 2.703263 Tracked 65557147
0.04676529 0.2082163 2.703519 Tracked 65557181
0.04678595 0.2086253 2.703557 Tracked 65557213
0.04688282 0.2089963 2.70363 Tracked 65557247
0.04700864 0.2093396 2.703644 Tracked 65557288
0.04700001 0.2097296 2.703617 Tracked 65557317
0.04718523 0.2101665 2.703273 Tracked 65557349
0.0473677 0.2106315 2.702959 Tracked 65557380
0.04750916 0.2112463 2.702763 Tracked 65557412
0.04779414 0.2119553 2.70213 Tracked 65557447
0.04812206 0.2122489 2.701751 Tracked 65557480
0.04844774 0.2125546 2.701186 Tracked 65557514
0.04897418 0.2127359 2.700579 Tracked 65557544
0.04928503 0.2125362 2.700147 Tracked 65557578
0.0496669 0.2116314 2.699265 Tracked 65557612
0.05002509 0.209484 2.697879 Tracked 65557649
0.05119941 0.2053892 2.697125 Tracked 65557680
0.0519137 0.1991539 2.695226 Tracked 65557717
0.05188606 0.1897758 2.693268 Tracked 65557753
0.05313424 0.1808774 2.691722 Tracked 65557785
0.05481122 0.1688976 2.691482 Tracked 65557818
0.05598642 0.14967 2.691174 Tracked 65557851
0.05792177 0.1500149 2.674691 Tracked 65557885
0.05861341 0.1414574 2.66889 Tracked 65557918
0.05914988 0.1179464 2.661891 Tracked 65557955
0.0579346 0.1012027 2.665419 Tracked 65557982
0.05752545 0.0839916 2.667845 Tracked 65558014
0.05688559 0.0546011 2.668076 Tracked 65558047
0.05510849 0.03412218 2.671995 Tracked 65558085
0.05554767 -0.004088708 2.669289 Tracked 65558117
0.0536722 -0.02214351 2.669606 Tracked 65558155
0.05234743 -0.03197601 2.681063 Tracked 65558182
0.06075582 -0.08065867 2.679252 Tracked 65558212
0.04890864 -0.09394766 2.679481 Tracked 65558246
0.04308665 -0.1158288 2.686215 Tracked 65558280
0.03758358 -0.1367501 2.689396 Tracked 65558313
0.04518074 -0.1237607 2.769007 Tracked 65558348
0.0428688 -0.1232295 2.780882 Tracked 65558380
0.1116423 -0.1115887 2.822002 Tracked 65558413
0.03551088 -0.1456019 2.710206 Tracked 65558447
-0.01372294 -0.2848629 2.613928 Tracked 65558481
-0.01003786 -0.2854578 2.616842 Tracked 65558513
0.05420982 -0.1414585 2.697277 Tracked 65558548
0.05017255 -0.1342612 2.691838 Tracked 65558582
0.04513861 -0.1128668 2.687429 Tracked 65558614
0.04917313 -0.0748963 2.694108 Tracked 65558647
0.05258546 -0.03842542 2.692917 Tracked 65558681
0.05349866 -0.03415286 2.684397 Tracked 65558713
0.05324257 0.006594646 2.683406 Tracked 65558747
0.05587125 0.02212459 2.681988 Tracked 65558780
0.05859592 0.04181671 2.679039 Tracked 65558813
0.06030393 0.0663854 2.679453 Tracked 65558847
0.0622273 0.08391164 2.677838 Tracked 65558880
0.0649268 0.1016609 2.669691 Tracked 65558914
0.06641651 0.1210387 2.669616 Tracked 65558947
0.06397866 0.1220157 2.689959 Tracked 65558980
0.06405751 0.1281914 2.694059 Tracked 65559013
0.06512213 0.1416848 2.69676 Tracked 65559047
0.06590745 0.152015 2.698077 Tracked 65559080
0.06661607 0.1607073 2.69968 Tracked 65559114
0.06746016 0.1687592 2.699598 Tracked 65559147
0.06775526 0.1750153 2.699669 Tracked 65559181
0.06825552 0.181651 2.700376 Tracked 65559214
0.06851931 0.1851646 2.700878 Tracked 65559248
0.06871525 0.1885936 2.701044 Tracked 65559281
0.06921885 0.190551 2.701175 Tracked 65559315
0.069975 0.1936854 2.701875 Tracked 65559347
0.07016489 0.1955488 2.702175 Tracked 65559381
0.0704267 0.1965138 2.70194 Tracked 65559414
0.07075982 0.1976981 2.701628 Tracked 65559447
0.07151646 0.1990462 2.701242 Tracked 65559481
0.07193822 0.2001828 2.700366 Tracked 65559514
0.07230217 0.200941 2.699913 Tracked 65559547
0.07246628 0.2017608 2.699373 Tracked 65559580
0.07249825 0.2030664 2.69832 Tracked 65559614
0.07266711 0.2034771 2.69762 Tracked 65559648
0.07314488 0.2039689 2.697019 Tracked 65559681
0.07315145 0.2043617 2.696355 Tracked 65559714
0.07343138 0.204906 2.695333 Tracked 65559748
0.07358369 0.2054535 2.694552 Tracked 65559781
0.07399185 0.2058754 2.693627 Tracked 65559814
0.07477365 0.2065202 2.692821 Tracked 65559849
0.07542289 0.2069152 2.69196 Tracked 65559880
0.07630482 0.2071045 2.691498 Tracked 65559913
0.07760108 0.2074362 2.691124 Tracked 65559947
0.07927798 0.2079081 2.690779 Tracked 65559980
0.07932802 0.2077368 2.690841 Tracked 65560013
0.08277884 0.2081741 2.689867 Tracked 65560048
0.08535495 0.2088282 2.689897 Tracked 65560080
0.08815344 0.2092654 2.690708 Tracked 65560114
0.09077168 0.2103108 2.690114 Tracked 65560148
0.09472838 0.2113796 2.690747 Tracked 65560181
0.09775418 0.2133594 2.691635 Tracked 65560213
0.1002223 0.2144044 2.692786 Tracked 65560247
0.1035775 0.214898 2.694355 Tracked 65560280
0.1052977 0.2160234 2.695169 Tracked 65560314
0.1076938 0.2162309 2.696318 Tracked 65560347
0.1108459 0.2172256 2.699153 Tracked 65560381
0.1116886 0.2179355 2.699633 Tracked 65560414
0.1126785 0.2184121 2.700709 Tracked 65560448
0.1162056 0.2228016 2.705422 Tracked 65560481
0.1167241 0.2236754 2.706557 Tracked 65560513
0.1174855 0.2233501 2.707364 Tracked 65560548
0.1182664 0.2239005 2.708036 Tracked 65560581
0.1194318 0.2235889 2.709358 Tracked 65560614
0.1209693 0.2239441 2.710943 Tracked 65560647
0.122856 0.2223295 2.711965 Tracked 65560681
0.124414 0.2224167 2.71338 Tracked 65560713
0.125664 0.2204033 2.713818 Tracked 65560747
0.1272678 0.2183533 2.714447 Tracked 65560781
0.1304512 0.2134378 2.715749 Tracked 65560814
0.1317304 0.21146 2.715967 Tracked 65560848
0.1351151 0.2079944 2.715691 Tracked 65560882
0.1405624 0.2003863 2.716546 Tracked 65560915
0.1449083 0.194049 2.71536 Tracked 65560945
0.1472369 0.1853527 2.71518 Tracked 65560979
0.1504883 0.1753812 2.714666 Tracked 65561012
0.1558059 0.1609427 2.7133 Tracked 65561046
0.1588191 0.1432327 2.711519 Tracked 65561079
0.1714172 0.1264563 2.710683 Tracked 65561111
0.1778432 0.1120639 2.70963 Tracked 65561146
0.1788366 0.08703807 2.711184 Tracked 65561178
0.1841644 0.05541692 2.706397 Tracked 65561208
0.1860511 0.04033948 2.707835 Tracked 65561245
0.1812126 0.03211014 2.704001 Tracked 65561281
0.1865055 0.01202721 2.706686 Tracked 65561315
0.1877484 -0.002205805 2.70613 Tracked 65561350
0.1908972 -0.01570346 2.707979 Tracked 65561380
0.1929885 -0.02504086 2.708401 Tracked 65561415
0.1911207 -0.05102056 2.708502 Tracked 65561448
0.1892087 -0.05752568 2.710563 Tracked 65561483
0.1850834 -0.06389708 2.710592 Tracked 65561514
0.1840163 -0.07098218 2.710081 Tracked 65561550
0.1852887 -0.07417309 2.711382 Tracked 65561581
0.1831978 -0.08011647 2.710449 Tracked 65561615
0.1825899 -0.08409505 2.710285 Tracked 65561649
0.1817101 -0.08490738 2.71026 Tracked 65561680
0.1816835 -0.08495589 2.710212 Tracked 65561709
0.1815673 -0.08453113 2.710144 Tracked 65561748
0.1815416 -0.07231629 2.712409 Tracked 65561783
0.1800158 -0.05781123 2.71277 Tracked 65561815
0.1805676 -0.03835854 2.712173 Tracked 65561849
0.1827264 -0.03359567 2.709617 Tracked 65561882
0.1893239 -0.01486646 2.70691 Tracked 65561914
0.190727 0.0006348547 2.704409 Tracked 65561948
0.1894885 0.01894708 2.70126 Tracked 65561983
0.187248 0.0443695 2.7013 Tracked 65562013
0.1883118 0.06648684 2.699644 Tracked 65562046
0.1862937 0.07968949 2.698825 Tracked 65562087
0.1847535 0.104872 2.700816 Tracked 65562119
0.1830814 0.1208611 2.701222 Tracked 65562153
0.1702769 0.1477695 2.699189 Tracked 65562186
0.1679674 0.1583775 2.698748 Tracked 65562220
0.1619371 0.1718131 2.697807 Tracked 65562250
0.1580792 0.1807988 2.696537 Tracked 65562287
0.1556468 0.1885617 2.696368 Tracked 65562317
0.1540588 0.1954338 2.69546 Tracked 65562352
0.1531749 0.2013955 2.696033 Tracked 65562400
0.151312 0.2053005 2.695367 Tracked 65562427
0.1502433 0.2080106 2.695335 Tracked 65562451
0.148545 0.2102044 2.694725 Tracked 65562481
0.1468571 0.2121083 2.69414 Tracked 65562511
0.1451776 0.2165769 2.694501 Tracked 65562548
0.1435838 0.2170154 2.694389 Tracked 65562581
0.1418236 0.2190611 2.693905 Tracked 65562616
0.1390473 0.2214237 2.693291 Tracked 65562647
0.1366639 0.2231096 2.692525 Tracked 65562681
0.132992 0.2224346 2.692202 Tracked 65562714
0.1287909 0.2212887 2.692425 Tracked 65562747
0.1233307 0.220876 2.691646 Tracked 65562781
0.1190201 0.2200557 2.691159 Tracked 65562814
0.1145275 0.2199523 2.691447 Tracked 65562849
0.1098619 0.2195048 2.691804 Tracked 65562881
0.105056 0.2194166 2.692042 Tracked 65562915
0.09863903 0.218776 2.692243 Tracked 65562948
0.09336943 0.2189624 2.693007 Tracked 65562981
0.08841934 0.219365 2.693266 Tracked 65563014
0.08280119 0.2193751 2.693478 Tracked 65563047
0.07668225 0.2199686 2.693848 Tracked 65563081
0.07121231 0.2204528 2.694456 Tracked 65563114
0.06680827 0.2206222 2.694563 Tracked 65563147
0.06142816 0.2204154 2.695017 Tracked 65563181
0.05657069 0.2206668 2.694777 Tracked 65563214
0.05171612 0.2206609 2.694266 Tracked 65563247
0.0469404 0.2218926 2.695127 Tracked 65563281
0.04163153 0.221168 2.695407 Tracked 65563310
0.03702885 0.2220066 2.694954 Tracked 65563345
0.03221759 0.2216323 2.695 Tracked 65563381
0.02453923 0.2248692 2.696579 Tracked 65563416
0.02069464 0.2237671 2.696278 Tracked 65563447
0.0154695 0.2217876 2.696657 Tracked 65563482
0.01131315 0.2208803 2.696674 Tracked 65563514
0.00557087 0.2187652 2.697427 Tracked 65563548
0.0005557546 0.2163908 2.698162 Tracked 65563581
-0.005344852 0.2135492 2.698863 Tracked 65563615
-0.01151206 0.2065337 2.698956 Tracked 65563647
-0.01759281 0.198191 2.697967 Tracked 65563679
-0.0224697 0.1908332 2.698363 Tracked 65563709
-0.02937065 0.1816288 2.696723 Tracked 65563742
-0.03473759 0.1732345 2.696199 Tracked 65563776
-0.04389894 0.1559085 2.694449 Tracked 65563811
-0.04692769 0.144062 2.693216 Tracked 65563848
-0.0498161 0.1261652 2.69259 Tracked 65563881
-0.04960242 0.1141003 2.690615 Tracked 65563913
-0.05443417 0.0883534 2.688234 Tracked 65563947
-0.05347706 0.07443381 2.6876 Tracked 65563981
-0.05320431 0.06287291 2.687541 Tracked 65564015
-0.05294577 0.04173831 2.685783 Tracked 65564048
-0.05006989 0.03121292 2.684312 Tracked 65564081
-0.04381746 0.006734241 2.67923 Tracked 65564111
-0.04088206 -0.009862831 2.677203 Tracked 65564147
-0.03753583 -0.03070106 2.670373 Tracked 65564181
-0.03077252 -0.04872318 2.670993 Tracked 65564215
-0.02569048 -0.05387283 2.672953 Tracked 65564248
-0.02205092 -0.05866796 2.673246 Tracked 65564281
-0.01587135 -0.0646531 2.673876 Tracked 65564314
-0.02169021 -0.08834364 2.673414 Tracked 65564348
-0.01692542 -0.08272734 2.676476 Tracked 65564381
-0.01475332 -0.08147392 2.676322 Tracked 65564412
-0.009123977 -0.07721754 2.678411 Tracked 65564448
-0.007672173 -0.07697895 2.676176 Tracked 65564482
-0.006075351 -0.07185297 2.675752 Tracked 65564511
-0.001757305 -0.06391153 2.676124 Tracked 65564550
-0.0007311393 -0.04841968 2.677882 Tracked 65564581
-0.004216336 -0.03671508 2.675577 Tracked 65564611
-0.01281364 -0.02874565 2.67119 Tracked 65564648
-0.02070285 -0.0107658 2.671376 Tracked 65564682
-0.02449051 0.004988324 2.670105 Tracked 65564714
-0.02709196 0.01899728 2.670475 Tracked 65564747
-0.02856105 0.04270307 2.667653 Tracked 65564781
-0.02703234 0.0636166 2.667831 Tracked 65564815
-0.02394866 0.09359173 2.669563 Tracked 65564848
-0.0213386 0.1110654 2.670118 Tracked 65564881
-0.01611495 0.12963 2.671923 Tracked 65564911
-0.01398113 0.1431487 2.672675 Tracked 65564945
-0.01022318 0.1559617 2.673333 Tracked 65564982
-0.006157852 0.1663087 2.674876 Tracked 65565014
-0.00610342 0.1693065 2.672893 Tracked 65565048
0.001385438 0.1831536 2.673455 Tracked 65565081
0.005212484 0.1903262 2.674322 Tracked 65565115
0.008355551 0.1943036 2.67401 Tracked 65565148
0.01090842 0.1969262 2.673798 Tracked 65565182
0.01414507 0.2000742 2.67441 Tracked 65565214
0.01705659 0.2030555 2.673802 Tracked 65565249
0.02013043 0.2056317 2.673885 Tracked 65565282
0.02232542 0.2071205 2.673016 Tracked 65565311
0.024783 0.208204 2.672467 Tracked 65565348
0.02797007 0.2100514 2.67223 Tracked 65565381
0.03027789 0.2107221 2.67152 Tracked 65565413
0.03281001 0.211669 2.671021 Tracked 65565448
0.0359827 0.21202 2.669981 Tracked 65565481
0.03901465 0.2123314 2.668818 Tracked 65565511
0.04192763 0.2119507 2.667739 Tracked 65565546
0.04473783 0.2113629 2.666454 Tracked 65565581
0.04753887 0.2106352 2.665408 Tracked 65565612
0.0498457 0.2099738 2.664872 Tracked 65565648
0.0518494 0.2097446 2.664473 Tracked 65565680
0.05404696 0.2093242 2.664022 Tracked 65565711
0.05665842 0.2087976 2.663329 Tracked 65565748
