0.01510555 0.3150726 2.045465 Tracked 64062120
0.01507442 0.315218 2.045342 Tracked 64062153
0.01495062 0.3154285 2.044989 Tracked 64062186
0.01469864 0.3156926 2.044748 Tracked 64062219
0.01450165 0.3161011 2.044444 Tracked 64062254
0.01416362 0.3166624 2.043725 Tracked 64062287
0.01392009 0.3171924 2.042964 Tracked 64062319
0.0136561 0.3178136 2.042053 Tracked 64062354
0.01309407 0.3182361 2.040904 Tracked 64062387
0.01249251 0.3184029 2.039526 Tracked 64062419
0.01208107 0.3181932 2.03849 Tracked 64062453
0.01116782 0.3175243 2.037234 Tracked 64062486
0.01089072 0.3145483 2.034304 Tracked 64062519
0.01012521 0.3071688 2.029511 Tracked 64062554
0.009452418 0.2920183 2.026276 Tracked 64062587
0.007856465 0.2723183 2.023315 Tracked 64062619
0.006160351 0.2506312 2.022313 Tracked 64062654
0.005821988 0.2179124 2.022203 Tracked 64062687
0.007056117 0.2165828 2.031306 Tracked 64062719
0.008854638 0.2023599 2.036612 Tracked 64062754
0.007487985 0.173998 2.040687 Tracked 64062786
0.006774757 0.1550766 2.042986 Tracked 64062819
0.004888612 0.1360161 2.044701 Tracked 64062853
0.002449193 0.1122133 2.044344 Tracked 64062886
-0.001588422 0.06507795 2.044333 Tracked 64062919
-0.02001063 0.05756078 2.044271 Tracked 64062953
-0.02523831 0.04953834 2.044577 Tracked 64062986
-0.03571443 -0.0101079 2.040132 Tracked 64063019
-0.03686676 -0.0156193 2.040613 Tracked 64063053
-0.02536512 -0.07572276 2.038712 Tracked 64063086
-0.03925096 -0.06998324 2.042124 Tracked 64063119
-0.0397086 -0.07029634 2.042019 Tracked 64063153
-0.04319844 -0.06743273 2.041209 Tracked 64063186
-0.04823874 -0.0616177 2.039402 Tracked 64063219
-0.0352664 -0.02429013 2.036109 Tracked 64063254
-0.04332428 -0.01811501 2.035246 Tracked 64063286
-0.04073079 -0.0002106295 2.033177 Tracked 64063319
-0.04969643 0.03289118 2.034584 Tracked 64063356
-0.02056151 0.04662339 2.030346 Tracked 64063387
-0.01349289 0.06923075 2.031497 Tracked 64063418
-0.00837888 0.09399246 2.035345 Tracked 64063454
-0.007824669 0.121997 2.040853 Tracked 64063487
-0.01208404 0.1634317 2.043591 Tracked 64063520
-0.005986057 0.2093936 2.052157 Tracked 64063554
-0.005922852 0.2135387 2.047977 Tracked 64063587
-0.00572202 0.2463745 2.058142 Tracked 64063619
-0.005797714 0.2515527 2.060839 Tracked 64063654
-0.00528705 0.2570208 2.061448 Tracked 64063687
-0.004419574 0.2858025 2.070926 Tracked 64063719
-0.005285605 0.288866 2.063006 Tracked 64063753
0.002000553 0.3057099 2.057889 Tracked 64063786
0.004332006 0.3088112 2.057881 Tracked 64063819
0.006084404 0.3113892 2.059118 Tracked 64063854
0.007526754 0.312501 2.059999 Tracked 64063886
0.008777581 0.3134915 2.061054 Tracked 64063919
0.01039033 0.3141207 2.062429 Tracked 64063954
0.01153386 0.314147 2.063684 Tracked 64063986
0.0123207 0.3142707 2.064694 Tracked 64064019
0.01310087 0.3143607 2.065869 Tracked 64064054
0.01359098 0.3146676 2.066747 Tracked 64064086
0.01426593 0.3149527 2.06843 Tracked 64064119
0.01468189 0.3153898 2.069433 Tracked 64064154
0.01515654 0.3158062 2.070615 Tracked 64064186
0.01545171 0.3164251 2.071282 Tracked 64064219
0.01559788 0.3169423 2.071981 Tracked 64064254
0.01554079 0.3173137 2.0723 Tracked 64064286
0.01550861 0.3175434 2.072585 Tracked 64064319
0.01547826 0.3175359 2.072602 Tracked 64064354
0.01530406 0.317279 2.072456 Tracked 64064386
0.0147477 0.315644 2.071699 Tracked 64064419
0.01367269 0.3069724 2.069504 Tracked 64064453
0.01180396 0.2892834 2.064365 Tracked 64064486
0.01238447 0.2689005 2.063214 Tracked 64064519
0.009622 0.2428917 2.063135 Tracked 64064554
0.01011053 0.2419967 2.06792 Tracked 64064587
0.01062645 0.2329783 2.074191 Tracked 64064619
0.01616836 0.1989646 2.072276 Tracked 64064653
0.01444833 0.1860466 2.072696 Tracked 64064686
0.01226599 0.1684724 2.070992 Tracked 64064719
0.01048708 0.1491946 2.069186 Tracked 64064753
0.009120851 0.1334655 2.067169 Tracked 64064786
0.004370141 0.1059901 2.061775 Tracked 64064819
0.007329555 0.05363332 2.055364 Tracked 64064853
0.01860319 0.03941953 2.050959 Tracked 64064886
0.01624305 0.03040449 2.052088 Tracked 64064919
-0.01752612 -0.02372266 2.041492 Tracked 64064953
-0.0309761 -0.07166675 2.034398 Tracked 64064987
-0.02765767 -0.0849226 2.03378 Tracked 64065019
-0.02520389 -0.08847594 2.035866 Tracked 64065053
-0.02508023 -0.08993415 2.036514 Tracked 64065086
-0.02508644 -0.08993207 2.036515 Tracked 64065119
-0.02544023 -0.08290168 2.037521 Tracked 64065153
-0.02793993 -0.03994275 2.038795 Tracked 64065186
-0.02432307 -0.03443376 2.035767 Tracked 64065219
-0.01396751 -0.01685661 2.029031 Tracked 64065253
0.01622118 0.04544032 2.036323 Tracked 64065285
0.01558721 0.05288557 2.032327 Tracked 64065320
0.01086167 0.1157395 2.041702 Tracked 64065354
0.01025764 0.1370383 2.034794 Tracked 64065386
0.009305673 0.2035229 2.044369 Tracked 64065419
0.008984797 0.2396361 2.047225 Tracked 64065453
0.01145997 0.2487122 2.021871 Tracked 64065486
0.01113644 0.25393 2.025133 Tracked 64065520
0.01169539 0.2710204 2.027517 Tracked 64065554
0.0142903 0.2861132 2.029374 Tracked 64065586
0.01420023 0.2939865 2.029497 Tracked 64065620
0.0150212 0.2989728 2.029986 Tracked 64065654
0.0154559 0.3026571 2.0307 Tracked 64065687
0.01554001 0.3040691 2.031425 Tracked 64065719
0.01578491 0.3053977 2.03247 Tracked 64065753
0.01589303 0.3062672 2.033599 Tracked 64065787
0.01600721 0.3063186 2.0342 Tracked 64065818
0.01639668 0.3065118 2.035561 Tracked 64065854
0.01627691 0.3063467 2.036192 Tracked 64065886
0.01623736 0.3061243 2.037007 Tracked 64065919
0.01604083 0.3058173 2.037849 Tracked 64065953
0.015869 0.3056964 2.038277 Tracked 64065986
0.01571935 0.3057141 2.038577 Tracked 64066020
0.01553978 0.3061255 2.039112 Tracked 64066054
0.01533504 0.3066887 2.03937 Tracked 64066086
0.01489629 0.3076805 2.039522 Tracked 64066119
0.01467848 0.3085705 2.039253 Tracked 64066154
0.01433796 0.3094248 2.038907 Tracked 64066186
0.0141755 0.310083 2.037688 Tracked 64066220
0.01368844 0.3095914 2.034788 Tracked 64066253
0.01255304 0.3067401 2.030912 Tracked 64066286
0.01196028 0.2950936 2.023659 Tracked 64066319
0.0111521 0.2697389 2.017448 Tracked 64066353
0.01118573 0.2399012 2.01479 Tracked 64066386
0.01065316 0.2364278 2.018493 Tracked 64066419
0.01351626 0.2066875 2.022217 Tracked 64066453
0.01404854 0.1634592 2.022474 Tracked 64066486
0.01148331 0.1429561 2.022992 Tracked 64066519
0.01049923 0.1025579 2.022056 Tracked 64066553
0.007397949 0.08042825 2.023557 Tracked 64066586
-0.02227146 0.02359922 2.016838 Tracked 64066619
-0.02347864 0.02049722 2.020515 Tracked 64066653
-0.02748134 -0.0723817 2.01767 Tracked 64066686
-0.02567334 -0.07779363 2.019066 Tracked 64066719
-0.02491401 -0.09565067 2.017742 Tracked 64066753
-0.0290096 -0.1121989 2.01378 Tracked 64066785
0.02998543 -0.1248172 2.006571 Tracked 64066818
0.02999976 -0.1255663 2.002279 Tracked 64066853
0.03017967 -0.1175178 2.007548 Tracked 64066886
0.03176998 -0.1142757 2.010104 Tracked 64066919
0.02870318 -0.05787836 2.021878 Tracked 64066953
0.02605517 -0.05262031 2.019395 Tracked 64066986
0.02889229 -0.006807845 2.025606 Tracked 64067019
0.0313349 -0.0001523105 2.023387 Tracked 64067053
0.02221067 0.02002813 2.018252 Tracked 64067086
0.01215183 0.06874077 2.014322 Tracked 64067119
0.01421176 0.08415812 2.016995 Tracked 64067153
0.01623664 0.1164014 2.010902 Tracked 64067185
0.01508971 0.1933497 2.022146 Tracked 64067219
0.01506658 0.2235264 2.028739 Tracked 64067253
0.01410799 0.2330269 2.01089 Tracked 64067286
0.01480622 0.2397638 2.01205 Tracked 64067319
0.01410516 0.2616871 2.013867 Tracked 64067354
0.01555655 0.2753729 2.014928 Tracked 64067387
0.01634803 0.2935015 2.015615 Tracked 64067419
0.01621201 0.2980285 2.016896 Tracked 64067454
0.01735658 0.3033145 2.018704 Tracked 64067486
0.01779189 0.305242 2.019873 Tracked 64067519
0.01809962 0.306354 2.020761 Tracked 64067553
0.01906215 0.3078238 2.022518 Tracked 64067586
0.01936812 0.308158 2.023328 Tracked 64067619
0.01969529 0.3085534 2.02442 Tracked 64067653
0.02020141 0.3088641 2.025625 Tracked 64067686
0.02031805 0.3088563 2.025984 Tracked 64067720
0.02050359 0.3089695 2.026429 Tracked 64067753
0.02057952 0.3091464 2.026916 Tracked 64067786
0.02066764 0.3094669 2.02742 Tracked 64067819
0.02060136 0.3096795 2.027578 Tracked 64067853
0.02058042 0.3101515 2.027535 Tracked 64067886
0.02035615 0.3106139 2.027654 Tracked 64067919
0.0201794 0.3108179 2.027575 Tracked 64067953
0.02000167 0.3109529 2.027111 Tracked 64067985
0.01924453 0.3106973 2.025382 Tracked 64068019
0.01750752 0.3084174 2.022729 Tracked 64068053
0.01624745 0.3010855 2.019082 Tracked 64068086
0.01452559 0.2800538 2.012974 Tracked 64068119
0.01343523 0.2621472 1.999949 Tracked 64068153
0.01277304 0.2485069 2.011402 Tracked 64068185
0.01537977 0.2128529 2.015221 Tracked 64068219
0.01659941 0.1721141 2.014891 Tracked 64068254
0.0128381 0.1343916 2.012052 Tracked 64068286
0.01242821 0.1020256 2.012768 Tracked 64068320
0.02699639 0.0572044 2.010983 Tracked 64068354
0.02787114 0.001819866 2.010569 Tracked 64068386
0.02760436 0.001861691 2.011035 Tracked 64068419
0.05139949 -0.04916587 2.017421 Tracked 64068453
0.04194028 -0.05871422 2.01666 Tracked 64068486
0.03399495 -0.04843407 2.015356 Tracked 64068519
0.03093102 -0.04261798 2.016088 Tracked 64068554
0.03239843 -0.03000026 2.017807 Tracked 64068586
0.03209722 -0.02660819 2.018234 Tracked 64068619
0.03363726 -0.01230857 2.018384 Tracked 64068653
0.03452801 -0.1127821 2.013162 Tracked 64068686
0.0331195 -0.04552012 2.017468 Tracked 64068719
0.03353576 -0.03879075 2.017334 Tracked 64068753
0.03494015 -0.01649476 2.015917 Tracked 64068786
0.01286988 0.05219942 2.021855 Tracked 64068819
0.008140949 0.07869883 2.021578 Tracked 64068853
0.0109134 0.1082085 2.018213 Tracked 64068886
0.01931981 0.1596412 2.012141 Tracked 64068919
0.01747929 0.1921094 2.016418 Tracked 64068954
0.01536865 0.2528282 2.031964 Tracked 64068986
0.01782641 0.2559734 2.005992 Tracked 64069019
0.01933633 0.2608996 2.009604 Tracked 64069053
0.02226945 0.2752176 2.014792 Tracked 64069086
0.02457404 0.2865072 2.017185 Tracked 64069120
0.02719771 0.295119 2.019863 Tracked 64069168
0.02860221 0.2982198 2.020647 Tracked 64069187
0.03013154 0.300826 2.021456 Tracked 64069219
0.03179265 0.3026816 2.022629 Tracked 64069253
0.03295489 0.3038659 2.023064 Tracked 64069285
0.03392633 0.3047849 2.023656 Tracked 64069320
0.03453276 0.3049377 2.02288 Tracked 64069354
0.03529374 0.3053381 2.023305 Tracked 64069387
0.03591864 0.3056545 2.023524 Tracked 64069420
0.03625077 0.3058897 2.023558 Tracked 64069453
0.03669927 0.3061551 2.023549 Tracked 64069486
0.03693833 0.3063056 2.023407 Tracked 64069519
0.0371556 0.3065861 2.023135 Tracked 64069553
0.03722011 0.306756 2.022728 Tracked 64069587
0.03686799 0.3069193 2.021832 Tracked 64069619
0.03630333 0.306894 2.0206 Tracked 64069653
0.03520876 0.3063037 2.017646 Tracked 64069686
0.03299633 0.3030578 2.012113 Tracked 64069719
0.03087632 0.2921551 2.005331 Tracked 64069753
0.02875833 0.2700321 1.999672 Tracked 64069787
0.02836079 0.2504869 1.986698 Tracked 64069819
0.02787083 0.2389174 2.000538 Tracked 64069853
0.03037521 0.2024322 2.005193 Tracked 64069886
0.02918969 0.1627638 2.001814 Tracked 64069919
0.0245882 0.1313463 2.003998 Tracked 64069953
0.02267477 0.09603323 2.006134 Tracked 64069986
0.01671338 0.08021244 2.00993 Tracked 64070019
-0.023702 0.03052653 2.011545 Tracked 64070053
-0.02600169 0.02479465 2.012769 Tracked 64070087
-0.02088714 -0.07171959 2.001185 Tracked 64070119
-0.01929439 -0.08673336 1.99763 Tracked 64070166
-0.01229984 -0.1063036 1.991713 Tracked 64070187
-0.02112967 -0.09358537 2.003352 Tracked 64070220
-0.02203865 -0.09132992 2.004725 Tracked 64070253
-0.02346073 -0.1613572 1.991747 Tracked 64070285
-0.02369752 -0.1611263 1.991502 Tracked 64070318
-0.02506897 -0.1422008 1.994602 Tracked 64070352
-0.03005275 -0.06403694 2.02589 Tracked 64070385
-0.03153797 -0.05371167 2.023995 Tracked 64070418
-0.0313805 -0.02678975 2.025608 Tracked 64070453
-0.01681693 0.01019563 2.019838 Tracked 64070486
0.004464152 0.03657524 2.013583 Tracked 64070520
0.005135676 0.08650485 2.018003 Tracked 64070553
0.01117001 0.1071518 2.019487 Tracked 64070586
0.01256276 0.1482965 2.018389 Tracked 64070619
0.01155678 0.1531728 2.021539 Tracked 64070653
0.01356466 0.2216332 2.001436 Tracked 64070686
0.013326 0.2293523 2.006608 Tracked 64070719
0.01417455 0.253975 2.01176 Tracked 64070753
0.01395021 0.2699297 2.013221 Tracked 64070786
0.01465358 0.2872248 2.014454 Tracked 64070820
0.01541517 0.2990104 2.016337 Tracked 64070854
0.01590701 0.3037979 2.017815 Tracked 64070887
0.01600105 0.3064961 2.019049 Tracked 64070919
0.01631637 0.3080129 2.02014 Tracked 64070954
0.01661507 0.3092374 2.021845 Tracked 64070987
0.01680831 0.3097415 2.02291 Tracked 64071021
0.01676967 0.3099778 2.023537 Tracked 64071055
0.0167162 0.3101444 2.024524 Tracked 64071087
0.01665252 0.3102105 2.025315 Tracked 64071120
0.01653606 0.3103286 2.02588 Tracked 64071167
0.01640527 0.3104559 2.026138 Tracked 64071188
0.0162782 0.3105682 2.026284 Tracked 64071220
0.0162373 0.3107477 2.026279 Tracked 64071254
0.01623593 0.3110479 2.026166 Tracked 64071288
0.01608851 0.311478 2.026011 Tracked 64071321
0.01587728 0.3120325 2.025338 Tracked 64071354
0.01553768 0.3123381 2.024314 Tracked 64071386
0.01457453 0.3121919 2.021797 Tracked 64071420
0.01321254 0.3103566 2.017933 Tracked 64071454
0.01105748 0.3033352 2.011877 Tracked 64071486
0.007844668 0.2890596 2.006087 Tracked 64071519
0.005746362 0.2580174 2.000964 Tracked 64071554
0.001922618 0.2196669 1.998273 Tracked 64071586
0.003663024 0.2164361 2.00298 Tracked 64071619
0.007961526 0.1752858 2.007768 Tracked 64071653
0.005868864 0.1379839 2.007242 Tracked 64071686
0.005538164 0.09827495 2.009596 Tracked 64071719
0.01997363 0.06810485 2.0102 Tracked 64071753
0.0132751 0.0550719 2.013538 Tracked 64071786
0.004213036 -0.04908769 2.013198 Tracked 64071818
0.0219819 -0.09010864 2.02222 Tracked 64071853
0.01612991 -0.1245328 2.00689 Tracked 64071886
0.02002693 -0.1124834 2.009587 Tracked 64071919
0.04894139 -0.1774674 2.053848 Tracked 64071953
0.04785464 -0.1805905 2.04944 Tracked 64071985
0.0476487 -0.1983502 2.062913 Tracked 64072018
0.0433178 -0.2001284 2.072807 Tracked 64072052
0.01594574 -0.1350757 2.003083 Tracked 64072086
0.02160477 -0.1142865 2.009885 Tracked 64072118
0.009801161 -0.05955908 2.011021 Tracked 64072152
0.01288875 -0.0230341 2.01851 Tracked 64072186
0.01225423 -0.0004168591 2.019125 Tracked 64072219
0.02007275 0.05030928 2.022314 Tracked 64072253
-0.01893602 0.08949672 2.01802 Tracked 64072287
-0.006848951 0.1049094 2.015721 Tracked 64072319
0.001390224 0.1523903 1.996897 Tracked 64072353
-0.0001824278 0.2202886 2.02063 Tracked 64072386
-0.000867188 0.2357989 2.020302 Tracked 64072419
-0.002723268 0.251912 1.997608 Tracked 64072453
-0.002699984 0.2701761 1.993564 Tracked 64072486
-0.002474911 0.277494 1.99915 Tracked 64072519
-0.001813346 0.286043 2.002516 Tracked 64072554
-0.0004856586 0.2943163 2.005038 Tracked 64072586
0.000405799 0.2968808 2.006213 Tracked 64072620
0.0009024183 0.2986339 2.007146 Tracked 64072654
0.001577866 0.3002085 2.008338 Tracked 64072687
0.002379051 0.3009281 2.009143 Tracked 64072719
0.003018412 0.3012799 2.009933 Tracked 64072753
0.003776575 0.3014282 2.0106 Tracked 64072787
0.004944025 0.301447 2.011549 Tracked 64072819
0.005791372 0.3014425 2.012489 Tracked 64072854
0.006449618 0.3014243 2.012778 Tracked 64072886
0.007206987 0.3014578 2.013562 Tracked 64072919
0.007760187 0.3014118 2.013946 Tracked 64072953
0.00816573 0.3015909 2.014375 Tracked 64072986
0.008568943 0.3017066 2.014524 Tracked 64073019
0.008825821 0.3020802 2.014673 Tracked 64073053
0.009053311 0.3024407 2.014491 Tracked 64073085
0.009472334 0.3035366 2.013762 Tracked 64073119
0.009814402 0.305113 2.012811 Tracked 64073153
0.009465274 0.306608 2.011531 Tracked 64073189
0.009124893 0.3083466 2.009094 Tracked 64073219
0.008188192 0.3086089 2.005362 Tracked 64073254
0.006710984 0.3062024 2.000721 Tracked 64073287
0.005252709 0.2943239 1.994796 Tracked 64073320
0.003694734 0.2631453 1.986648 Tracked 64073353
0.001159525 0.2245499 1.984977 Tracked 64073386
0.002342891 0.218267 1.993762 Tracked 64073418
0.006140769 0.1796478 2.002709 Tracked 64073452
0.002945644 0.1335906 2.002871 Tracked 64073487
0.003167053 0.1056144 2.004519 Tracked 64073519
0.001991804 0.06485941 2.00774 Tracked 64073553
-0.003222913 0.008432944 2.012024 Tracked 64073586
-0.01874731 -0.06868294 2.003472 Tracked 64073619
-0.01612308 -0.09358962 2.009423 Tracked 64073653
-0.05210461 -0.1147952 2.004842 Tracked 64073685
0.06084334 -0.1473028 2.010188 Tracked 64073718
0.05895662 -0.1699418 1.995872 Tracked 64073753
0.05724385 -0.1759895 1.994136 Tracked 64073785
0.05508946 -0.1830133 1.992639 Tracked 64073819
0.05484437 -0.1837405 1.992569 Tracked 64073852
0.05474307 -0.1840369 1.992264 Tracked 64073885
0.06598026 -0.1550845 1.988198 Tracked 64073918
0.06526463 -0.145468 1.988544 Tracked 64073952
0.03137238 -0.07218206 2.01471 Tracked 64073986
0.0182323 -0.008571625 2.02435 Tracked 64074019
0.01775713 -0.006652303 2.024052 Tracked 64074053
0.002333221 0.06202371 2.029002 Tracked 64074086
0.003536541 0.0852598 2.02491 Tracked 64074119
0.006687807 0.1406178 2.027376 Tracked 64074153
0.01467029 0.1906503 2.029483 Tracked 64074187
0.01309508 0.2102106 2.029089 Tracked 64074219
0.01093973 0.2152226 2.022568 Tracked 64074254
0.0115423 0.2412651 2.014271 Tracked 64074285
0.01075918 0.2607124 2.012893 Tracked 64074319
0.01055335 0.2742443 2.012846 Tracked 64074353
0.01138001 0.2893448 2.012439 Tracked 64074387
0.01159079 0.2993044 2.012962 Tracked 64074419
0.01229557 0.3041812 2.013809 Tracked 64074453
0.01289177 0.3070703 2.013859 Tracked 64074486
0.01319199 0.3093246 2.014649 Tracked 64074519
0.01325997 0.3105025 2.015375 Tracked 64074553
0.01322156 0.3111415 2.015847 Tracked 64074587
0.01302053 0.3115807 2.016297 Tracked 64074619
0.0126584 0.3118567 2.016585 Tracked 64074653
0.01233618 0.3120009 2.016973 Tracked 64074686
0.01213308 0.3120001 2.017262 Tracked 64074719
0.01155827 0.3121095 2.017421 Tracked 64074753
0.0112197 0.3121324 2.017448 Tracked 64074786
0.01089767 0.3121989 2.017391 Tracked 64074819
0.01035935 0.3123449 2.0173 Tracked 64074854
0.009761948 0.3126856 2.016984 Tracked 64074886
0.008937581 0.3132647 2.015996 Tracked 64074919
0.008166112 0.31409 2.014679 Tracked 64074954
0.007361074 0.3150147 2.013731 Tracked 64074986
0.006710751 0.3158361 2.012372 Tracked 64075020
0.005688328 0.3162138 2.00971 Tracked 64075054
0.004483561 0.315223 2.006701 Tracked 64075086
0.003490073 0.3108152 2.003464 Tracked 64075119
0.00199562 0.2977036 1.999063 Tracked 64075153
-0.0006704996 0.2751993 1.994611 Tracked 64075186
-0.001334382 0.2378719 1.993126 Tracked 64075220
-0.003211938 0.203417 1.995365 Tracked 64075253
-0.001940881 0.1989495 2.00215 Tracked 64075286
0.001117382 0.1560952 2.01003 Tracked 64075320
-0.001801554 0.1259215 2.011298 Tracked 64075353
-0.002937071 0.07136889 2.009618 Tracked 64075387
-0.00497522 0.05471383 2.011902 Tracked 64075419
-0.0150219 -0.01817112 2.011564 Tracked 64075453
0.004398511 -0.082449 2.012003 Tracked 64075486
-0.02574492 -0.1262728 1.997813 Tracked 64075519
-0.02601526 -0.12619 1.998205 Tracked 64075552
-0.02606846 -0.1346916 2.001737 Tracked 64075586
-0.02338269 -0.07464837 2.028284 Tracked 64075619
-0.02465314 -0.07967426 2.023312 Tracked 64075653
-0.03462417 -0.1244408 2.009222 Tracked 64075686
-0.02868451 -0.1484756 1.997516 Tracked 64075719
-0.02286589 -0.1232788 2.007144 Tracked 64075753
-0.007142034 -0.1273116 2.005083 Tracked 64075786
-0.02070489 -0.1179931 2.007826 Tracked 64075818
-0.02786104 -0.0835838 2.01479 Tracked 64075854
-0.00776235 -0.06747748 2.013615 Tracked 64075886
-0.0005865697 0.0200897 2.026181 Tracked 64075919
0.002857624 0.03029873 2.024697 Tracked 64075953
0.007255306 0.06378616 2.020581 Tracked 64075986
0.009112836 0.0973568 2.020801 Tracked 64076019
0.008470669 0.1660959 2.037248 Tracked 64076054
0.008176654 0.1945957 2.040265 Tracked 64076086
0.006239893 0.2291897 2.046619 Tracked 64076119
0.005565613 0.229027 2.04164 Tracked 64076153
0.004780537 0.2485466 2.045977 Tracked 64076186
0.004464812 0.255662 2.049461 Tracked 64076220
0.004274071 0.2723099 2.053037 Tracked 64076254
0.00398237 0.2804325 2.045242 Tracked 64076286
0.006866397 0.3001814 2.038442 Tracked 64076320
0.007567982 0.3028911 2.037787 Tracked 64076353
0.008070854 0.3048281 2.037505 Tracked 64076386
0.008797797 0.3060029 2.036806 Tracked 64076420
0.009600384 0.3065744 2.036408 Tracked 64076454
0.01016603 0.3068907 2.036263 Tracked 64076486
0.01079709 0.3071016 2.03587 Tracked 64076519
0.01161612 0.3071921 2.035585 Tracked 64076553
0.01215764 0.3071204 2.035292 Tracked 64076586
0.01295553 0.3069412 2.034881 Tracked 64076619
0.01334611 0.3068331 2.03486 Tracked 64076653
0.01405666 0.3066843 2.034685 Tracked 64076686
0.01444399 0.3066334 2.034733 Tracked 64076719
0.01467077 0.3066732 2.034816 Tracked 64076753
0.01477551 0.3068342 2.034899 Tracked 64076786
0.01491499 0.3070756 2.035343 Tracked 64076819
0.0149224 0.3075738 2.035725 Tracked 64076854
0.01424586 0.3097554 2.037713 Tracked 64076886
0.01385663 0.3105028 2.038312 Tracked 64076919
0.01347369 0.3110604 2.03873 Tracked 64076953
0.01294436 0.3113981 2.039256 Tracked 64076986
0.01203377 0.3108339 2.039688 Tracked 64077019
0.009764977 0.3051284 2.03986 Tracked 64077053
0.005787019 0.2874951 2.040911 Tracked 64077087
0.003848448 0.2583374 2.040355 Tracked 64077120
0.002814999 0.2399577 2.033358 Tracked 64077153
0.003303017 0.2291355 2.049947 Tracked 64077186
0.00609265 0.2061228 2.057317 Tracked 64077220
0.003835376 0.1570827 2.058248 Tracked 64077268
0.004939575 0.1276121 2.055737 Tracked 64077287
0.005117706 0.08223796 2.051737 Tracked 64077320
-0.01813293 0.02711323 2.044569 Tracked 64077354
-0.03336935 -0.05038295 2.032214 Tracked 64077386
-0.03274184 -0.05059745 2.035687 Tracked 64077419
-0.03864406 -0.1033832 2.042495 Tracked 64077453
-0.03593557 -0.1092927 2.04025 Tracked 64077486
-0.0351497 -0.08817047 2.040393 Tracked 64077520
-0.03542515 -0.06833301 2.035495 Tracked 64077553
-0.03209743 -0.06998229 2.034561 Tracked 64077586
-0.02772739 -0.07057593 2.036973 Tracked 64077619
-0.0297191 -0.1349283 2.018173 Tracked 64077653
-0.03046781 -0.08035515 2.040041 Tracked 64077686
-0.03267568 -0.06551991 2.042016 Tracked 64077719
-0.03179565 -0.0458301 2.04136 Tracked 64077753
-0.01941744 -0.03390528 2.03409 Tracked 64077786
